1 36 30 37
2 72 26 39
3 77 43 53
4 42 50 61
5 1 10 12
6 26 34 51
7 72 40 49
8 50 31 33
9 11 44 53
10 42 0 3
11 15 30 44
12 15 43 51
13 41 9 17
14 96 40 50
15 73 35 42
16 65 41 48
17 70 48 63
18 36 42 49
19 24 33 34
20 98 2 18
21 85 16 31
22 59 18 34
23 80 18 30
24 42 34 43
25 87 23 39
26 26 23 24
27 41 34 51
28 13 27 35
29 61 5 12
30 82 38 38
31 93 19 32
32 87 38 52
33 69 33 41
34 24 19 19
35 52 11 21
36 18 40 51
37 25 42 60
38 10 16 32
39 29 49 57
40 101 23 33
41 30 10 13
42 96 50 60
43 73 31 41
44 58 13 16
45 94 19 39
46 47 32 36
47 44 16 35
48 83 41 59
49 60 39 55
50 98 40 52
51 67 30 40
52 12 21 30
53 59 38 57
54 87 11 23
55 49 2 14
56 35 47 50
57 72 50 52
58 49 20 34
59 85 47 61
60 60 6 16
61 78 12 21
62 98 6 10
63 7 38 49
64 47 11 29
65 25 1 2
66 14 4 5
67 7 42 49
68 50 47 54
69 81 2 20
70 14 2 12
71 16 47 52
72 12 14 34
73 7 43 59
74 56 3 16
75 51 27 27
76 26 19 38
77 20 16 25
78 51 17 30
79 34 20 29
80 13 14 20
81 30 6 16
82 58 21 34
83 20 14 17
84 15 5 9
85 30 22 28
86 33 42 47
87 92 35 51
88 18 30 30
89 68 35 40
90 26 25 31
91 57 17 25
92 2 24 37
93 46 34 46
94 55 44 51
95 43 15 20
96 7 36 39
97 59 48 55
98 36 10 10
99 28 16 30
100 72 34 42
101 52 17 17
102 62 33 33
103 3 43 58
104 63 14 23
105 8 14 18
106 69 30 48
107 88 0 15
108 69 31 48
109 64 45 60
110 48 45 52
111 9 28 36
112 81 45 59
113 43 30 41
114 71 28 42
115 69 33 52
116 90 45 60
117 35 37 41
118 10 39 47
119 65 12 30
120 19 44 48
121 25 10 24
122 22 37 47
123 72 8 22
124 25 34 39
125 98 21 41
126 91 23 43
127 16 40 54
128 45 41 41
129 91 47 63
130 9 6 21
131 18 29 46
132 29 33 44
133 40 14 30
134 92 19 32
135 20 45 51
136 38 10 11
137 17 39 43
138 53 28 46
139 48 35 48
140 72 45 49
141 32 13 24
142 58 49 58
143 10 19 34
144 28 5 22
145 49 48 62
146 12 3 19
147 67 38 42
148 31 4 20
149 4 19 31
150 94 25 42
151 7 39 58
152 73 38 47
153 11 6 20
154 4 29 30
155 96 40 48
156 64 29 48
157 90 23 38
158 76 50 67
159 9 23 27
160 56 34 46
161 88 30 50
162 89 5 14
163 43 40 42
164 44 16 29
165 100 15 18
166 86 29 36
167 76 36 50
168 78 20 35
169 70 36 36
170 98 10 22
171 87 20 31
172 79 37 45
173 3 10 14
174 61 41 57
175 96 41 52
176 52 16 27
177 24 9 26
178 66 9 12
179 85 2 21
180 11 6 13
181 92 12 31
182 40 25 28
183 50 10 29
184 20 43 60
185 63 28 34
186 8 41 48
187 45 39 48
188 95 28 36
189 86 13 14
190 34 43 47
191 6 7 21
192 33 41 42
193 83 26 46
194 51 20 37
195 5 14 31
196 6 33 50
197 0 45 49
198 91 11 27
199 12 34 42
200 62 44 58
201 32 26 43
202 90 30 45
203 24 46 61
204 27 12 17
205 5 18 34
206 82 44 46
207 68 31 48
208 94 23 32
209 22 30 50
210 68 19 37
211 63 37 48
212 61 5 6
213 92 43 59
214 12 1 13
215 73 44 54
216 31 30 48
217 22 28 34
218 10 18 32
219 93 23 33
220 74 13 16
221 47 28 33
222 31 5 11
223 25 6 7
224 33 34 42
225 16 39 56
226 61 23 24
227 77 7 26
228 34 38 41
229 87 5 6
230 48 49 55
231 91 10 15
232 20 43 62
233 70 11 22
234 91 33 49
235 74 29 29
236 41 24 44
237 97 22 38
238 5 49 52
239 4 2 20
240 54 1 5
241 27 4 15
242 7 32 40
243 99 16 21
244 4 16 24
245 13 0 14
246 18 15 25
247 30 45 59
248 53 22 36
249 91 47 66
250 67 23 39
251 30 18 37
252 80 6 18
253 5 46 47
254 57 20 22
255 54 10 11
256 97 34 53
257 75 14 23
258 62 1 9
259 16 41 49
260 42 2 4
261 73 33 50
262 14 30 30
263 67 18 30
264 93 26 41
265 44 41 49
266 24 27 27
267 31 18 34
268 97 22 40
269 21 36 50
270 12 16 33
271 42 46 49
272 101 2 3
273 35 21 28
274 70 33 35
275 40 9 16
276 64 37 50
277 26 11 11
278 26 37 47
279 2 12 30
280 0 11 25
281 30 35 44
282 7 49 57
283 42 23 43
284 94 35 55
285 41 12 32
286 26 45 49
287 67 18 19
288 8 26 32
289 49 2 3
290 1 1 15
291 73 11 30
292 71 8 24
293 49 23 27
294 78 12 18
295 32 27 44
296 13 27 44
297 89 28 41
298 76 4 21
299 39 17 36
300 4 25 40
301 64 35 42
302 20 35 35
303 37 12 24
304 24 3 16
305 13 20 33
306 82 38 45
307 12 42 44
308 77 46 50
309 17 40 41
310 80 18 25
311 19 20 30
312 67 13 33
313 16 33 36
314 18 49 64
315 41 6 25
316 12 12 19
317 13 35 50
318 38 30 46
319 21 40 54
320 94 41 57
321 10 42 61
322 28 47 55
323 85 39 52
324 95 11 17
325 78 46 54
326 13 16 26
327 62 45 60
328 59 4 8
329 21 42 59
330 96 15 18
331 10 2 7
332 93 44 59
333 1 40 48
334 75 11 11
335 89 48 53
336 57 28 28
337 12 37 39
338 4 44 61
339 51 44 44
340 55 35 37
341 80 25 39
342 53 19 21
343 4 33 52
344 16 28 37
345 25 21 37
346 42 39 39
347 81 7 7
348 22 49 65
349 42 4 12
350 25 32 52
351 72 23 26
352 72 9 23
353 39 13 33
354 41 31 32
355 65 35 51
356 14 36 46
357 24 35 51
358 89 38 56
359 75 6 8
360 31 25 45
361 71 34 35
362 11 42 49
363 26 44 60
364 62 44 56
365 84 39 57
366 66 49 65
367 86 42 42
368 55 28 37
369 80 5 25
370 50 29 47
371 93 24 28
372 60 14 14
373 19 24 43
374 94 3 10
375 29 20 28
376 49 25 40
377 67 45 55
378 16 15 18
379 80 9 11
380 43 28 40
381 36 0 0
382 64 7 9
383 18 37 52
384 50 26 26
385 85 43 53
386 74 6 17
387 18 44 49
388 63 23 35
389 92 23 25
390 0 1 1
391 96 41 42
392 75 3 4
393 51 8 12
394 39 6 19
395 59 9 26
396 40 33 40
397 93 28 38
398 65 21 41
399 100 11 24
400 84 24 37
401 60 20 29
402 47 17 25
403 66 30 42
404 4 26 39
405 36 41 55
406 48 25 42
407 44 15 17
408 24 11 11
409 7 15 33
410 63 47 52
411 64 27 30
412 91 16 22
413 86 24 29
414 30 46 52
415 70 6 10
416 2 3 16
417 57 28 38
418 19 46 58
419 60 16 33
420 41 38 47
421 0 38 48
422 22 42 45
423 75 11 19
424 46 5 14
425 65 35 40
426 57 30 39
427 77 15 26
428 65 29 49
429 29 35 52
430 32 2 21
431 100 39 59
432 22 27 32
433 53 6 24
434 90 31 34
435 3 29 37
436 0 22 30
437 42 39 55
438 98 49 62
439 58 20 23
440 67 6 19
441 71 31 48
442 68 23 34
443 76 20 32
444 73 33 40
445 74 37 55
446 74 38 43
447 4 23 30
448 74 41 47
449 18 44 44
450 33 13 22
451 52 23 34
452 41 20 31
453 68 50 66
454 25 8 17
455 37 41 61
456 10 42 58
457 57 42 43
458 34 7 19
459 56 10 22
460 67 28 35
461 3 7 13
462 56 10 14
463 99 40 46
464 48 41 52
465 66 22 23
466 71 5 21
467 54 16 30
468 20 27 32
469 54 25 45
470 44 7 25
471 64 13 26
472 55 8 17
473 74 15 22
474 45 5 20
475 53 13 22
476 43 21 22
477 63 22 41
478 99 28 36
479 15 0 17
480 92 40 44
481 17 20 24
482 50 21 26
483 9 12 13
484 61 28 33
485 76 18 27
486 77 20 29
487 9 8 12
488 5 28 42
489 96 37 54
490 8 23 37
491 90 36 43
492 6 45 61
493 78 13 19
494 6 22 39
495 99 1 6
496 28 38 43
497 75 2 6
498 18 44 59
499 54 23 41
500 84 11 15
501 12 37 44
502 56 49 61
503 74 7 26
504 15 28 33
505 94 25 29
506 55 27 40
507 91 9 9
508 64 38 53
509 98 26 41
510 61 34 41
511 15 30 38
512 16 20 40
513 67 28 34
514 41 9 13
515 13 38 46
516 10 36 56
517 54 45 62
518 54 17 34
519 83 34 35
520 101 49 62
521 36 22 37
522 61 34 41
523 92 24 24
524 68 27 44
525 32 50 67
526 34 42 47
527 92 25 37
528 70 24 29
529 15 10 29
530 7 6 21
531 28 45 60
532 18 35 48
533 85 4 22
534 69 36 53
535 10 35 52
536 86 48 65
537 24 3 18
538 62 2 10
539 50 48 64
540 89 14 34
541 53 11 11
542 75 28 33
543 18 44 61
544 84 13 30
545 100 50 65
546 45 40 53
547 64 35 43
548 82 43 63
549 72 49 50
550 3 45 56
551 74 40 54
552 33 2 3
553 17 13 21
554 1 49 55
555 4 34 39
556 45 44 62
557 28 2 2
558 47 38 53
559 22 22 40
560 92 49 54
561 8 16 33
562 101 23 28
563 44 29 47
564 54 31 32
565 49 4 24
566 62 13 22
567 60 40 46
568 96 14 24
569 24 28 29
570 94 44 44
571 17 18 32
572 59 14 31
573 67 17 17
574 98 25 34
575 89 24 33
576 61 47 52
577 84 10 16
578 18 39 47
579 45 10 27
580 97 14 15
581 6 30 50
582 22 21 34
583 54 22 35
584 95 47 54
585 88 26 38
586 101 27 35
587 77 39 47
588 64 37 56
589 28 43 63
590 31 49 69
591 16 37 54
592 29 10 19
593 93 17 34
594 0 6 19
595 76 17 26
596 20 5 5
597 49 30 35
598 32 50 67
599 36 48 63
600 95 8 16
601 11 33 50
602 79 10 24
603 99 20 23
604 12 39 55
605 76 43 57
606 100 36 44
607 100 18 27
608 68 18 37
609 101 2 14
610 10 41 51
611 76 43 48
612 89 40 52
613 70 3 7
614 60 24 39
615 10 12 25
616 46 24 44
617 53 46 48
618 99 5 20
619 98 33 34
620 54 5 24
621 19 1 20
622 40 2 17
623 39 20 26
624 34 44 48
625 44 44 47
626 20 43 45
627 38 18 33
628 34 45 59
629 41 37 41
630 95 13 21
631 100 13 19
632 22 6 12
633 61 7 25
634 22 37 51
635 20 12 13
636 86 35 38
637 45 32 46
638 28 46 61
639 51 4 4
640 35 22 35
641 77 36 44
642 40 26 41
643 18 49 61
644 16 3 9
645 39 34 45
646 34 26 41
647 29 23 34
648 92 14 24
649 63 16 36
650 32 14 26
651 8 37 48
652 43 34 46
653 21 38 42
654 25 49 65
655 90 8 18
656 21 30 48
657 89 16 36
658 0 22 32
659 66 19 36
660 25 38 41
661 33 31 36
662 63 32 34
663 21 27 46
664 18 44 50
665 67 33 38
666 60 37 42
667 92 31 40
668 100 47 61
669 51 14 27
670 78 25 29
671 66 16 20
672 39 43 61
673 58 5 17
674 55 5 17
675 39 12 22
676 43 20 23
677 29 13 19
678 68 25 29
679 50 11 13
680 63 24 35
681 61 16 35
682 53 44 48
683 81 35 53
684 45 24 41
685 4 7 13
686 86 19 27
687 44 5 14
688 62 10 12
689 55 43 56
690 80 12 14
691 30 6 7
692 98 28 35
693 9 46 66
694 70 26 43
695 40 28 36
696 44 5 19
697 70 48 51
698 15 10 23
699 30 12 19
700 27 23 40
701 31 8 21
702 26 24 30
703 48 16 20
704 21 5 24
705 57 10 23
706 28 42 50
707 85 31 34
708 61 22 41
709 57 13 13
710 9 5 15
711 51 42 52
712 56 6 11
713 55 4 10
714 57 32 49
715 41 37 39
716 43 14 19
717 93 6 13
718 98 26 28
719 47 32 48
720 2 36 53
721 15 42 50
722 26 11 30
723 57 1 3
724 52 46 52
725 13 39 45
726 99 29 45
727 1 13 27
728 100 17 31
729 89 48 60
730 12 11 24
731 13 48 56
732 72 1 4
733 60 19 32
734 10 3 10
735 10 41 47
736 14 39 46
737 84 29 36
738 55 29 41
739 34 10 24
740 28 3 21
741 59 11 12
742 15 50 65
743 86 14 23
744 78 42 56
745 42 13 31
746 96 14 27
747 7 7 23
748 1 14 15
749 27 8 12
750 32 40 43
751 100 40 55
752 69 32 50
753 52 41 58
754 24 22 31
755 9 48 61
756 100 50 52
757 93 37 42
758 69 5 18
759 34 23 40
760 77 44 45
761 24 0 11
762 27 29 43
763 91 2 6
764 60 25 28
765 56 36 41
766 47 2 12
767 43 39 58
768 74 33 35
769 24 6 7
770 8 32 44
771 63 9 18
772 5 28 43
773 32 41 43
774 2 40 50
775 81 3 7
776 88 43 52
777 1 3 9
778 5 22 37
779 63 32 34
780 67 5 13
781 17 44 61
782 22 26 39
783 51 23 42
784 100 40 41
785 46 46 64
786 97 14 30
787 69 21 38
788 81 9 10
789 38 36 47
790 87 7 23
791 38 14 23
792 57 34 52
793 51 7 21
794 24 39 49
795 40 23 24
796 61 38 45
797 10 5 24
798 54 39 41
799 53 32 45
800 68 33 50
801 90 7 20
802 7 34 50
803 11 8 17
804 48 2 19
805 69 0 11
806 1 24 36
807 15 2 5
808 70 16 17
809 43 6 15
810 74 36 44
811 54 20 36
812 10 3 16
813 13 7 25
814 66 4 11
815 60 28 48
816 20 2 16
817 0 20 30
818 19 7 16
819 91 43 48
820 3 2 6
821 25 26 30
822 50 19 34
823 16 4 7
824 75 49 52
825 95 42 62
826 55 40 40
827 93 7 14
828 81 34 54
829 38 25 42
830 32 2 8
831 75 30 35
832 23 9 20
833 76 47 52
834 83 14 23
835 80 30 42
836 56 50 55
837 95 11 21
838 91 32 47
839 7 44 64
840 98 5 17
841 26 47 47
842 31 45 55
843 0 20 39
844 54 7 11
845 98 50 63
846 19 3 13
847 56 45 48
848 101 17 33
849 6 40 41
850 37 41 47
851 30 27 34
852 16 49 52
853 78 32 42
854 68 20 37
855 26 36 52
856 84 29 46
857 80 39 54
858 79 20 36
859 71 22 25
860 61 12 14
861 21 12 12
862 22 16 18
863 30 41 51
864 17 6 14
865 30 50 70
866 73 5 6
867 59 34 42
868 100 22 31
869 43 2 9
870 26 8 19
871 84 35 39
872 56 27 43
873 42 12 25
874 77 17 34
875 101 37 40
876 79 33 35
877 43 1 17
878 67 7 15
879 1 41 55
880 101 24 33
881 28 21 32
882 78 47 62
883 8 14 14
884 73 9 28
885 67 6 10
886 36 4 15
887 65 19 31
888 29 11 27
889 12 38 49
890 28 14 33
891 92 42 52
892 4 45 47
893 101 31 47
894 86 1 21
895 93 47 66
896 41 49 58
897 38 0 0
898 9 47 57
899 85 37 55
900 7 47 47
901 22 5 23
902 7 30 39
903 7 22 32
904 101 2 9
905 45 45 48
906 99 20 28
907 72 35 41
908 44 29 35
909 0 12 25
910 52 1 12
911 78 34 44
912 54 3 10
913 11 17 24
914 78 39 49
915 24 47 50
916 38 12 31
917 76 12 28
918 65 23 26
919 47 41 61
920 86 35 38
921 16 33 43
922 84 35 45
923 94 1 10
924 51 47 50
925 41 15 26
926 90 39 44
927 48 39 58
928 8 12 21
929 47 8 9
930 81 31 31
931 61 47 58
932 86 5 17
933 78 39 45
934 75 41 54
935 26 4 13
936 74 36 52
937 40 26 45
938 20 37 55
939 95 34 38
940 66 20 29
941 59 38 47
942 99 24 33
943 65 7 15
944 101 42 51
945 17 38 57
946 59 23 31
947 39 17 21
948 65 26 31
949 12 15 24
950 84 38 43
951 80 33 36
952 51 44 44
953 90 41 61
954 55 21 37
955 2 17 25
956 16 49 63
957 20 33 48
958 59 3 14
959 20 43 43
960 57 17 19
961 20 20 36
962 92 2 9
963 70 38 57
964 2 27 30
965 73 26 38
966 71 7 25
967 35 29 40
968 77 15 33
969 74 14 25
970 30 32 49
971 18 25 35
972 14 3 19
973 44 41 46
974 84 35 41
975 34 3 4
976 100 32 46
977 36 40 48
978 29 7 22
979 87 11 24
980 60 15 21
981 74 16 18
982 52 42 56
983 40 5 16
984 28 44 46
985 58 13 23
986 93 16 34
987 24 22 42
988 23 31 36
989 38 3 20
990 77 13 27
991 71 35 42
992 11 32 52
993 70 28 42
994 36 21 26
995 100 33 42
996 30 27 30
997 33 36 56
998 61 12 24
999 26 40 42
1000 98 0 0
