1 76 43 45
2 61 18 26
3 49 32 36
4 35 20 24
5 17 48 52
6 44 3 17
7 16 23 35
8 92 14 15
9 28 41 57
10 88 13 28
11 100 37 54
12 98 49 55
13 97 23 33
14 101 5 13
15 26 39 47
16 14 12 22
17 45 32 43
18 41 3 10
19 98 48 58
20 62 5 5
21 52 1 21
22 56 32 52
23 5 17 19
24 65 10 20
25 68 32 35
26 64 14 15
27 13 36 43
28 60 19 28
29 67 48 57
30 47 44 56
31 27 14 20
32 2 36 47
33 53 5 20
34 28 31 50
35 95 41 43
36 67 14 21
37 9 47 60
38 86 42 44
39 91 47 67
40 92 30 42
41 74 14 28
42 74 9 9
43 89 43 53
44 47 43 46
45 78 24 27
46 26 39 49
47 41 13 21
48 52 28 44
49 14 25 31
50 4 40 40
51 29 47 61
52 12 43 63
53 65 30 34
54 17 41 53
55 82 16 25
56 16 26 41
57 35 9 10
58 33 9 26
59 93 12 27
60 33 23 36
61 88 24 35
62 100 17 18
63 29 13 26
64 13 8 11
65 81 24 25
66 100 32 36
67 58 19 31
68 41 2 20
69 66 14 14
70 61 32 49
71 32 30 34
72 87 34 46
73 19 21 29
74 55 35 44
75 36 36 47
76 40 43 46
77 71 38 41
78 62 48 51
79 22 33 38
80 92 39 55
81 64 38 39
82 31 8 17
83 41 13 29
84 79 46 61
85 63 7 12
86 79 48 60
87 98 26 36
88 80 14 31
89 11 45 65
90 21 34 53
91 15 48 48
92 17 39 46
93 72 43 56
94 96 42 43
95 10 34 43
96 57 23 36
97 51 36 54
98 33 19 20
99 86 30 50
100 54 3 6
101 35 25 28
102 35 8 16
103 96 26 43
104 87 6 25
105 63 1 14
106 63 48 58
107 50 2 19
108 84 19 24
109 20 25 34
110 101 35 52
111 91 7 15
112 87 11 30
113 80 8 12
114 34 36 49
115 7 37 44
116 19 44 64
117 63 15 32
118 11 40 49
119 67 36 52
120 76 24 39
121 59 29 44
122 68 27 34
123 93 13 24
124 55 22 27
125 92 19 32
126 75 7 18
127 74 6 25
128 86 5 7
129 14 27 39
130 2 30 31
131 28 15 21
132 87 0 15
133 67 14 23
134 73 27 42
135 42 1 15
136 21 24 25
137 85 44 48
138 60 49 56
139 49 21 29
140 76 22 22
141 70 20 22
142 34 44 60
143 91 31 33
144 26 22 23
145 53 40 44
146 53 23 33
147 65 18 18
148 62 2 5
149 95 29 31
150 7 45 47
151 15 24 27
152 92 37 45
153 55 22 33
154 83 35 48
155 26 1 12
156 22 0 5
157 10 3 20
158 63 6 10
159 50 11 23
160 34 11 11
161 95 49 52
162 62 38 45
163 15 40 50
164 66 49 51
165 54 38 51
166 88 37 41
167 52 25 45
168 6 20 23
169 60 10 24
170 1 9 18
171 58 33 53
172 61 41 58
173 3 7 19
174 1 7 12
175 6 18 37
176 3 14 21
177 57 27 38
178 66 44 53
179 38 4 4
180 18 31 43
181 11 50 66
182 40 28 35
183 66 15 17
184 73 21 31
185 77 29 48
186 53 41 46
187 67 17 25
188 3 38 42
189 56 28 38
190 78 34 49
191 67 9 20
192 38 39 58
193 41 44 44
194 68 13 13
195 1 8 24
196 88 28 38
197 2 45 51
198 79 42 50
199 32 4 5
200 14 0 8
201 58 27 47
202 32 20 27
203 53 10 19
204 98 50 64
205 26 31 36
206 20 21 35
207 33 1 18
208 71 21 21
209 89 30 32
210 29 6 10
211 22 19 39
212 82 31 42
213 96 26 38
214 31 32 49
215 82 49 53
216 61 37 42
217 53 42 47
218 48 26 30
219 55 5 8
220 72 5 12
221 60 21 32
222 32 27 32
223 44 44 48
224 62 1 14
225 54 29 35
226 59 31 45
227 68 2 22
228 57 15 16
229 71 10 29
230 91 23 41
231 27 12 30
232 28 46 47
233 48 40 60
234 54 13 28
235 27 2 21
236 75 7 9
237 3 18 23
238 5 43 54
239 76 24 40
240 60 7 7
241 60 31 41
242 87 49 52
243 79 41 47
244 23 36 44
245 41 50 66
246 66 14 14
247 30 6 6
248 75 24 30
249 70 9 18
250 89 11 15
251 17 37 37
252 77 31 33
253 59 22 34
254 10 47 48
255 64 37 49
256 6 17 33
257 91 5 20
258 44 33 46
259 16 19 32
260 20 47 57
261 5 4 12
262 89 47 59
263 24 38 53
264 35 40 50
265 0 2 16
266 26 10 21
267 93 50 55
268 17 17 23
269 82 14 17
270 32 38 53
271 81 18 33
272 73 17 25
273 9 21 39
274 17 29 42
275 101 41 45
276 1 21 22
277 35 5 16
278 101 31 41
279 49 38 48
280 82 20 38
281 23 19 21
282 45 41 41
283 39 31 45
284 15 0 11
285 6 2 8
286 20 15 15
287 78 36 46
288 44 13 14
289 64 1 14
290 42 49 56
291 44 21 30
292 97 9 24
293 1 22 39
294 5 24 30
295 101 37 50
296 45 2 18
297 33 0 13
298 59 21 21
299 22 18 21
300 61 13 24
301 44 18 19
302 95 23 35
303 55 21 30
304 26 13 30
305 71 33 37
306 57 10 19
307 26 38 43
308 11 8 8
309 54 36 37
310 33 28 31
311 91 22 27
312 63 41 49
313 68 31 34
314 55 19 24
315 22 1 21
316 4 48 50
317 98 43 56
318 62 29 29
319 4 27 44
320 89 0 17
321 34 19 33
322 78 6 6
323 47 48 62
324 99 19 30
325 25 31 46
326 23 49 65
327 98 1 16
328 74 8 12
329 86 32 49
330 63 46 55
331 3 46 62
332 20 35 54
333 64 47 65
334 74 1 17
335 42 12 24
336 60 35 53
337 81 50 54
338 87 23 41
339 54 23 34
340 18 9 24
341 92 28 29
342 72 44 56
343 25 39 50
344 83 44 64
345 79 24 43
346 64 5 18
347 95 17 31
348 38 14 34
349 28 17 32
350 7 31 33
351 88 39 44
352 1 18 35
353 50 42 54
354 22 15 16
355 94 17 31
356 27 49 55
357 18 22 29
358 20 42 57
359 19 37 46
360 19 45 47
361 0 41 56
362 15 29 46
363 37 27 33
364 31 41 55
365 8 47 52
366 55 47 48
367 9 7 8
368 63 18 24
369 28 33 47
370 59 1 10
371 31 36 54
372 39 7 20
373 97 45 50
374 72 25 31
375 68 27 31
376 61 13 27
377 28 1 8
378 81 14 27
379 14 29 40
380 73 42 52
381 60 9 10
382 2 29 34
383 87 39 41
384 61 13 17
385 79 7 10
386 62 48 61
387 12 7 12
388 86 47 62
389 9 46 60
390 68 0 9
391 62 44 52
392 62 29 31
393 90 8 17
394 40 9 21
395 42 3 8
396 36 20 38
397 74 16 19
398 56 38 56
399 85 42 48
400 87 19 19
401 45 45 45
402 13 23 24
403 88 6 6
404 12 38 56
405 66 20 34
406 34 6 23
407 46 27 44
408 42 50 60
409 47 13 27
410 36 44 44
411 42 20 38
412 6 27 44
413 53 0 17
414 53 9 25
415 92 8 24
416 49 9 29
417 10 9 29
418 68 34 53
419 17 8 11
420 90 38 49
421 18 15 31
422 41 27 36
423 75 38 40
424 83 30 44
425 66 43 46
426 14 6 25
427 46 7 18
428 67 16 27
429 33 9 25
430 70 48 66
431 90 0 17
432 56 20 27
433 39 15 25
434 34 3 6
435 11 19 32
436 13 26 33
437 9 25 30
438 77 31 37
439 48 43 51
440 13 27 42
441 42 1 18
442 70 27 43
443 60 7 18
444 51 48 49
445 28 19 28
446 52 43 61
447 61 16 21
448 17 21 28
449 19 48 59
450 94 22 42
451 63 9 11
452 14 36 40
453 87 37 44
454 55 48 64
455 9 27 31
456 62 18 25
457 80 14 26
458 34 30 41
459 70 31 34
460 88 8 16
461 4 12 13
462 55 33 37
463 22 9 21
464 84 2 6
465 62 25 42
466 5 30 36
467 55 11 26
468 97 50 60
469 44 28 31
470 70 33 41
471 29 28 46
472 89 26 42
473 99 0 12
474 69 28 39
475 79 6 18
476 24 1 10
477 95 46 48
478 46 4 15
479 13 29 41
480 7 36 42
481 96 6 22
482 15 19 31
483 15 33 47
484 8 13 19
485 49 48 56
486 49 23 24
487 34 40 43
488 45 30 43
489 44 9 25
490 43 27 34
491 51 38 39
492 64 6 26
493 89 17 34
494 88 29 39
495 9 6 20
496 65 12 18
497 60 6 18
498 73 49 63
499 20 1 4
500 45 6 25
