1 83 34 48
2 54 26 29
3 35 18 24
4 60 30 47
5 13 12 13
6 79 15 23
7 57 49 57
8 40 50 65
9 16 30 49
10 70 42 61
11 12 37 38
12 30 18 33
13 47 49 60
14 18 43 54
15 10 45 56
16 98 26 32
17 45 8 14
18 78 31 37
19 71 19 35
20 62 16 22
21 61 50 53
22 101 41 51
23 58 48 50
24 7 12 21
25 33 11 18
26 97 11 24
27 24 27 44
28 24 14 30
29 22 32 45
30 27 45 63
31 67 26 45
32 95 32 48
33 98 1 5
34 48 44 49
35 70 9 28
36 6 26 32
37 96 45 46
38 44 15 29
39 36 2 11
40 62 27 36
41 100 30 35
42 49 14 25
43 97 14 20
44 14 7 13
45 94 11 20
46 71 20 21
47 11 37 54
48 56 15 34
49 98 6 20
50 44 12 32
51 44 38 56
52 4 11 25
53 76 41 46
54 66 23 37
55 62 14 18
56 32 34 46
57 20 3 16
58 60 47 50
59 37 26 39
60 49 32 52
61 16 12 16
62 36 1 17
63 18 30 40
64 59 39 47
65 60 21 28
66 8 19 20
67 45 32 52
68 94 30 46
69 13 45 52
70 2 15 25
71 66 27 43
72 14 24 33
73 48 19 29
74 34 21 31
75 73 1 18
76 4 45 46
77 46 17 18
78 57 25 33
79 89 5 23
80 25 32 40
81 23 38 51
82 52 23 38
83 48 9 24
84 56 17 23
85 36 17 20
86 44 14 17
87 33 41 59
88 12 15 30
89 20 15 22
90 31 41 58
91 36 43 53
92 95 44 54
93 61 38 51
94 12 9 25
95 4 50 59
96 0 11 21
97 82 46 64
98 52 41 48
99 58 40 50
100 50 26 42
101 59 8 27
102 3 16 28
103 81 14 27
104 34 16 28
105 45 48 62
106 25 5 11
107 82 5 19
108 31 26 34
109 0 39 43
110 60 43 60
111 77 30 41
112 79 36 54
113 87 40 50
114 12 3 10
115 69 15 21
116 87 46 61
117 33 18 22
118 11 17 27
119 60 6 19
120 100 17 18
121 51 2 17
122 87 16 19
123 4 35 53
124 74 9 15
125 80 37 44
126 86 11 21
127 58 29 38
128 48 12 22
129 9 10 13
130 84 46 52
131 4 28 37
132 11 20 26
133 93 10 25
134 101 0 3
135 77 6 18
136 49 8 9
137 4 45 48
138 38 32 45
139 76 32 49
140 26 6 19
141 23 47 58
142 68 9 12
143 45 2 10
144 41 17 23
145 52 18 22
146 4 19 37
147 28 1 5
148 17 25 33
149 15 26 35
150 71 31 44
151 51 14 29
152 101 48 64
153 35 37 40
154 57 10 27
155 6 14 32
156 75 5 5
157 17 46 47
158 91 42 60
159 71 37 48
160 5 46 61
161 40 16 29
162 34 20 30
163 39 15 31
164 12 35 51
165 49 33 34
166 93 11 26
167 87 39 49
168 67 22 33
169 99 29 33
170 75 41 49
171 94 20 36
172 56 14 19
173 24 34 37
174 37 5 23
175 5 40 53
176 83 12 16
177 88 19 37
178 70 35 55
179 58 49 54
180 2 41 51
181 0 19 20
182 54 27 33
183 61 17 23
184 2 14 15
185 87 48 63
186 58 47 50
187 50 50 62
188 62 38 50
189 99 8 13
190 8 15 30
191 37 4 14
192 37 12 21
193 3 0 9
194 51 8 13
195 37 45 61
196 52 46 54
197 38 38 40
198 4 16 25
199 42 16 23
200 11 24 34
201 56 16 36
202 24 28 28
203 31 27 41
204 76 33 46
205 10 1 13
206 33 10 20
207 10 19 34
208 99 23 30
209 41 17 19
210 42 10 29
211 94 26 38
212 34 47 49
213 33 44 49
214 77 15 21
215 0 5 18
216 12 21 35
217 96 32 46
218 1 20 39
219 57 49 57
220 58 47 55
221 13 24 36
222 20 36 50
223 69 15 25
224 20 35 50
225 22 21 21
226 84 35 50
227 68 28 41
228 93 5 9
229 31 2 19
230 92 19 38
231 94 4 13
232 65 48 54
233 98 40 50
234 67 21 32
235 64 49 52
236 40 13 23
237 39 7 27
238 74 23 42
239 10 38 49
240 79 34 50
241 74 34 49
242 64 26 29
243 29 36 55
244 101 1 20
245 65 1 11
246 32 17 31
247 82 48 65
248 6 0 11
249 66 8 21
250 69 14 28
251 60 29 46
252 93 25 32
253 88 4 15
254 87 45 64
255 14 20 26
256 12 49 49
257 22 42 53
258 86 42 62
259 101 10 22
260 73 38 43
261 48 27 39
262 0 44 54
263 55 4 4
264 39 48 64
265 49 46 57
266 31 16 36
267 99 9 9
268 95 17 28
269 74 42 55
270 97 41 59
271 26 8 28
272 20 14 14
273 71 13 16
274 43 27 33
275 88 29 29
276 31 27 41
277 80 15 21
278 98 48 60
279 40 2 15
280 13 5 20
281 0 24 37
282 62 29 32
283 9 34 53
284 17 37 53
285 76 24 43
286 71 27 41
287 40 38 58
288 55 13 24
289 2 7 23
290 74 48 68
291 56 19 34
292 56 50 55
293 25 38 50
294 75 43 62
295 73 30 36
296 42 6 19
297 44 2 18
298 58 45 62
299 96 46 48
300 37 4 4
301 8 34 39
302 97 38 50
303 37 48 60
304 23 13 26
305 58 20 39
306 69 15 34
307 20 23 28
308 50 16 28
309 94 45 56
310 25 7 11
311 56 30 36
312 27 24 28
313 101 45 47
314 79 2 6
315 11 7 24
316 15 40 44
317 100 28 39
318 10 21 38
319 66 47 59
320 53 19 20
321 21 20 24
322 72 25 39
323 46 9 14
324 19 37 42
325 39 49 57
326 49 38 48
327 57 2 6
328 8 23 41
329 42 28 32
330 62 43 60
331 42 35 50
332 69 21 40
333 96 17 32
334 3 12 12
335 1 9 25
336 73 26 39
337 14 9 13
338 55 9 27
339 48 27 43
340 35 31 37
341 37 16 27
342 42 11 21
343 64 12 16
344 17 25 28
345 13 15 33
346 41 2 15
347 96 6 14
348 16 49 67
349 92 4 18
350 59 7 15
351 14 14 24
352 17 27 42
353 70 18 33
354 25 14 19
355 19 27 38
356 84 19 21
357 28 46 53
358 58 24 30
359 71 27 27
360 27 6 12
361 17 39 54
362 33 6 26
363 98 30 43
364 10 26 30
365 101 21 33
366 76 2 5
367 33 47 55
368 58 27 28
369 79 32 48
370 94 32 36
371 13 25 36
372 66 32 51
373 86 50 61
374 31 43 57
375 25 23 30
376 88 34 40
377 75 20 30
378 84 41 42
379 66 15 33
380 58 1 10
381 25 31 47
382 80 19 31
383 60 39 53
384 15 14 19
385 32 37 55
386 54 7 12
387 4 5 24
388 28 11 26
389 32 2 9
390 37 41 47
391 62 30 42
392 35 41 57
393 49 48 61
394 59 28 45
395 46 28 31
396 10 34 41
397 28 31 32
398 5 29 31
399 51 10 15
400 36 20 37
401 81 17 24
402 90 43 54
403 11 25 37
404 42 49 52
405 52 29 30
406 73 33 48
407 82 10 29
408 70 7 22
409 1 16 36
410 11 22 32
411 52 35 42
412 69 38 48
413 81 40 56
414 47 23 37
415 2 2 5
416 8 0 4
417 47 47 49
418 47 19 30
419 95 44 61
420 11 24 43
421 48 22 30
422 21 25 30
423 95 17 35
424 11 44 58
425 90 19 22
426 21 5 20
427 98 15 23
428 27 3 20
429 2 5 24
430 95 49 64
431 31 21 22
432 54 17 35
433 78 19 28
434 95 13 14
435 57 39 51
436 41 46 56
437 42 40 51
438 26 44 57
439 75 9 24
440 51 15 23
441 27 9 23
442 54 12 28
443 66 4 8
444 15 48 50
445 27 20 38
446 63 6 23
447 75 21 27
448 64 42 49
449 64 31 40
450 78 25 42
451 79 19 22
452 49 20 27
453 85 32 41
454 91 19 26
455 51 33 52
456 18 29 44
457 3 15 23
458 4 17 34
459 43 47 65
460 54 41 51
461 75 42 47
462 13 19 30
463 50 16 24
464 44 42 42
465 71 34 42
466 54 8 25
467 80 19 28
468 100 21 29
469 48 25 41
470 44 19 21
471 0 12 15
472 41 39 39
473 18 18 28
474 2 5 7
475 10 25 29
476 63 14 22
477 18 42 51
478 51 9 13
479 23 16 32
480 67 23 27
481 3 20 28
482 22 46 51
483 13 0 17
484 23 16 18
485 46 31 41
486 8 48 61
487 51 45 61
488 52 50 58
489 56 42 52
490 76 21 25
491 101 4 18
492 62 19 38
493 83 45 52
494 23 44 53
495 59 8 16
496 91 6 21
497 7 34 49
498 54 36 55
499 71 30 46
500 57 21 32
501 25 37 38
502 7 22 24
503 25 42 49
504 68 17 25
505 10 23 31
506 0 47 57
507 3 7 17
508 18 47 67
509 19 6 15
510 46 0 4
511 16 18 18
512 34 39 57
513 92 11 27
514 19 19 21
515 84 8 17
516 69 45 63
517 52 35 47
518 82 28 37
519 58 19 33
520 34 47 52
521 41 11 21
522 35 46 60
523 90 18 25
524 89 44 49
525 72 10 10
526 53 22 30
527 88 41 46
528 53 4 12
529 68 15 24
530 85 0 1
531 46 2 17
532 5 31 43
533 30 47 48
534 78 44 48
535 26 44 48
536 74 44 54
537 19 15 31
538 83 32 52
539 22 3 7
540 67 17 36
541 3 3 14
542 21 10 25
543 82 1 13
544 46 32 40
545 1 16 26
546 83 39 40
547 55 26 44
548 86 2 15
549 27 40 41
550 51 6 25
551 56 43 60
552 94 40 46
553 11 22 25
554 67 35 49
555 93 13 25
556 100 34 50
557 41 9 28
558 86 8 11
559 49 50 57
560 33 2 3
561 43 49 67
562 38 8 17
563 19 43 62
564 76 3 6
565 82 1 4
566 8 22 28
567 32 12 29
568 98 23 42
569 82 5 20
570 0 4 7
571 73 20 29
572 14 18 38
573 52 34 34
574 52 2 10
575 42 27 44
576 88 13 31
577 20 20 28
578 49 21 38
579 26 30 43
580 18 16 29
581 37 40 44
582 100 40 59
583 98 11 16
584 37 36 41
585 63 46 62
586 49 40 53
587 15 28 35
588 100 6 22
589 13 11 24
590 58 15 22
591 29 3 12
592 64 30 30
593 76 20 25
594 40 1 12
595 92 40 54
596 88 40 47
597 95 10 11
598 23 41 52
599 42 20 36
600 36 20 35
601 26 11 14
602 73 47 62
603 74 11 11
604 73 5 7
605 81 47 67
606 56 16 33
607 41 42 61
608 31 29 48
609 63 15 20
610 76 26 30
611 90 37 43
612 10 44 56
613 26 2 22
614 21 0 20
615 26 21 33
616 39 42 55
617 93 11 21
618 68 32 44
619 58 50 65
620 1 25 43
621 57 39 59
622 32 49 53
623 22 45 50
624 14 30 43
625 28 1 10
626 70 22 40
627 18 18 29
628 97 49 53
629 30 17 29
630 62 3 22
631 35 33 33
632 60 43 54
633 71 32 33
634 10 36 36
635 79 24 43
636 34 5 16
637 58 21 26
638 27 39 46
639 19 15 24
640 34 18 34
641 33 14 22
642 30 40 51
643 16 26 42
644 32 18 38
645 39 28 34
646 37 49 68
647 89 34 42
648 60 5 18
649 46 32 38
650 72 3 10
651 53 30 49
652 19 16 28
653 81 49 67
654 29 50 50
655 96 25 39
656 10 38 52
657 19 38 46
658 90 3 3
659 78 21 33
660 54 46 65
661 18 36 41
662 66 50 68
663 57 34 41
664 85 30 42
665 71 33 34
666 16 40 50
667 8 18 27
668 83 19 31
669 75 47 60
670 80 50 61
671 101 32 49
672 14 19 39
673 26 12 32
674 38 13 32
675 24 22 33
676 90 33 52
677 70 26 42
678 24 26 43
679 72 48 58
680 65 30 35
681 43 30 39
682 34 12 13
683 62 11 29
684 81 25 38
685 36 34 49
686 75 12 12
687 36 41 55
688 14 30 42
689 11 3 19
690 4 2 10
691 97 24 41
692 33 41 56
693 38 21 39
694 79 11 13
695 45 8 18
696 37 12 31
697 67 37 43
698 22 6 13
699 76 24 41
700 94 21 27
701 49 38 44
702 65 17 22
703 60 11 15
704 25 0 1
705 82 20 22
706 2 36 49
707 4 20 35
708 98 8 26
709 6 48 59
710 10 2 18
711 4 16 28
712 26 10 19
713 22 4 19
714 56 50 66
715 16 11 18
716 11 45 59
717 99 18 22
718 7 47 50
719 58 8 23
720 7 19 31
721 43 47 48
722 75 29 31
723 60 29 40
724 32 11 20
725 89 36 41
726 32 33 46
727 1 31 45
728 22 22 29
729 83 23 31
730 17 16 16
731 17 34 46
732 94 15 16
733 94 36 51
734 56 43 49
735 23 31 35
736 45 31 39
737 39 36 45
738 8 37 37
739 37 7 18
740 48 8 9
741 3 42 52
742 15 27 41
743 36 23 29
744 87 29 29
745 25 24 29
746 55 7 9
747 45 4 24
748 68 48 56
749 4 23 27
750 75 9 12
751 28 35 55
752 0 36 46
753 39 2 14
754 28 37 42
755 48 39 42
756 51 43 60
757 33 22 41
758 10 10 20
759 6 24 28
760 92 10 29
761 90 4 7
762 89 32 48
763 5 47 59
764 92 30 42
765 18 41 50
766 36 8 22
767 57 25 42
768 13 33 42
769 54 16 16
770 11 12 13
771 48 9 26
772 60 31 40
773 83 34 38
774 85 25 42
775 41 6 15
776 42 16 31
777 80 43 45
778 49 34 37
779 80 31 51
780 46 47 59
781 65 12 15
782 44 11 29
783 12 1 8
784 27 33 44
785 40 50 55
786 57 29 30
787 40 13 26
788 23 15 16
789 90 8 25
790 6 21 29
791 60 10 19
792 40 20 25
793 99 25 32
794 30 44 52
795 20 38 38
796 96 4 6
797 26 35 49
798 1 50 60
799 68 43 55
800 56 15 32
801 89 42 52
802 43 49 65
803 66 3 23
804 70 44 56
805 55 47 49
806 37 23 28
807 81 26 28
808 63 22 40
809 40 25 40
810 41 26 34
811 45 6 10
812 47 33 53
813 67 6 6
814 14 33 39
815 71 3 14
816 87 47 50
817 16 19 22
818 9 11 24
819 50 45 62
820 2 29 29
821 101 26 44
822 52 15 35
823 75 15 28
824 16 16 17
825 2 26 44
826 58 17 31
827 57 35 38
828 10 40 47
829 89 9 23
830 22 35 40
831 91 46 47
832 14 28 32
833 35 41 45
834 27 36 49
835 5 9 27
836 86 50 65
837 43 38 39
838 67 40 41
839 23 43 45
840 48 39 53
841 60 16 24
842 64 3 22
843 40 50 56
844 61 8 14
845 53 2 3
846 24 40 48
847 50 45 46
848 56 11 15
849 29 35 45
850 24 12 20
851 34 34 53
852 4 4 6
853 19 29 33
854 58 21 29
855 50 41 61
856 30 2 3
857 56 45 52
858 81 20 34
859 63 48 48
860 24 30 44
861 85 9 21
862 40 49 67
863 81 49 50
864 42 7 23
865 34 45 65
866 91 8 9
867 13 5 24
868 40 34 42
869 98 27 41
870 54 4 20
871 48 18 19
872 42 28 35
873 9 20 20
874 101 30 33
875 31 31 47
876 79 37 42
877 3 15 34
878 15 12 16
879 83 20 33
880 87 12 13
881 62 19 21
882 92 36 47
883 75 40 43
884 83 39 40
885 66 13 27
886 77 23 41
887 84 17 33
888 39 24 32
889 94 22 38
890 96 20 29
891 57 28 43
892 44 8 23
893 28 41 46
894 63 23 34
895 74 31 39
896 19 44 45
897 81 22 42
898 27 37 42
899 81 3 18
900 101 18 28
901 91 41 53
902 30 5 19
903 16 34 37
904 67 27 31
905 85 36 36
906 89 2 5
907 79 15 33
908 81 42 56
909 71 47 66
910 64 18 27
911 68 32 40
912 71 4 24
913 38 50 54
914 14 23 29
915 30 17 21
916 78 10 19
917 79 4 19
918 12 19 37
919 34 9 25
920 4 15 33
921 52 10 17
922 91 29 32
923 51 7 19
924 60 9 19
925 4 44 56
926 2 37 52
927 74 37 49
928 48 11 24
929 10 33 41
930 60 1 8
931 89 30 47
932 96 8 15
933 68 3 13
934 27 40 60
935 96 41 47
936 81 1 18
937 93 13 15
938 70 50 51
939 78 5 17
940 60 40 40
941 56 25 34
942 73 26 26
943 0 0 8
944 31 19 35
945 7 31 44
946 77 5 7
947 12 21 26
948 62 33 53
949 72 13 13
950 9 46 59
951 33 28 29
952 45 46 50
953 17 15 23
954 20 7 16
955 30 15 25
956 20 17 28
957 44 13 14
958 16 13 33
959 11 28 43
960 8 8 15
961 10 12 14
962 1 20 22
963 64 10 16
964 50 38 52
965 19 28 33
966 6 39 48
967 18 13 16
968 50 49 50
969 84 44 48
970 91 33 48
971 97 31 49
972 21 1 10
973 9 19 24
974 59 45 54
975 82 29 34
976 16 45 59
977 4 33 41
978 93 19 38
979 35 30 32
980 33 19 27
981 82 25 35
982 77 26 38
983 22 27 37
984 46 2 7
985 0 29 45
986 14 12 17
987 63 48 50
988 99 36 37
989 100 32 52
990 53 31 50
991 100 50 50
992 67 20 29
993 7 37 57
994 88 4 19
995 78 9 26
996 60 45 61
997 45 10 19
998 45 0 13
999 93 46 48
1000 80 37 37
1001 20 38 55
1002 3 14 25
1003 4 49 64
1004 36 25 29
1005 44 16 21
1006 26 25 40
1007 88 33 37
1008 75 47 48
1009 23 27 30
1010 15 22 24
1011 95 31 34
1012 4 43 48
1013 52 7 27
1014 76 41 43
1015 41 12 18
1016 22 32 42
1017 56 42 54
1018 8 27 47
1019 53 26 32
1020 64 34 34
1021 3 30 49
1022 4 17 28
1023 42 22 38
1024 44 26 38
1025 41 45 55
1026 40 49 58
1027 58 25 41
1028 82 10 24
1029 97 23 33
1030 85 45 63
1031 83 9 29
1032 90 15 34
1033 25 0 8
1034 45 4 19
1035 18 32 50
1036 51 6 11
1037 89 42 44
1038 100 49 66
1039 24 23 39
1040 34 42 46
1041 24 23 32
1042 32 26 27
1043 35 26 37
1044 63 39 48
1045 79 5 13
1046 4 21 23
1047 62 9 9
1048 53 41 56
1049 29 17 26
1050 72 33 45
1051 26 12 31
1052 78 24 30
1053 38 15 19
1054 71 50 58
1055 58 37 47
1056 58 30 37
1057 1 25 35
1058 93 7 27
1059 53 27 44
1060 91 16 32
1061 72 12 31
1062 8 7 21
1063 65 36 46
1064 77 15 19
1065 20 5 8
1066 54 22 35
1067 40 37 53
1068 71 38 58
1069 79 14 24
1070 85 19 22
1071 24 6 21
1072 41 44 45
1073 63 15 28
1074 70 18 18
1075 4 37 50
1076 66 14 21
1077 24 32 39
1078 25 17 21
1079 59 32 49
1080 44 18 35
1081 56 45 57
1082 57 12 29
1083 0 8 13
1084 52 37 41
1085 34 9 9
1086 25 38 38
1087 88 15 27
1088 49 1 8
1089 77 3 18
1090 17 20 40
1091 56 22 29
1092 32 23 25
1093 75 45 51
1094 26 50 51
1095 47 21 36
1096 17 49 50
1097 80 3 14
1098 35 22 32
1099 45 8 25
1100 57 42 44
1101 48 19 22
1102 81 5 11
1103 79 40 50
1104 17 14 20
1105 0 23 27
1106 97 26 30
1107 4 38 49
1108 22 30 39
1109 26 40 59
1110 22 27 27
1111 64 12 16
1112 42 16 33
1113 27 24 24
1114 91 6 9
1115 1 26 38
1116 31 42 60
1117 0 37 42
1118 58 39 39
1119 95 47 48
1120 14 38 43
1121 60 4 7
1122 9 37 49
1123 4 28 36
1124 83 46 57
1125 76 42 59
1126 25 12 16
1127 34 14 29
1128 48 21 33
1129 4 38 45
1130 72 9 25
1131 21 27 30
1132 38 25 41
1133 45 4 17
1134 97 6 6
1135 30 45 58
1136 41 8 28
1137 80 17 22
1138 15 43 44
1139 83 15 33
1140 78 21 22
1141 10 32 50
1142 99 4 15
1143 30 39 54
1144 56 16 33
1145 14 49 52
1146 74 11 15
1147 42 17 17
1148 28 48 54
1149 18 37 38
1150 6 29 48
1151 15 2 18
1152 71 24 37
1153 5 21 27
1154 99 40 42
1155 51 25 43
1156 82 12 25
1157 55 34 54
1158 23 14 25
1159 18 28 28
1160 73 49 55
1161 96 29 33
1162 6 9 13
1163 3 11 22
1164 57 26 46
1165 100 42 59
1166 73 49 66
1167 6 31 32
1168 22 20 29
1169 26 32 42
1170 5 7 11
1171 9 42 52
1172 44 14 19
1173 14 20 39
1174 17 22 34
1175 80 17 32
1176 30 34 42
1177 93 46 55
1178 19 47 48
1179 94 46 57
1180 3 24 34
1181 10 26 29
1182 46 14 26
1183 99 45 56
1184 4 7 15
1185 51 49 59
1186 12 8 10
1187 18 9 18
1188 63 1 2
1189 52 48 57
1190 65 5 17
1191 31 13 17
1192 89 30 36
1193 62 18 21
1194 77 34 42
1195 63 50 53
1196 74 42 62
1197 67 15 18
1198 29 8 21
1199 37 24 39
1200 74 26 34
1201 18 45 46
1202 56 26 36
1203 52 39 50
1204 57 2 7
1205 94 30 46
1206 85 44 46
1207 25 14 31
1208 11 20 26
1209 83 0 2
1210 44 31 31
1211 15 29 38
1212 24 16 21
1213 47 37 39
1214 4 45 57
1215 70 37 47
1216 34 7 13
1217 84 7 10
1218 82 29 30
1219 53 7 16
1220 32 25 37
1221 82 13 32
1222 80 23 27
1223 64 25 26
1224 9 40 50
1225 49 19 26
1226 41 46 49
1227 50 40 42
1228 76 19 39
1229 70 47 64
1230 29 6 22
1231 3 33 45
1232 1 19 39
1233 46 4 17
1234 3 8 9
1235 22 9 20
1236 43 20 21
1237 61 45 49
1238 23 19 38
1239 19 29 37
1240 79 18 21
1241 69 12 17
1242 5 0 20
1243 92 0 18
1244 96 24 27
1245 3 42 57
1246 83 21 30
1247 22 20 27
1248 56 33 46
1249 19 10 27
1250 76 27 27
1251 70 42 61
1252 12 23 41
1253 43 21 40
1254 18 40 40
1255 70 20 28
1256 40 30 47
1257 85 5 17
1258 41 32 48
1259 48 28 47
1260 54 45 50
1261 81 4 24
1262 91 23 34
1263 101 3 14
1264 29 32 43
1265 75 22 42
1266 57 5 20
1267 83 48 62
1268 92 23 26
1269 57 19 30
1270 39 46 59
1271 34 40 42
1272 39 5 7
1273 84 44 49
1274 50 43 52
1275 8 26 33
1276 19 35 52
1277 95 1 1
1278 100 15 23
1279 78 5 18
1280 19 45 62
1281 40 34 47
1282 37 17 25
1283 25 50 59
1284 67 2 22
1285 90 45 49
1286 29 28 33
1287 23 19 36
1288 61 6 9
1289 43 7 8
1290 11 39 52
1291 71 40 55
1292 54 38 52
1293 18 28 30
1294 62 38 46
1295 67 30 35
1296 40 31 33
1297 58 48 67
1298 1 48 60
1299 29 19 37
1300 76 28 36
1301 99 30 46
1302 82 4 11
1303 10 43 58
1304 97 5 22
1305 14 21 25
1306 17 38 46
1307 86 19 27
1308 68 32 35
1309 38 12 12
1310 13 23 32
1311 98 37 47
1312 91 36 43
1313 24 44 59
1314 73 46 47
1315 92 0 16
1316 58 47 56
1317 67 2 15
1318 84 25 27
1319 86 31 43
1320 47 0 16
1321 45 4 23
1322 36 40 49
1323 94 4 10
1324 99 5 15
1325 16 0 16
1326 69 44 51
1327 41 31 34
1328 0 20 29
1329 41 20 22
1330 53 17 28
1331 73 3 9
1332 38 39 57
1333 81 43 45
1334 43 25 29
1335 65 17 21
1336 51 25 30
1337 15 28 34
1338 51 14 26
1339 20 15 35
1340 62 7 17
1341 96 11 18
1342 74 49 51
1343 87 24 41
1344 44 1 20
1345 40 19 35
1346 29 48 52
1347 80 5 20
1348 67 7 17
1349 4 49 58
1350 0 15 31
1351 80 15 24
1352 58 5 24
1353 74 21 32
1354 39 8 17
1355 84 0 7
1356 50 6 15
1357 11 4 21
1358 33 1 13
1359 76 1 16
1360 57 31 32
1361 97 5 18
1362 44 15 20
1363 72 31 51
1364 53 2 14
1365 53 35 43
1366 89 45 50
1367 19 2 5
1368 59 28 46
1369 13 19 33
1370 72 13 14
1371 94 33 45
1372 40 37 53
1373 88 3 15
1374 57 29 45
1375 75 22 42
1376 1 1 5
1377 40 21 36
1378 10 47 63
1379 17 13 19
1380 31 33 40
1381 65 13 31
1382 56 27 38
1383 74 23 40
1384 39 0 19
1385 72 43 57
1386 53 38 53
1387 97 28 39
1388 36 2 13
1389 64 22 35
1390 32 41 46
1391 49 46 65
1392 31 5 14
1393 6 8 27
1394 11 8 15
1395 46 14 18
1396 45 20 20
1397 53 45 65
1398 71 8 17
1399 11 10 23
1400 6 11 12
1401 70 27 29
1402 85 4 23
1403 43 34 49
1404 16 11 26
1405 6 2 17
1406 7 6 12
1407 85 18 30
1408 58 37 56
1409 4 25 26
1410 56 2 22
1411 66 28 46
1412 13 8 15
1413 49 17 31
1414 69 11 11
1415 97 49 54
1416 29 2 22
1417 15 8 25
1418 38 30 40
1419 95 25 41
1420 9 26 28
1421 33 30 45
1422 71 34 43
1423 95 11 23
1424 1 21 41
1425 16 47 62
1426 59 2 2
1427 44 30 43
1428 45 14 22
1429 56 28 35
1430 72 42 58
1431 28 35 55
1432 51 19 31
1433 75 13 24
1434 93 28 45
1435 27 9 18
1436 5 43 49
1437 74 50 66
1438 62 19 22
1439 22 25 36
1440 67 42 52
1441 4 24 37
1442 12 16 21
1443 79 49 68
1444 22 33 49
1445 13 36 36
1446 88 16 27
1447 34 0 2
1448 59 19 34
1449 26 46 56
1450 8 11 21
1451 43 0 9
1452 38 37 48
1453 6 19 33
1454 44 41 47
1455 1 14 20
1456 95 33 39
1457 84 6 9
1458 16 16 33
1459 29 28 42
1460 5 20 27
1461 29 27 33
1462 58 23 37
1463 27 28 30
1464 16 23 26
1465 31 33 39
1466 56 36 49
1467 73 36 40
1468 58 19 22
1469 45 16 34
1470 4 0 18
1471 83 24 44
1472 32 40 47
1473 22 1 15
1474 61 47 58
1475 56 30 43
1476 57 10 18
1477 64 15 18
1478 77 9 21
1479 30 0 0
1480 51 18 38
1481 55 28 29
1482 41 13 23
1483 8 20 33
1484 11 22 39
1485 68 5 15
1486 51 11 15
1487 71 41 50
1488 80 40 57
1489 32 14 22
1490 79 40 43
1491 101 33 37
1492 100 14 31
1493 77 9 21
1494 10 27 44
1495 20 45 58
1496 51 43 52
1497 96 35 39
1498 59 41 44
1499 82 40 45
1500 31 2 10
1501 54 47 62
1502 21 9 26
1503 67 41 51
1504 31 33 44
1505 15 46 52
1506 101 39 50
1507 25 9 18
1508 40 45 65
1509 91 8 20
1510 99 25 33
1511 85 19 28
1512 21 40 47
1513 43 40 56
1514 14 13 29
1515 33 50 56
1516 55 49 61
1517 73 2 14
1518 6 33 45
1519 101 19 29
1520 14 26 36
1521 92 10 14
1522 59 3 10
1523 85 27 43
1524 62 34 47
1525 27 26 34
1526 69 14 23
1527 64 28 38
1528 69 14 24
1529 95 10 10
1530 18 5 6
1531 73 44 57
1532 14 5 12
1533 37 8 11
1534 68 22 41
1535 99 36 48
1536 29 10 22
1537 88 23 31
1538 23 42 53
1539 33 27 42
1540 54 16 35
1541 69 18 28
1542 13 39 53
1543 19 25 30
1544 68 15 33
1545 23 48 52
1546 95 19 29
1547 92 38 57
1548 40 41 47
1549 86 20 40
1550 27 34 39
1551 26 39 53
1552 7 40 47
1553 22 48 48
1554 99 43 43
1555 36 34 48
1556 94 49 60
1557 20 47 58
1558 96 1 21
1559 89 23 27
1560 75 23 25
1561 94 11 29
1562 28 50 64
1563 10 42 54
1564 56 1 3
1565 54 18 24
1566 87 18 19
1567 91 40 53
1568 87 19 24
1569 18 33 50
1570 57 17 20
1571 74 40 49
1572 14 19 25
1573 100 2 11
1574 97 23 38
1575 33 5 12
1576 50 41 48
1577 98 26 34
1578 26 38 49
1579 73 33 53
1580 67 23 37
1581 20 13 22
1582 67 6 9
1583 44 24 38
1584 20 10 11
1585 70 5 25
1586 43 29 37
1587 22 25 32
1588 66 12 17
1589 89 24 25
1590 97 50 57
1591 30 46 61
1592 27 25 29
1593 35 38 55
1594 55 30 39
1595 63 10 12
1596 89 17 36
1597 95 48 51
1598 42 20 37
1599 22 14 34
1600 60 50 69
1601 35 4 20
1602 29 22 32
1603 82 45 60
1604 79 14 25
1605 84 41 61
1606 95 43 48
1607 15 36 40
1608 32 50 70
1609 7 29 40
1610 16 16 35
1611 10 8 15
1612 27 14 33
1613 65 50 57
1614 43 37 38
1615 34 9 23
1616 77 49 54
1617 78 11 24
1618 32 21 25
1619 87 39 57
1620 46 11 13
1621 35 23 28
1622 10 23 23
1623 2 21 30
1624 4 24 30
1625 15 35 35
1626 19 22 32
1627 73 18 22
1628 92 49 54
1629 4 30 36
1630 5 39 57
1631 48 46 66
1632 100 29 46
1633 23 25 39
1634 27 13 28
1635 29 31 46
1636 2 30 44
1637 84 36 53
1638 70 49 53
1639 6 41 58
1640 64 14 27
1641 3 31 50
1642 73 32 48
1643 5 41 41
1644 46 4 18
1645 42 17 24
1646 45 49 66
1647 15 42 50
1648 31 4 20
1649 72 48 64
1650 86 36 45
1651 71 49 53
1652 9 19 27
1653 15 40 41
1654 36 20 32
1655 2 2 13
1656 55 6 20
1657 16 29 41
1658 38 30 42
1659 95 15 17
1660 94 20 40
1661 22 10 27
1662 20 30 50
1663 53 45 65
1664 64 21 30
1665 12 15 21
1666 81 25 41
1667 69 47 64
1668 45 48 50
1669 38 46 61
1670 2 8 25
1671 37 40 46
1672 25 42 55
1673 37 38 51
1674 67 33 40
1675 5 33 51
1676 31 7 13
1677 0 6 9
1678 69 24 40
1679 4 12 18
1680 34 18 20
1681 47 21 39
1682 75 22 28
1683 66 23 26
1684 96 16 27
1685 24 40 53
1686 43 35 48
1687 58 3 7
1688 74 45 63
1689 54 28 48
1690 28 37 53
1691 61 10 26
1692 35 18 22
1693 91 11 12
1694 64 10 22
1695 70 46 55
1696 2 23 26
1697 49 6 10
1698 53 23 40
1699 0 17 25
1700 63 18 34
1701 4 49 66
1702 70 10 13
1703 42 17 20
1704 87 15 34
1705 58 2 18
1706 84 22 23
1707 21 32 36
1708 80 22 37
1709 79 9 15
1710 39 19 34
1711 36 2 8
1712 66 20 25
1713 76 8 15
1714 71 15 35
1715 22 31 49
1716 20 45 49
1717 71 30 44
1718 14 14 22
1719 17 46 60
1720 62 33 49
1721 1 46 66
1722 79 18 22
1723 44 11 31
1724 14 14 16
1725 48 13 16
1726 44 8 9
1727 77 35 41
1728 50 32 38
1729 11 14 33
1730 77 46 61
1731 58 50 50
1732 99 0 9
1733 6 43 58
1734 82 18 35
1735 15 26 35
1736 65 20 20
1737 44 36 52
1738 93 11 23
1739 10 17 22
1740 50 26 30
1741 43 27 47
1742 95 48 61
1743 52 4 10
1744 26 36 37
1745 32 40 44
1746 93 6 17
1747 46 25 41
1748 43 35 38
1749 62 10 13
1750 83 27 47
1751 6 38 48
1752 29 8 28
1753 4 18 38
1754 70 19 21
1755 61 16 35
1756 17 12 13
1757 43 2 10
1758 67 48 60
1759 62 39 53
1760 32 33 53
1761 71 5 6
1762 51 16 28
1763 56 16 28
1764 69 23 33
1765 2 8 24
1766 0 27 32
1767 78 40 42
1768 99 29 34
1769 73 5 17
1770 6 18 34
1771 97 25 25
1772 8 22 27
1773 94 46 50
1774 53 21 37
1775 1 15 15
1776 20 47 65
1777 64 42 60
1778 43 9 25
1779 56 22 35
1780 17 4 16
1781 53 29 48
1782 32 42 56
1783 83 49 63
1784 68 7 15
1785 88 28 30
1786 81 14 18
1787 55 36 48
1788 68 1 21
1789 39 49 62
1790 100 22 29
1791 39 21 38
1792 19 13 28
1793 30 11 13
1794 99 17 37
1795 58 9 22
1796 51 32 33
1797 71 23 23
1798 1 11 26
1799 97 41 53
1800 41 30 38
1801 65 21 32
1802 0 31 41
1803 90 18 25
1804 92 7 26
1805 98 23 26
1806 44 34 52
1807 21 44 53
1808 38 6 21
1809 69 4 9
1810 60 15 30
1811 80 12 16
1812 33 39 51
1813 15 42 55
1814 28 21 28
1815 91 32 52
1816 60 1 11
1817 40 2 16
1818 56 8 11
1819 3 43 62
1820 44 30 31
1821 100 40 57
1822 18 4 7
1823 97 20 32
1824 33 50 61
1825 39 21 25
1826 97 44 63
1827 33 26 44
1828 95 31 32
1829 37 35 48
1830 6 18 32
1831 27 44 45
1832 60 37 53
1833 30 23 25
1834 31 20 21
1835 77 31 51
1836 71 47 48
1837 43 19 38
1838 13 3 16
1839 97 28 43
1840 48 0 9
1841 78 45 65
1842 66 19 39
1843 70 40 56
1844 13 30 37
1845 82 38 39
1846 77 6 16
1847 51 38 56
1848 53 38 54
1849 73 19 33
1850 23 30 34
1851 25 48 63
1852 86 46 48
1853 46 30 48
1854 76 25 37
1855 73 15 16
1856 18 18 24
1857 44 25 38
1858 7 43 57
1859 42 4 5
1860 12 39 56
1861 85 6 20
1862 96 36 56
1863 85 25 39
1864 41 27 45
1865 34 0 10
1866 69 18 25
1867 1 28 41
1868 101 10 19
1869 81 6 26
1870 74 3 13
1871 78 27 33
1872 80 20 24
1873 10 41 45
1874 82 7 14
1875 16 31 41
1876 10 32 49
1877 95 48 51
1878 48 40 44
1879 28 24 26
1880 85 37 43
1881 16 7 20
1882 54 35 52
1883 55 17 21
1884 26 32 43
1885 28 36 55
1886 80 17 21
1887 72 1 16
1888 45 47 47
1889 64 19 39
1890 37 23 37
1891 77 32 52
1892 4 31 50
1893 45 1 18
1894 24 13 20
1895 19 15 32
1896 100 17 36
1897 4 25 29
1898 90 18 29
1899 67 15 32
1900 67 4 8
1901 80 44 49
1902 71 1 18
1903 49 6 18
1904 95 50 65
1905 13 31 44
1906 3 48 58
1907 101 11 18
1908 36 19 33
1909 92 0 5
1910 16 15 27
1911 52 22 38
1912 32 14 27
1913 77 21 41
1914 89 9 13
1915 94 5 20
1916 19 42 46
1917 2 35 35
1918 96 31 45
1919 89 29 40
1920 30 20 30
1921 68 9 11
1922 19 47 48
1923 78 2 5
1924 93 46 65
1925 101 8 14
1926 1 34 35
1927 53 8 24
1928 60 38 56
1929 21 0 10
1930 91 22 27
1931 75 30 42
1932 20 11 14
1933 74 5 10
1934 24 8 15
1935 21 46 59
1936 81 41 57
1937 0 31 47
1938 81 1 13
1939 73 27 44
1940 69 43 47
1941 84 17 33
1942 62 16 34
1943 93 23 37
1944 54 30 40
1945 60 28 44
1946 50 6 20
1947 47 20 26
1948 14 4 19
1949 29 21 22
1950 91 21 32
1951 78 0 10
1952 41 28 42
1953 48 2 16
1954 25 2 16
1955 25 26 41
1956 15 30 47
1957 44 19 21
1958 92 46 57
1959 60 33 45
1960 67 14 21
1961 48 38 49
1962 38 29 49
1963 50 3 8
1964 88 7 21
1965 41 8 21
1966 28 21 36
1967 57 15 28
1968 85 43 56
1969 22 38 46
1970 88 16 30
1971 66 17 36
1972 3 36 49
1973 1 36 45
1974 37 12 12
1975 52 16 22
1976 28 8 27
1977 92 38 52
1978 24 2 20
1979 4 45 46
1980 52 17 23
1981 49 28 47
1982 72 50 63
1983 85 20 31
1984 86 36 47
1985 84 13 17
1986 70 14 34
1987 10 34 48
1988 5 34 41
1989 19 18 28
1990 51 31 35
1991 71 41 60
1992 30 25 29
1993 0 9 17
1994 19 33 34
1995 5 38 44
1996 68 50 56
1997 99 14 19
1998 7 16 23
1999 42 11 15
2000 24 49 53
