  500
    0     1     1    92
    1     3     3    92
    2     4     4    90
    3     1     1    83
    4    15    15    96
    5    16    16    94
    6     1     1    77
    7    14    14    88
    8    11    11    85
    9     8     8    82
   10    18    18    91
   11     6     6    79
   12    10    10    82
   13    26    26    97
   14    11    11    81
   15    18    18    88
   16    19    19    89
   17    25    25    95
   18     5     5    74
   19    30    30    98
   20    22    22    89
   21    15    15    82
   22    23    23    89
   23    26    26    92
   24     9     9    74
   25    14    14    79
   26     5     5    69
   27    28    28    92
   28    31    31    94
   29    36    36    99
   30    11    11    73
   31    34    34    96
   32    19    19    81
   33    10    10    71
   34    15    15    75
   35     6     6    66
   36    37    37    97
   37    21    21    80
   38     9     9    68
   39     2     2    60
   40     8     8    66
   41    11    11    69
   42    24    24    82
   43    19    19    77
   44    37    37    94
   45    41    41    98
   46    38    38    95
   47     6     6    63
   48    35    35    92
   49    14    14    71
   50    29    29    85
   51    19    19    74
   52    43    43    98
   53    42    42    97
   54    31    31    85
   55    35    35    89
   56    10    10    64
   57    29    29    83
   58    41    41    95
   59    12    12    65
   60     9     9    62
   61    46    46    99
   62    44    44    97
   63    19    19    71
   64    14    14    66
   65    40    40    92
   66    45    45    97
   67    39    39    90
   68    33    33    84
   69    32    32    83
   70    48    48    99
   71    38    38    88
   72    14    14    64
   73    36    36    86
   74    45    45    94
   75    17    17    66
   76    16    16    64
   77    39    39    87
   78    19    19    67
   79    50    50    98
   80    18    18    65
   81    49    49    95
   82    29    29    75
   83    48    48    94
   84    22    22    68
   85    24    24    69
   86    15    15    60
   87    17    17    61
   88    12    12    55
   89    35    35    78
   90    44    44    87
   91    54    54    97
   92    33    33    76
   93    51    51    93
   94     7     7    49
   95    53    53    94
   96    55    55    96
   97    25    25    66
   98    42    42    82
   99    45    45    85
  100    44    44    84
  101    39    39    79
  102    38    38    78
  103    59    59    99
  104    36    36    75
  105    53    53    92
  106    35    35    73
  107    48    48    86
  108    16    16    54
  109    44    44    82
  110    37    37    75
  111    28    28    66
  112    54    54    92
  113    26    26    64
  114    29    29    67
  115    22    22    59
  116    58    58    95
  117    57    57    94
  118    29    29    66
  119    47    47    84
  120    45    45    82
  121    19    19    56
  122    43    43    79
  123    60    60    96
  124     4     4    40
  125    23    23    59
  126    39    39    74
  127    12    12    47
  128     6     6    41
  129     2     2    37
  130    27    27    62
  131    52    52    87
  132    26    26    60
  133     9     9    43
  134    51    51    85
  135    25    25    59
  136     8     8    42
  137    44    44    77
  138    48    48    81
  139    47    47    80
  140     6     6    39
  141    30    30    63
  142    43    43    76
  143    38    38    70
  144    38    38    70
  145    24    24    56
  146    53    53    85
  147    36    36    67
  148    48    48    79
  149    16    16    47
  150     8     8    39
  151    35    35    66
  152     6     6    37
  153    55    55    86
  154    14    14    45
  155    56    56    86
  156    55    55    85
  157    63    63    93
  158    23    23    53
  159     1     1    31
  160    37    37    67
  161     4     4    34
  162    62    62    91
  163    69    69    98
  164    35    35    64
  165    69    69    98
  166    36    36    65
  167    56    56    85
  168    24    24    53
  169    27    27    56
  170    28    28    57
  171    31    31    59
  172    59    59    87
  173    37    37    65
  174    37    37    65
  175    53    53    81
  176    40    40    67
  177    55    55    82
  178    51    51    78
  179    56    56    83
  180    71    71    98
  181    55    55    82
  182    72    72    99
  183    72    72    98
  184    35    35    61
  185    25    25    50
  186    37    37    62
  187    56    56    81
  188    54    54    79
  189    68    68    93
  190    11    11    36
  191    73    73    98
  192    65    65    90
  193    71    71    96
  194    42    42    66
  195    62    62    86
  196    65    65    89
  197    31    31    55
  198    58    58    82
  199    49    49    73
  200    67    67    91
  201    52    52    76
  202    65    65    88
  203    31    31    54
  204    42    42    65
  205    74    74    97
  206    52    52    75
  207    46    46    69
  208    49    49    72
  209    54    54    77
  210    27    27    50
  211    31    31    54
  212    60    60    82
  213    44    44    66
  214    24    24    46
  215    43    43    65
  216    72    72    94
  217    29    29    51
  218    61    61    83
  219     5     5    26
  220    50    50    71
  221    13    13    34
  222     3     3    24
  223    56    56    77
  224    46    46    67
  225    28    28    49
  226    70    70    91
  227    42    42    63
  228    33    33    53
  229    67    67    87
  230    56    56    76
  231    40    40    60
  232    38    38    58
  233    60    60    80
  234    53    53    73
  235    12    12    32
  236    16    16    36
  237    41    41    61
  238    69    69    89
  239     4     4    24
  240    70    70    89
  241    76    76    95
  242     2     2    21
  243    35    35    54
  244    69    69    88
  245    74    74    93
  246    53    53    72
  247     2     2    21
  248    75    75    94
  249    72    72    91
  250    73    73    91
  251     5     5    23
  252    68    68    86
  253    80    80    98
  254    76    76    94
  255    68    68    86
  256    39    39    57
  257    29    29    47
  258    15    15    33
  259    63    63    80
  260    11    11    28
  261    31    31    48
  262    47    47    64
  263    28    28    45
  264    75    75    92
  265    82    82    99
  266    42    42    59
  267    34    34    50
  268    59    59    75
  269    63    63    79
  270    46    46    62
  271    75    75    91
  272    14    14    30
  273    79    79    95
  274    78    78    94
  275    16    16    32
  276    48    48    64
  277    81    81    97
  278    78    78    94
  279    78    78    94
  280     2     2    17
  281    37    37    52
  282    59    59    74
  283    42    42    57
  284    63    63    78
  285    63    63    78
  286    30    30    45
  287    29    29    44
  288    82    82    97
  289    51    51    66
  290    60    60    74
  291    64    64    78
  292    50    50    64
  293    81    81    95
  294    85    85    99
  295    34    34    48
  296    81    81    95
  297    17    17    31
  298    71    71    84
  299    78    78    91
  300     1     1    14
  301    80    80    93
  302    80    80    93
  303    62    62    75
  304    35    35    48
  305    35    35    48
  306    66    66    79
  307    64    64    77
  308    85    85    98
  309    82    82    95
  310    23    23    36
  311     6     6    18
  312    22    22    34
  313    87    87    99
  314    58    58    70
  315    81    81    93
  316    81    81    93
  317    35    35    47
  318    85    85    97
  319    41    41    53
  320    53    53    65
  321    81    81    93
  322    67    67    79
  323    62    62    73
  324    88    88    99
  325    80    80    91
  326    18    18    29
  327    36    36    47
  328    75    75    86
  329    65    65    76
  330    79    79    89
  331    31    31    41
  332    89    89    99
  333    80    80    90
  334    48    48    58
  335    81    81    91
  336    65    65    75
  337    12    12    22
  338    68    68    78
  339    23    23    33
  340    74    74    84
  341    80    80    90
  342    26    26    35
  343    73    73    82
  344    90    90    99
  345    18    18    27
  346    78    78    87
  347    48    48    57
  348    13    13    22
  349    48    48    57
  350    88    88    97
  351    63    63    72
  352    50    50    59
  353    77    77    86
  354    50    50    59
  355    26    26    35
  356    86    86    94
  357    19    19    27
  358    34    34    42
  359    57    57    65
  360    89    89    97
  361    56    56    64
  362    74    74    82
  363    66    66    74
  364    82    82    90
  365    75    75    83
  366    91    91    99
  367    88    88    96
  368    88    88    96
  369    92    92    99
  370    86    86    93
  371    58    58    65
  372    76    76    83
  373    62    62    69
  374    75    75    82
  375    39    39    46
  376    10    10    17
  377    66    66    73
  378    59    59    66
  379    60    60    67
  380    84    84    90
  381    76    76    82
  382    71    71    77
  383    82    82    88
  384    64    64    70
  385    93    93    99
  386    90    90    96
  387    74    74    80
  388    89    89    95
  389    80    80    86
  390    82    82    88
  391    34    34    40
  392    89    89    95
  393    73    73    79
  394    78    78    84
  395    91    91    96
  396    93    93    98
  397     6     6    11
  398    94    94    99
  399    11    11    16
  400    60    60    65
  401    49    49    54
  402    85    85    90
  403    61    61    66
  404    61    61    66
  405    75    75    80
  406    57    57    62
  407    86    86    91
  408    89    89    93
  409    30    30    34
  410    77    77    81
  411    40    40    44
  412    84    84    88
  413    75    75    79
  414    94    94    98
  415    77    77    81
  416    66    66    70
  417    57    57    61
  418    64    64    68
  419    17    17    21
  420    60    60    63
  421    10    10    13
  422    53    53    56
  423    92    92    95
  424    55    55    58
  425    96    96    99
  426    92    92    95
  427    86    86    89
  428    92    92    95
  429    80    80    83
  430    81    81    84
  431    96    96    99
  432    94    94    97
  433    95    95    98
  434    90    90    93
  435    80    80    83
  436    96    96    99
  437    73    73    76
  438    70    70    73
  439    10    10    12
  440    89    89    91
  441    83    83    85
  442    96    96    98
  443    97    97    99
  444    77    77    79
  445    33    33    35
  446     6     6     8
  447    83    83    85
  448    38    38    40
  449    79    79    81
  450    57    57    59
  451    12    12    14
  452    97    97    99
  453    20    20    22
  454    68    68    69
  455    98    98    99
  456    32    32    33
  457    93    93    94
  458    98    98    99
  459    41    41    42
  460    98    98    99
  461    98    98    99
  462    94    94    95
  463    89    89    90
  464    89    89    90
  465    89    89    90
  466    95    95    96
  467    97    97    98
  468    98    98    99
  469    79    79    80
  470    77    77    78
  471    98    98    99
  472    92    92    93
  473    98    98    99
  474    30    30    31
  475    88    88    89
  476    90    90    90
  477   100   100   100
  478   100   100   100
  479    50    50    50
  480    98    98    98
  481    89    89    89
  482    83    83    83
  483    87    87    87
  484    95    95    95
  485    99    99    99
  486    88    88    88
  487    75    75    75
  488    14    14    14
  489    99    99    99
  490    53    53    53
  491    56    56    56
  492    90    90    90
  493    79    79    79
  494    91    91    91
  495   100   100   100
  496    87    87    87
  497    97    97    97
  498   100   100   100
  499   100   100   100
  100