 1000
    0     9     9    99
    1     6     6    96
    2     8     8    97
    3     2     2    91
    4     3     3    91
    5     1     1    88
    6     8     8    95
    7     8     8    95
    8     7     7    93
    9     4     4    89
   10    10    10    95
   11     8     8    92
   12    15    15    99
   13    14    14    98
   14    15    15    98
   15     8     8    91
   16    15    15    98
   17     5     5    88
   18     5     5    87
   19    13    13    95
   20    17    17    99
   21     4     4    86
   22    11    11    92
   23     9     9    90
   24     6     6    86
   25     7     7    87
   26    14    14    94
   27     1     1    81
   28     8     8    88
   29    13    13    92
   30    10    10    89
   31    20    20    99
   32    19    19    97
   33    14    14    92
   34     1     1    78
   35    10    10    87
   36     6     6    83
   37    23    23    99
   38     2     2    77
   39    20    20    95
   40    13    13    88
   41    21    21    95
   42    20    20    94
   43     5     5    78
   44    11    11    84
   45     6     6    79
   46     7     7    80
   47     6     6    78
   48     8     8    80
   49    23    23    94
   50    10    10    81
   51    15    15    85
   52    25    25    94
   53    20    20    89
   54    15    15    83
   55    14    14    82
   56     1     1    69
   57     5     5    73
   58    16    16    84
   59    16    16    84
   60    23    23    90
   61    20    20    87
   62     7     7    74
   63     5     5    72
   64    21    21    88
   65     3     3    69
   66    20    20    86
   67    19    19    85
   68    30    30    96
   69    33    33    98
   70     2     2    67
   71    12    12    77
   72     4     4    69
   73    23    23    87
   74    31    31    95
   75    10    10    74
   76    16    16    80
   77     2     2    66
   78     6     6    70
   79    30    30    93
   80    27    27    90
   81    24    24    87
   82    15    15    78
   83    15    15    77
   84    27    27    89
   85    24    24    86
   86    15    15    77
   87     8     8    70
   88    26    26    88
   89    36    36    98
   90    17    17    79
   91     7     7    68
   92    38    38    99
   93     5     5    66
   94    13    13    74
   95    11    11    72
   96    28    28    89
   97     4     4    65
   98    16    16    76
   99    23    23    83
  100    37    37    97
  101    22    22    82
  102    23    23    83
  103    24    24    84
  104    23    23    82
  105    13    13    72
  106    19    19    78
  107    11    11    70
  108    35    35    94
  109     5     5    64
  110    22    22    80
  111    38    38    96
  112     8     8    66
  113    19    19    77
  114     8     8    66
  115    40    40    98
  116     2     2    59
  117    34    34    91
  118     3     3    60
  119     8     8    65
  120    31    31    88
  121    21    21    78
  122    25    25    82
  123    35    35    92
  124    41    41    98
  125     9     9    65
  126     4     4    60
  127    21    21    77
  128    37    37    93
  129    17    17    73
  130    35    35    91
  131    14    14    70
  132    25    25    81
  133    20    20    75
  134    35    35    90
  135    37    37    92
  136    40    40    95
  137     1     1    56
  138    15    15    70
  139    36    36    91
  140    20    20    74
  141    33    33    87
  142    22    22    76
  143    14    14    68
  144    13    13    67
  145    39    39    92
  146    15    15    68
  147    33    33    86
  148    37    37    90
  149    13    13    66
  150    19    19    71
  151    26    26    78
  152    45    45    97
  153    11    11    63
  154    30    30    82
  155    20    20    72
  156    23    23    75
  157    18    18    70
  158    12    12    64
  159     7     7    59
  160     8     8    59
  161    11    11    62
  162    14    14    64
  163    47    47    97
  164    34    34    84
  165    24    24    73
  166    44    44    93
  167    32    32    81
  168    26    26    75
  169    27    27    76
  170    15    15    64
  171     6     6    55
  172    41    41    90
  173     7     7    55
  174    22    22    70
  175    31    31    79
  176     7     7    55
  177    40    40    88
  178    38    38    86
  179    11    11    59
  180    15    15    63
  181    12    12    60
  182    26    26    74
  183     4     4    51
  184     5     5    52
  185    52    52    99
  186    32    32    79
  187    40    40    87
  188    26    26    73
  189    37    37    83
  190    19    19    65
  191    23    23    69
  192    28    28    74
  193    39    39    85
  194    36    36    82
  195    18    18    64
  196    28    28    74
  197    22    22    67
  198    20    20    65
  199    47    47    92
  200     4     4    49
  201    46    46    90
  202    42    42    86
  203    16    16    60
  204    41    41    85
  205    46    46    90
  206    26    26    70
  207    36    36    79
  208    29    29    72
  209     5     5    48
  210    26    26    68
  211    28    28    70
  212    40    40    82
  213    46    46    88
  214    50    50    92
  215    46    46    88
  216    40    40    82
  217    48    48    90
  218    40    40    82
  219    20    20    62
  220    30    30    71
  221    51    51    92
  222    49    49    90
  223    46    46    87
  224    38    38    79
  225    39    39    80
  226     3     3    44
  227    45    45    86
  228    10    10    51
  229    33    33    73
  230    57    57    97
  231    51    51    91
  232    32    32    72
  233    11    11    51
  234    57    57    97
  235    50    50    90
  236    40    40    80
  237    19    19    58
  238    50    50    89
  239    57    57    96
  240    56    56    95
  241    45    45    84
  242    53    53    92
  243    27    27    66
  244    39    39    78
  245    49    49    87
  246    58    58    96
  247    10    10    48
  248    35    35    73
  249    61    61    99
  250    57    57    95
  251    41    41    79
  252     6     6    44
  253    29    29    67
  254    51    51    89
  255    28    28    66
  256    30    30    68
  257    41    41    79
  258    13    13    51
  259    42    42    80
  260    34    34    71
  261    52    52    89
  262    24    24    61
  263    19    19    56
  264    11    11    48
  265    61    61    98
  266    61    61    98
  267    10    10    47
  268    36    36    73
  269    17    17    54
  270    53    53    90
  271    18    18    55
  272    16    16    53
  273    15    15    51
  274    24    24    60
  275    26    26    62
  276    45    45    81
  277    61    61    97
  278    12    12    48
  279     1     1    37
  280    51    51    87
  281    24    24    60
  282    49    49    85
  283    48    48    84
  284     8     8    44
  285    62    62    98
  286    17    17    53
  287    59    59    94
  288    15    15    50
  289    48    48    83
  290    57    57    92
  291    13    13    48
  292    52    52    87
  293     6     6    41
  294    35    35    70
  295    65    65    99
  296     7     7    41
  297    58    58    92
  298    53    53    87
  299    62    62    96
  300    35    35    69
  301    12    12    46
  302    23    23    57
  303    65    65    99
  304    33    33    67
  305    58    58    92
  306    35    35    68
  307    51    51    84
  308    39    39    72
  309    58    58    91
  310     5     5    38
  311    59    59    92
  312    36    36    69
  313    54    54    87
  314    23    23    56
  315    19    19    52
  316    62    62    95
  317    58    58    91
  318    57    57    90
  319    59    59    91
  320     5     5    37
  321    18    18    50
  322    29    29    61
  323    25    25    56
  324    67    67    98
  325    39    39    70
  326    21    21    52
  327    43    43    74
  328    67    67    98
  329    26    26    57
  330    60    60    91
  331    10    10    41
  332    41    41    72
  333    40    40    71
  334    47    47    78
  335    28    28    59
  336     9     9    40
  337    32    32    63
  338    68    68    98
  339    35    35    65
  340    62    62    92
  341    40    40    70
  342    12    12    42
  343    49    49    79
  344    24    24    54
  345    46    46    76
  346    56    56    86
  347    68    68    98
  348    29    29    59
  349    25    25    54
  350    68    68    97
  351    50    50    79
  352    62    62    91
  353    60    60    89
  354    46    46    75
  355    53    53    82
  356    14    14    43
  357    68    68    97
  358    19    19    48
  359    40    40    69
  360    41    41    70
  361    26    26    55
  362    13    13    41
  363    25    25    53
  364    53    53    81
  365    53    53    81
  366    71    71    99
  367    67    67    95
  368    70    70    98
  369    60    60    88
  370    46    46    74
  371    67    67    95
  372    15    15    43
  373    22    22    50
  374    53    53    81
  375    28    28    56
  376    58    58    85
  377    54    54    81
  378    31    31    58
  379    63    63    90
  380    53    53    80
  381    57    57    84
  382    64    64    91
  383    72    72    99
  384    56    56    83
  385    62    62    89
  386     7     7    33
  387    23    23    49
  388    12    12    38
  389    71    71    97
  390    56    56    82
  391    49    49    75
  392    17    17    43
  393    28    28    54
  394    69    69    95
  395    61    61    87
  396    71    71    97
  397    46    46    72
  398    45    45    70
  399    60    60    85
  400    66    66    91
  401    69    69    94
  402    41    41    66
  403    41    41    66
  404    10    10    35
  405    49    49    74
  406    51    51    76
  407    60    60    85
  408    50    50    75
  409    12    12    36
  410    32    32    56
  411    28    28    52
  412    28    28    52
  413    42    42    66
  414    72    72    96
  415    70    70    94
  416    48    48    72
  417    58    58    82
  418    65    65    88
  419    61    61    84
  420    49    49    72
  421    68    68    91
  422    57    57    80
  423    65    65    87
  424    72    72    94
  425    66    66    88
  426    71    71    93
  427    37    37    59
  428    44    44    66
  429    52    52    74
  430    57    57    79
  431     8     8    30
  432    53    53    75
  433    17    17    39
  434    60    60    82
  435    49    49    71
  436    46    46    67
  437    34    34    55
  438    33    33    54
  439    33    33    54
  440    17    17    38
  441    77    77    98
  442    33    33    54
  443    65    65    86
  444    34    34    55
  445    69    69    90
  446    49    49    70
  447    71    71    92
  448    67    67    88
  449    25    25    46
  450    51    51    72
  451    74    74    95
  452    25    25    46
  453    69    69    90
  454    60    60    81
  455    69    69    90
  456    11    11    31
  457    72    72    92
  458    78    78    98
  459    54    54    74
  460    71    71    91
  461     8     8    28
  462     1     1    21
  463    75    75    95
  464    58    58    78
  465    11    11    31
  466    61    61    81
  467    66    66    86
  468    15    15    35
  469    51    51    71
  470    20    20    40
  471    68    68    88
  472    43    43    63
  473    74    74    94
  474    16    16    36
  475    71    71    91
  476    31    31    51
  477    71    71    91
  478    36    36    56
  479    32    32    52
  480    79    79    98
  481    45    45    64
  482    59    59    78
  483    65    65    84
  484    78    78    97
  485    44    44    63
  486    70    70    89
  487    39    39    58
  488    74    74    93
  489    63    63    81
  490     8     8    26
  491    11    11    29
  492    76    76    94
  493    71    71    89
  494    48    48    66
  495    60    60    78
  496    48    48    66
  497    80    80    98
  498    74    74    92
  499    20    20    38
  500    80    80    98
  501    70    70    88
  502    61    61    78
  503    81    81    98
  504    82    82    99
  505    24    24    41
  506    65    65    82
  507    74    74    91
  508    64    64    81
  509    75    75    92
  510    31    31    48
  511    42    42    59
  512    77    77    94
  513    59    59    76
  514    78    78    95
  515    70    70    87
  516    68    68    85
  517    67    67    84
  518    11    11    28
  519    65    65    82
  520    81    81    98
  521    38    38    55
  522    75    75    92
  523    81    81    98
  524    64    64    80
  525    32    32    48
  526    75    75    91
  527    44    44    60
  528    82    82    98
  529    25    25    41
  530    34    34    50
  531    82    82    98
  532    80    80    96
  533    62    62    78
  534    17    17    33
  535     7     7    23
  536    82    82    98
  537    34    34    49
  538    73    73    88
  539    75    75    90
  540    22    22    37
  541    55    55    70
  542    10    10    25
  543    81    81    96
  544     6     6    21
  545    46    46    61
  546    34    34    49
  547    60    60    75
  548    79    79    94
  549    55    55    70
  550    60    60    75
  551    67    67    82
  552    54    54    69
  553    38    38    52
  554    57    57    71
  555    75    75    89
  556    49    49    63
  557    13    13    27
  558    64    64    78
  559    63    63    77
  560    53    53    67
  561    57    57    71
  562    64    64    78
  563    72    72    86
  564    16    16    30
  565    10    10    24
  566    27    27    41
  567    24    24    38
  568    46    46    60
  569    83    83    97
  570    50    50    64
  571    14    14    28
  572    17    17    31
  573    80    80    94
  574    16    16    30
  575    77    77    91
  576    54    54    68
  577    52    52    66
  578    34    34    48
  579    31    31    45
  580    24    24    38
  581    41    41    54
  582    79    79    92
  583    65    65    78
  584    66    66    79
  585    66    66    79
  586    13    13    26
  587    42    42    55
  588    81    81    94
  589    83    83    96
  590    20    20    33
  591    84    84    97
  592    37    37    50
  593    30    30    43
  594    49    49    62
  595    78    78    91
  596    16    16    29
  597    68    68    81
  598    85    85    98
  599    10    10    23
  600    76    76    89
  601    22    22    35
  602    60    60    73
  603    68    68    80
  604    78    78    90
  605    87    87    99
  606     3     3    15
  607    29    29    41
  608    85    85    97
  609    56    56    68
  610    84    84    96
  611    38    38    50
  612    59    59    71
  613    67    67    79
  614     1     1    13
  615    70    70    82
  616    86    86    98
  617    85    85    97
  618    70    70    82
  619    79    79    90
  620    30    30    41
  621    58    58    69
  622    71    71    82
  623    80    80    91
  624    85    85    96
  625    64    64    75
  626    81    81    92
  627    53    53    64
  628    58    58    69
  629    34    34    45
  630    81    81    92
  631    18    18    29
  632    76    76    87
  633    51    51    62
  634    77    77    88
  635    70    70    81
  636    55    55    66
  637    57    57    68
  638    51    51    62
  639    66    66    77
  640    70    70    81
  641    78    78    89
  642    16    16    27
  643    87    87    98
  644    65    65    76
  645    44    44    55
  646    68    68    78
  647    39    39    49
  648    88    88    98
  649    85    85    95
  650    21    21    31
  651    85    85    95
  652    87    87    97
  653    36    36    46
  654    88    88    98
  655    35    35    45
  656    72    72    82
  657    64    64    74
  658    57    57    67
  659    78    78    88
  660    78    78    88
  661     1     1    11
  662    28    28    38
  663    72    72    82
  664    68    68    78
  665    70    70    80
  666    39    39    49
  667    44    44    54
  668    88    88    97
  669    65    65    74
  670    14    14    23
  671    48    48    57
  672    71    71    80
  673    71    71    80
  674     8     8    17
  675    70    70    79
  676    81    81    90
  677     4     4    13
  678    82    82    91
  679    81    81    90
  680     2     2    11
  681    88    88    97
  682    64    64    73
  683    90    90    99
  684    75    75    84
  685    73    73    82
  686    13    13    22
  687    78    78    87
  688    73    73    82
  689    47    47    56
  690    80    80    89
  691    45    45    54
  692    84    84    93
  693    74    74    83
  694    53    53    61
  695    24    24    32
  696    87    87    95
  697    87    87    95
  698    59    59    67
  699    21    21    29
  700    53    53    61
  701    86    86    94
  702    85    85    93
  703    82    82    90
  704    15    15    23
  705    77    77    85
  706    82    82    90
  707    85    85    93
  708    66    66    74
  709    89    89    97
  710    55    55    63
  711    67    67    75
  712    63    63    71
  713    19    19    27
  714    16    16    24
  715    88    88    96
  716    76    76    83
  717    79    79    86
  718    77    77    84
  719    77    77    84
  720    91    91    98
  721    84    84    91
  722    90    90    97
  723     4     4    11
  724    68    68    75
  725    74    74    81
  726    65    65    72
  727    59    59    66
  728    85    85    92
  729    92    92    99
  730    90    90    97
  731    61    61    68
  732    90    90    97
  733    81    81    88
  734    68    68    75
  735    70    70    77
  736    85    85    92
  737    58    58    65
  738     4     4    11
  739    92    92    99
  740    79    79    85
  741    45    45    51
  742    74    74    80
  743    25    25    31
  744    60    60    66
  745    79    79    85
  746    84    84    90
  747    88    88    94
  748    83    83    89
  749    93    93    99
  750    53    53    59
  751    47    47    53
  752    68    68    74
  753    34    34    40
  754    87    87    93
  755    47    47    53
  756    93    93    99
  757    62    62    68
  758    88    88    94
  759    80    80    86
  760    93    93    99
  761    91    91    97
  762    68    68    74
  763    54    54    60
  764     8     8    13
  765    92    92    97
  766    94    94    99
  767    18    18    23
  768    54    54    59
  769    31    31    36
  770    15    15    20
  771    90    90    95
  772    49    49    54
  773    88    88    93
  774    91    91    96
  775    38    38    43
  776    91    91    96
  777    92    92    97
  778    50    50    55
  779    54    54    59
  780    50    50    55
  781    25    25    30
  782    12    12    17
  783    70    70    75
  784    32    32    37
  785    90    90    95
  786    67    67    72
  787    64    64    69
  788    71    71    76
  789    81    81    86
  790    58    58    63
  791    90    90    95
  792    69    69    74
  793    60    60    65
  794    49    49    54
  795    77    77    82
  796    87    87    92
  797    70    70    75
  798    58    58    63
  799    24    24    28
  800    78    78    82
  801    91    91    95
  802    91    91    95
  803    91    91    95
  804    62    62    66
  805    91    91    95
  806    86    86    90
  807    86    86    90
  808    69    69    73
  809    95    95    99
  810    78    78    82
  811    70    70    74
  812    93    93    97
  813    94    94    98
  814    88    88    92
  815    87    87    91
  816    29    29    33
  817    10    10    14
  818    61    61    65
  819    56    56    60
  820    91    91    95
  821    63    63    67
  822    94    94    98
  823    63    63    67
  824    67    67    71
  825    70    70    74
  826    41    41    45
  827    90    90    94
  828    27    27    31
  829    80    80    84
  830    90    90    94
  831    44    44    48
  832    93    93    97
  833    95    95    99
  834    20    20    24
  835    51    51    55
  836    95    95    99
  837    93    93    97
  838     8     8    12
  839    89    89    92
  840    94    94    97
  841    89    89    92
  842    94    94    97
  843    50    50    53
  844    93    93    96
  845    92    92    95
  846    94    94    97
  847    88    88    91
  848    69    69    72
  849    92    92    95
  850    67    67    70
  851    94    94    97
  852    81    81    84
  853    76    76    79
  854    83    83    86
  855    72    72    75
  856    87    87    90
  857    84    84    87
  858    31    31    34
  859    91    91    94
  860    94    94    97
  861    85    85    88
  862    71    71    74
  863     5     5     8
  864    75    75    78
  865    41    41    44
  866    84    84    87
  867    92    92    95
  868    92    92    95
  869    86    86    89
  870    97    97    99
  871    42    42    44
  872    94    94    96
  873    78    78    80
  874    84    84    86
  875    97    97    99
  876    72    72    74
  877    90    90    92
  878    72    72    74
  879    23    23    25
  880    64    64    66
  881    39    39    41
  882    87    87    89
  883    97    97    99
  884    96    96    98
  885    97    97    99
  886    67    67    69
  887    71    71    73
  888    36    36    38
  889    51    51    53
  890    88    88    90
  891    96    96    98
  892    60    60    62
  893    53    53    55
  894    68    68    70
  895    26    26    28
  896    92    92    94
  897    60    60    62
  898    52    52    54
  899    59    59    61
  900    97    97    99
  901    92    92    94
  902    88    88    90
  903    94    94    96
  904    65    65    67
  905    92    92    93
  906    68    68    69
  907    92    92    93
  908    24    24    25
  909    21    21    22
  910    16    16    17
  911    56    56    57
  912    84    84    85
  913    57    57    58
  914    26    26    27
  915    61    61    62
  916    57    57    58
  917    96    96    97
  918    98    98    99
  919    33    33    34
  920    97    97    98
  921    66    66    67
  922    97    97    98
  923    91    91    92
  924    45    45    46
  925    94    94    95
  926    20    20    21
  927    90    90    91
  928    49    49    50
  929    21    21    22
  930    96    96    97
  931    66    66    67
  932    60    60    61
  933    68    68    69
  934    32    32    33
  935    94    94    95
  936    98    98    99
  937    69    69    70
  938    88    88    89
  939    98    98    99
  940    98    98    99
  941    99    99    99
  942    69    69    69
  943    78    78    78
  944    78    78    78
  945    98    98    98
  946    95    95    95
  947    27    27    27
  948    55    55    55
  949    84    84    84
  950    97    97    97
  951   100   100   100
  952    97    97    97
  953    98    98    98
  954    78    78    78
  955    80    80    80
  956   100   100   100
  957    99    99    99
  958   100   100   100
  959    97    97    97
  960    96    96    96
  961    98    98    98
  962    97    97    97
  963   100   100   100
  964    93    93    93
  965   100   100   100
  966   100   100   100
  967    33    33    33
  968    97    97    97
  969    73    73    73
  970    78    78    78
  971    93    93    93
  972    50    50    50
  973    99    99    99
  974    92    92    92
  975    96    96    96
  976    82    82    82
  977    98    98    98
  978   100   100   100
  979    91    91    91
  980    83    83    83
  981    98    98    98
  982    98    98    98
  983   100   100   100
  984    46    46    46
  985    97    97    97
  986    99    99    99
  987    95    95    95
  988    98    98    98
  989    92    92    92
  990    33    33    33
  991    97    97    97
  992    98    98    98
  993    91    91    91
  994    97    97    97
  995    99    99    99
  996    93    93    93
  997    98    98    98
  998    25    25    25
  999    99    99    99
  100