  100
    0    12     2    95
    1    25    15    98
    2    17     7    87
    3    29    19    91
    4    31    21    93
    5    24    14    86
    6    16     6    77
    7    34    24    93
    8    15     5    73
    9    39    29    94
   10    27    17    80
   11    15     5    67
   12    37    27    88
   13    35    25    85
   14    20    10    69
   15    47    37    95
   16    37    27    83
   17    16     6    61
   18    33    23    78
   19    31    21    75
   20    54    44    97
   21    53    43    95
   22    32    22    70
   23    32    22    68
   24    36    26    70
   25    48    38    80
   26    66    56    97
   27    55    45    85
   28    55    45    84
   29    59    49    85
   30    53    43    78
   31    75    65    99
   32    17     7    41
   33    74    64    98
   34    76    66    99
   35    32    22    54
   36    76    66    98
   37    51    41    71
   38    39    29    59
   39    41    31    60
   40    40    30    58
   41    72    62    90
   42    81    71    97
   43    75    65    91
   44    65    55    81
   45    65    55    80
   46    70    60    84
   47    48    38    62
   48    82    72    96
   49    55    45    68
   50    41    31    54
   51    39    29    52
   52    77    67    89
   53    36    26    48
   54    63    53    74
   55    82    72    93
   56    78    68    89
   57    21    11    31
   58    53    43    63
   59    81    71    90
   60    71    61    80
   61    19     9    26
   62    33    23    39
   63    56    46    62
   64    80    70    85
   65    67    57    72
   66    27    17    32
   67    54    44    59
   68    87    77    92
   69    24    14    29
   70    73    63    78
   71    88    78    92
   72    88    78    92
   73    51    41    55
   74    31    21    35
   75    42    32    42
   76    88    78    88
   77    64    54    64
   78    86    76    84
   79    94    84    90
   80    92    82    86
   81   101    91    95
   82   101    91    95
   83   105    95    99
   84    96    86    89
   85   104    94    97
   86   100    90    92
   87    67    57    59
   88    97    87    88
   89    95    85    86
   90   104    94    95
   91   106    96    97
   92    87    77    78
   93   107    97    98
   94   108    98    99
   95    88    78    78
   96    94    84    84
   97    66    56    56
   98   107    97    97
   99   108    98    98
  100