 1000
    0    70     2    96
    1    70     6    99
    2    26     4    97
    3    92     2    94
    4    98     6    95
    5    65     2    90
    6    47     3    90
    7    79    12    99
    8    57    13    99
    9    75     4    90
   10    17     4    89
   11    52     9    94
   12    28     4    88
   13    50    13    96
   14    87     4    86
   15    56     4    85
   16     4    10    91
   17    37    17    98
   18    94    17    98
   19    36     6    86
   20    76    16    96
   21    77     3    83
   22     2    16    96
   23    44     8    88
   24    27     4    83
   25    90     4    83
   26     4    20    99
   27    63    17    96
   28    78     5    84
   29    99    13    91
   30    67    21    99
   31     8     7    85
   32    37    12    89
   33    19    17    94
   34    73    15    92
   35     2     7    84
   36    53    17    94
   37    34     5    82
   38    69    13    89
   39    32     8    84
   40    99    12    87
   41    81    14    89
   42    19    14    89
   43    27     7    81
   44     7    22    96
   45    59    14    88
   46    34    25    99
   47     8     1    75
   48    68    16    89
   49    50     8    81
   50    92     8    81
   51    80    20    92
   52    81    19    90
   53    87    13    84
   54    15    14    85
   55    66    20    91
   56    31    22    93
   57    83    16    87
   58    77    13    84
   59     2     1    72
   60    65    25    96
   61    22    30    99
   62    30     5    74
   63    89     9    78
   64    96    25    93
   65    92    29    97
   66    55    17    85
   67    46     1    69
   68    82    19    86
   69    16    22    89
   70    93    17    84
   71    49    28    95
   72    96    13    80
   73    21     4    70
   74    17    25    91
   75    98    28    94
   76    70    30    96
   77    13     6    71
   78    32     4    69
   79    98     3    68
   80    82    22    87
   81    22    34    98
   82    98    30    94
   83    71     9    73
   84     5    23    86
   85    49     8    71
   86    29    30    92
   87     7    34    96
   88    49    33    95
   89    18    24    86
   90    76    35    97
   91    89    28    90
   92    82    11    72
   93    59    18    79
   94    39    14    75
   95     6    29    90
   96    18     9    69
   97    16    34    94
   98    46    24    84
   99    36    21    81
  100    90     6    65
  101    16    28    87
  102    86    12    71
  103    98    23    82
  104   100    27    85
  105     8     1    59
  106    52    30    87
  107     3    25    82
  108    67    33    90
  109   100    23    80
  110    41     3    60
  111    36    25    82
  112     3    14    71
  113    20    25    81
  114     1    19    75
  115    50    14    70
  116    62    20    76
  117    45     2    58
  118    79    43    98
  119    78    14    69
  120    77    43    98
  121    69    26    81
  122    17    38    93
  123    37    10    65
  124    40    18    72
  125    68    16    70
  126    49    35    89
  127    70     8    62
  128    86    42    96
  129    14    42    96
  130    82    31    85
  131    60     6    59
  132    44    37    90
  133    90    37    90
  134    89    29    82
  135    99    40    93
  136    96    37    90
  137    50    16    69
  138    68    27    80
  139    16    17    69
  140    41    28    80
  141    72    36    88
  142    42    27    79
  143    20    46    98
  144    69     2    54
  145    45    10    62
  146     3    36    88
  147    20    35    86
  148    66     2    53
  149    89    42    93
  150    46    36    87
  151    32    41    92
  152    26    32    83
  153    65    46    97
  154    34    43    93
  155    75     8    58
  156    52    36    86
  157     4    38    88
  158    97    26    76
  159    14    38    88
  160     1    46    95
  161    98     9    58
  162    97    14    63
  163    15    37    86
  164    83    41    90
  165    55    31    80
  166     2     4    53
  167    52     7    55
  168     7    46    94
  169    66    32    80
  170    77    46    94
  171    67    17    65
  172    40    10    58
  173    72     8    56
  174    65    32    80
  175    42    36    84
  176    68    29    76
  177    61    35    82
  178    83    15    62
  179    96    24    71
  180    74    29    76
  181    63    10    57
  182    26     2    49
  183    58    16    63
  184    75    23    69
  185    61    39    85
  186    34    50    96
  187    74    20    66
  188    30    50    96
  189    47    10    56
  190    43    36    81
  191    39    35    80
  192    68    41    86
  193     6    33    78
  194     5     8    53
  195    87    37    82
  196    84    52    97
  197    14    40    85
  198    12    16    61
  199    94    36    81
  200    24    52    97
  201    36     3    48
  202    86    26    71
  203    80    30    75
  204     9    45    89
  205    87    13    57
  206     1    24    68
  207    70    29    73
  208    53    55    99
  209    44     4    48
  210    47    17    61
  211    46     4    48
  212     4    35    79
  213    34    12    56
  214    78    53    96
  215    63    41    84
  216    83    17    60
  217    35    51    94
  218    43    41    84
  219    32    38    81
  220    68    31    74
  221    85    46    89
  222    78     1    43
  223    13    50    92
  224    80    16    58
  225    86    36    78
  226    45    47    89
  227     8    42    84
  228    82    46    88
  229    85    27    69
  230    63     6    48
  231     7    11    52
  232    60    30    71
  233    18    10    51
  234    43    44    85
  235    53    49    90
  236    61    52    93
  237    81    14    55
  238    28    48    89
  239    32    29    70
  240    48    40    81
  241    50     2    43
  242    13    54    95
  243    56    51    92
  244    66    24    65
  245    10    14    54
  246    49    25    65
  247    65    44    84
  248    39    24    64
  249    46    14    54
  250    81    40    80
  251    71    48    88
  252    72    40    80
  253    85    33    73
  254    22    30    70
  255     6    39    79
  256    94    48    88
  257    12    50    90
  258    79    29    69
  259    53    54    94
  260    87    28    68
  261    31    24    64
  262    73    38    78
  263    38    32    72
  264    58    58    97
  265    90    26    65
  266    40    49    88
  267    36    39    77
  268    80    38    76
  269     7    57    95
  270    47    26    64
  271    65    58    96
  272    89    33    71
  273    71     3    41
  274     7     8    46
  275    43    53    91
  276     8    50    88
  277    74     5    43
  278    58    17    55
  279    52    39    77
  280    72    23    60
  281    80    32    69
  282    81    12    49
  283    66    61    98
  284    46    27    64
  285    96    22    59
  286    44    18    55
  287    38    36    72
  288    94    39    75
  289    32    58    94
  290    56    59    95
  291    93    57    93
  292    79    53    89
  293    75     5    41
  294    43    26    61
  295    78    58    93
  296    39    20    55
  297    38     4    39
  298    67    59    94
  299    90    52    87
  300    60    63    98
  301    35    57    91
  302    51     2    36
  303    12    54    88
  304    47    29    63
  305    30    34    68
  306    94    55    89
  307    84    37    71
  308    11    57    90
  309    97    42    75
  310    85    55    88
  311    55    26    59
  312    24    55    88
  313    95    52    85
  314    44    13    46
  315    15    31    64
  316     4    41    74
  317    43    48    81
  318    43    62    95
  319    24    19    51
  320    55    50    82
  321    83    56    88
  322   100    17    49
  323    64    18    50
  324    48    65    97
  325    41    42    74
  326    23    47    79
  327    78    39    71
  328    82    57    89
  329    87    52    84
  330    26    67    99
  331    92    40    72
  332    51    61    93
  333    38    37    69
  334    48    34    66
  335    15     6    38
  336     1    18    50
  337    35    50    81
  338    32    10    41
  339    72    34    65
  340    18    51    82
  341    98    31    62
  342    26    52    83
  343    20    17    48
  344    73    39    69
  345    92    51    81
  346    14    69    99
  347    78    55    85
  348    83    67    97
  349    34    25    55
  350    40    41    71
  351    98    68    98
  352    61    36    66
  353    25    50    80
  354     9    62    92
  355    68     1    31
  356    66    16    46
  357    80    61    91
  358    56    29    58
  359    94    63    92
  360    97    66    95
  361    63    52    81
  362    62    53    82
  363    33    48    77
  364    31    64    93
  365    94     4    33
  366    73    33    62
  367    69    58    86
  368    65    61    89
  369    67    65    93
  370    85    66    94
  371     4    38    66
  372    46    54    82
  373    46    14    42
  374    69    40    68
  375    50    26    54
  376    28    65    93
  377    23    68    96
  378    83    41    69
  379    49    68    96
  380    46    71    99
  381    52    68    96
  382    76    18    45
  383    99    68    95
  384    44    71    98
  385    61    58    85
  386    56    12    39
  387    14     8    35
  388    93    53    80
  389    62     4    31
  390    25    63    90
  391    37    23    50
  392    83    72    99
  393    32    65    92
  394    52    66    93
  395    64    63    90
  396    41    42    68
  397    58    52    78
  398    68    37    63
  399    44    53    79
  400    61     6    32
  401    86    12    38
  402    80     9    35
  403    87    46    72
  404    94    39    65
  405    42    48    74
  406    87    64    90
  407    13    37    63
  408    34    62    88
  409    36    67    93
  410    38    47    73
  411     7    51    77
  412    27    29    55
  413    18    29    55
  414    33    39    64
  415    74    13    38
  416     9     4    29
  417    10    67    92
  418    81    68    93
  419    32    12    37
  420    40     1    26
  421    96     2    27
  422    11     3    28
  423    75    49    74
  424     6    29    54
  425    69    74    99
  426    10    18    43
  427    63    34    59
  428    23    56    80
  429    36    69    93
  430    67    58    82
  431    19    75    99
  432    37    55    79
  433    28    64    88
  434     3    44    68
  435    13    59    83
  436     4    20    44
  437    99    64    88
  438    76    34    58
  439    16    70    94
  440    53    56    80
  441     4    70    93
  442    64    58    81
  443    28    61    84
  444    81    76    99
  445    63    44    67
  446    79    68    91
  447    17     2    25
  448    48     9    32
  449    78    51    74
  450    67    48    71
  451    87    76    99
  452    46    59    82
  453    28     3    26
  454    55    11    34
  455    59    76    99
  456     6    56    79
  457     1    45    68
  458    40    20    43
  459    81    13    36
  460    75    73    96
  461    35    34    57
  462    59    17    40
  463    68    51    74
  464    95    74    97
  465     3    67    90
  466    18    45    68
  467    60    76    99
  468    26    61    83
  469    37    72    94
  470    15    68    90
  471    85    68    90
  472    90    72    94
  473    38    74    96
  474    74    23    45
  475    11     8    30
  476    52    63    85
  477     5    66    88
  478    29    75    97
  479    66    75    97
  480    58    54    76
  481    49    42    63
  482    20    59    80
  483    62    58    79
  484    59    19    40
  485    29    40    61
  486    95    29    50
  487    15    77    98
  488    76    47    68
  489    32    64    85
  490    18     6    27
  491    66    21    42
  492    33    77    98
  493    45    75    96
  494    57    27    48
  495    21    62    83
  496    29    64    85
  497    48    67    88
  498    62    50    71
  499    39    44    65
  500    53    72    93
  501    36    44    64
  502    56    34    54
  503    14    14    34
  504     3    78    98
  505    25    70    90
  506    88    55    75
  507    69    33    53
  508    92    77    97
  509    12    56    76
  510    88    72    91
  511    66    61    80
  512    53    22    41
  513    80    65    84
  514    89    71    90
  515    74    78    97
  516    61    80    99
  517    38    58    77
  518    86    71    90
  519    18    24    42
  520    30    71    89
  521    40    56    74
  522     5    27    45
  523    27    63    81
  524     7    71    89
  525    53    54    72
  526     1    15    33
  527    22    76    94
  528    45    48    66
  529    14    13    31
  530    51    47    65
  531    95    80    97
  532    77    58    75
  533     1    23    40
  534    42    67    84
  535    87    47    64
  536    84    51    68
  537    71    75    92
  538    52    50    67
  539    14    78    95
  540    48    29    46
  541    60    58    75
  542    52    79    96
  543    34    62    79
  544    70    82    99
  545    88    81    98
  546    26    10    27
  547    49    65    81
  548    59    72    88
  549    90    82    98
  550    93    55    71
  551    72    67    83
  552    79    11    27
  553    99    33    49
  554     4    66    82
  555    54    47    63
  556    18    83    99
  557     5    44    60
  558    50    71    87
  559    57    17    33
  560    52    68    84
  561    37    65    81
  562    92    60    76
  563    73    39    55
  564    85    61    77
  565    69    78    94
  566    53    83    99
  567    82    37    53
  568    39    19    35
  569    42    75    91
  570    51    67    82
  571    90    39    54
  572    15    72    87
  573    26    14    29
  574    16    38    53
  575    19    25    40
  576    48    66    81
  577    28    22    37
  578    45    62    77
  579    42    61    76
  580     9    77    92
  581    70    47    62
  582    69    38    53
  583    75    73    88
  584    14    63    78
  585    55    38    53
  586    68    66    81
  587     9    17    32
  588    89    51    66
  589    43    74    89
  590    76    76    91
  591    85    25    40
  592    98    85    99
  593    57    28    42
  594    34    75    89
  595    22    34    48
  596    87    65    79
  597     7    80    94
  598    10    53    67
  599    62    53    67
  600    47    77    91
  601    62    39    53
  602    97    84    98
  603    26    28    42
  604    89    80    94
  605    21    79    93
  606    37    14    28
  607    62    34    48
  608    46    12    26
  609    74    74    88
  610    84    59    73
  611    25    43    57
  612    23    30    43
  613    72    80    93
  614    48    84    97
  615    75    27    40
  616    47    11    24
  617     2    83    96
  618    31    81    94
  619    52    75    88
  620    36    15    28
  621    56    82    95
  622    65    78    91
  623    94    75    88
  624    63    23    36
  625    94    22    35
  626    66    16    29
  627    33    83    96
  628    39    52    65
  629    80    41    53
  630    83    82    94
  631     4    86    98
  632    12    83    95
  633    83    43    55
  634    97    61    73
  635    36    80    92
  636    95    75    87
  637    87    84    96
  638    96    72    84
  639    11    53    65
  640    80     9    21
  641    22    78    90
  642     2    21    33
  643    62    79    91
  644    59    12    23
  645    82    57    68
  646    39    73    84
  647    20    79    90
  648    30    83    94
  649    22    51    62
  650     2    82    93
  651    78    77    88
  652    96    54    65
  653    44    88    99
  654    63    15    26
  655    27    49    60
  656    30    73    84
  657    93    43    54
  658    23    17    27
  659    55    87    97
  660    18    46    56
  661    63    64    74
  662    56    32    42
  663    84    40    50
  664    22    81    91
  665     8    80    90
  666    97    17    27
  667    55    84    94
  668    95    88    98
  669    66    34    44
  670    39    89    99
  671    49    85    95
  672    98    85    95
  673    11    77    87
  674    25    83    93
  675    44    17    27
  676    56    64    73
  677    56    37    46
  678    27    21    30
  679    24    66    75
  680    11    83    92
  681    15    67    76
  682    27    55    64
  683    83    90    99
  684    14    74    83
  685    69    90    99
  686    63    75    84
  687    75    23    32
  688    92    36    45
  689    77    43    52
  690    36    85    94
  691    78    87    96
  692    56    78    87
  693    72    61    70
  694    68    80    89
  695    15    76    85
  696    77    36    45
  697    50    89    98
  698     9    66    74
  699    66    67    75
  700    41    85    93
  701    69    72    80
  702     2    70    78
  703    31    26    34
  704    34    84    92
  705    94    10    18
  706    40    12    20
  707    41    81    89
  708    45    85    93
  709    15    90    98
  710    35    84    92
  711    33    59    67
  712    18    60    68
  713    55    44    52
  714    82    81    89
  715    28     1     9
  716    62    84    92
  717    43    77    85
  718     3    44    52
  719     2    90    98
  720    77    69    77
  721    48    35    43
  722    57    85    93
  723    35    63    71
  724    96    55    63
  725    81    71    79
  726    62    88    96
  727    25     3    10
  728     9    82    89
  729    99    66    73
  730    51     6    13
  731    31    92    99
  732    20    14    21
  733    54    22    29
  734    43    75    82
  735    29    78    85
  736    67    27    34
  737    73    90    97
  738    35    61    68
  739    20    86    93
  740    13    38    45
  741    26    64    71
  742   100    61    68
  743    27    89    96
  744    50    85    92
  745    81    56    63
  746    67    66    73
  747    18    50    57
  748    82    70    77
  749    14    81    87
  750    98    91    97
  751     4    81    87
  752    98    86    92
  753    46    92    98
  754    69    88    94
  755    43    17    23
  756    70    90    96
  757    27    75    81
  758     3    67    73
  759    99    91    97
  760    95    65    71
  761    17    76    82
  762    67    81    87
  763    54    93    99
  764     5    17    23
  765    75    17    23
  766    45    91    97
  767    59    92    98
  768     1    54    60
  769     6    56    62
  770    12    88    94
  771    22    63    69
  772    28    89    95
  773    62    91    97
  774    79    91    97
  775    50    93    99
  776    47    26    31
  777    30    52    57
  778    85    75    80
  779    88     6    11
  780    40    86    91
  781    63    92    97
  782    67    65    70
  783    89    90    95
  784     1    92    97
  785    86    93    98
  786    29    80    85
  787    76    82    87
  788     3    60    65
  789    52    71    76
  790    44    43    48
  791     1    60    65
  792    39    44    49
  793    86    50    55
  794    67    84    89
  795    14    56    61
  796    20    78    83
  797     7    20    25
  798    88    86    91
  799    39    79    84
  800    56    89    94
  801   100    54    59
  802     6    45    49
  803    64    63    67
  804     2    95    99
  805    52    79    83
  806    13    74    78
  807    87    76    80
  808    14    94    98
  809    61    74    78
  810    13    67    71
  811    71    74    78
  812    48    86    90
  813    66    95    99
  814    79    93    97
  815    80    68    72
  816    15    74    78
  817    53    17    21
  818    60    75    79
  819    82    93    97
  820    43    71    75
  821    85    95    99
  822    15    69    73
  823    38    57    61
  824     7    51    55
  825    60    88    92
  826    89    95    99
  827     4    95    99
  828    25    86    90
  829    80    91    95
  830    19    91    95
  831    22    94    98
  832    72    90    94
  833    39    70    74
  834    12    64    67
  835    10    75    78
  836    21    91    94
  837    99    61    64
  838    98    37    40
  839    25    95    98
  840    39    50    53
  841    40    59    62
  842    24    83    86
  843    21    76    79
  844     3    94    97
  845    12    18    21
  846    52    39    42
  847    74    74    77
  848    17    84    87
  849    64    96    99
  850    44    95    98
  851     5    63    66
  852    46    40    43
  853    23    72    75
  854    59    89    92
  855    52    96    99
  856    41    59    62
  857    83    90    93
  858    31    74    77
  859    85    70    73
  860    23    86    89
  861    37    95    97
  862    88    94    96
  863    42    86    88
  864    94    90    92
  865    31    50    52
  866    34    69    71
  867    78    95    97
  868    87    30    32
  869    92    83    85
  870    52    42    44
  871     5    93    95
  872    22    40    42
  873    85    91    93
  874    85    96    98
  875    82    60    62
  876    50    92    94
  877    32    59    61
  878    79    96    98
  879    61    97    99
  880     1    78    80
  881     6    78    80
  882    74    67    69
  883    38    97    99
  884    87    62    64
  885    98    77    79
  886    57    88    90
  887    18    93    95
  888    90    96    98
  889    31    91    93
  890    22    95    97
  891    88    34    36
  892    47    15    17
  893    63    97    99
  894    60    61    63
  895    53    29    31
  896     8    66    68
  897    74    88    89
  898    32    92    93
  899    93    96    97
  900    46    83    84
  901    58    96    97
  902    66    84    85
  903    32    91    92
  904    91    93    94
  905    20    47    48
  906    87    94    95
  907    55    96    97
  908    91    81    82
  909    51    93    94
  910    62    64    65
  911    13    43    44
  912    88    86    87
  913    37    68    69
  914    36    81    82
  915     5    98    99
  916   100    63    64
  917    83    98    99
  918    70    38    39
  919     7    96    97
  920    20    95    96
  921    62     1     2
  922    64    85    86
  923    75    49    50
  924    52    95    96
  925    16    74    75
  926    13    98    99
  927    44    92    93
  928    17    33    34
  929    89    93    94
  930    65    90    91
  931    31    59    60
  932     3    98    99
  933    79    97    98
  934    32    97    98
  935    89    37    38
  936    16    53    54
  937    67    66    67
  938    52    99    99
  939     8   100   100
  940    72   100   100
  941     1    96    96
  942    89   100   100
  943    25    40    40
  944    93   100   100
  945     8    93    93
  946    44    70    70
  947     3    98    98
  948    34    78    78
  949    68    82    82
  950    11    42    42
  951    83    95    95
  952    86    17    17
  953     5   100   100
  954    79    95    95
  955    19    86    86
  956    77    83    83
  957    31    77    77
  958    20    98    98
  959    25    93    93
  960    57   100   100
  961    72    86    86
  962    32    99    99
  963    47    99    99
  964    82    96    96
  965    51    98    98
  966    76    95    95
  967    40    98    98
  968    63    91    91
  969    23    99    99
  970    41    87    87
  971    53    99    99
  972    69    98    98
  973    47    99    99
  974    32    35    35
  975    23    77    77
  976    42   100   100
  977    16    99    99
  978    93    88    88
  979    81    99    99
  980     3    73    73
  981    30   100   100
  982    80    99    99
  983    39   100   100
  984    24    92    92
  985    66    71    71
  986    90   100   100
  987    68    99    99
  988    41    97    97
  989    47    94    94
  990    62    99    99
  991    19    85    85
  992    17    99    99
  993    83    99    99
  994    88   100   100
  995    80    98    98
  996    21    39    39
  997     4    27    27
  998    16    96    96
  999    24    99    99
  100