  100
    0    18     8    88
    1    31    21    98
    2    30    20    97
    3    31    21    95
    4    12     2    76
    5    21    11    84
    6    37    27    99
    7    37    27    96
    8    25    15    83
    9    34    24    88
   10    36    26    88
   11    42    32    93
   12    27    17    77
   13    45    35    95
   14    35    25    83
   15    52    42    98
   16    49    39    94
   17    49    39    88
   18    61    51    97
   19    12     2    48
   20    59    49    95
   21    34    24    68
   22    31    21    65
   23    30    20    61
   24    57    47    87
   25    69    59    97
   26    51    41    79
   27    43    33    70
   28    58    48    85
   29    57    47    82
   30    44    34    69
   31    40    30    63
   32    59    49    82
   33    20    10    42
   34    59    49    79
   35    74    64    94
   36    78    68    96
   37    64    54    81
   38    74    64    90
   39    69    59    84
   40    75    65    89
   41    81    71    95
   42    39    29    53
   43    35    25    48
   44    20    10    33
   45    17     7    30
   46    19     9    31
   47    83    73    94
   48    59    49    69
   49    86    76    96
   50    64    54    73
   51    86    76    94
   52    63    53    71
   53    20    10    27
   54    23    13    30
   55    36    26    43
   56    63    53    69
   57    82    72    88
   58    73    63    79
   59    15     5    20
   60    18     8    22
   61    12     2    16
   62    86    76    90
   63    78    68    82
   64    54    44    57
   65    16     6    17
   66    15     5    16
   67    89    79    90
   68    16     6    17
   69    98    88    98
   70    41    31    40
   71   100    90    98
   72   102    92    99
   73   100    90    97
   74    97    87    94
   75    56    46    53
   76   102    92    99
   77    81    71    78
   78    63    53    59
   79    45    35    41
   80    83    73    79
   81   100    90    95
   82    38    28    33
   83    87    77    81
   84    99    89    93
   85    26    16    20
   86    77    67    71
   87    87    77    80
   88   107    97    99
   89    65    55    57
   90   107    97    98
   91    45    35    36
   92    18     8     9
   93    65    55    55
   94    87    77    77
   95    98    88    88
   96   110   100   100
   97   109    99    99
   98   100    90    90
   99    93    83    83
  100