  500
    0     3    13    99
    1     7    17    99
    2     5    15    97
    3     6    16    97
    4     4    14    94
    5    11    21    99
    6     3    13    91
    7     9    19    96
    8    12    22    98
    9     6    16    88
   10    19    29    99
   11    20    30    99
   12    16    26    95
   13    18    28    95
   14    19    29    95
   15    24    34    98
   16    12    22    86
   17     8    18    81
   18     8    18    81
   19    15    25    88
   20    27    37    99
   21    17    27    88
   22    25    35    95
   23     1    11    71
   24    20    30    90
   25    13    23    82
   26    19    29    88
   27    26    36    95
   28    28    38    97
   29    11    21    80
   30    16    26    84
   31    26    36    93
   32    29    39    96
   33    13    23    80
   34    22    32    89
   35     5    15    71
   36    10    20    75
   37    13    23    76
   38    28    38    91
   39    35    45    98
   40    27    37    89
   41    36    46    98
   42    16    26    78
   43    11    21    72
   44    28    38    89
   45     9    19    69
   46     9    19    69
   47     7    17    67
   48    22    32    81
   49    34    44    93
   50     8    18    67
   51    27    37    86
   52    10    20    68
   53    30    40    88
   54    33    43    91
   55    32    42    90
   56     1    11    58
   57     4    14    61
   58    42    52    99
   59     7    17    64
   60    39    49    96
   61    38    48    95
   62    28    38    85
   63    14    24    70
   64    14    24    69
   65    42    52    97
   66    43    53    98
   67    42    52    97
   68    43    53    97
   69    14    24    68
   70    36    46    90
   71    16    26    70
   72    35    45    89
   73    12    22    66
   74    43    53    97
   75    11    21    64
   76    44    54    97
   77    43    53    96
   78    39    49    92
   79    30    40    82
   80    36    46    88
   81    10    20    62
   82    18    28    70
   83    20    30    71
   84    31    41    82
   85    15    25    66
   86    21    31    72
   87    25    35    76
   88    37    47    86
   89    49    59    98
   90    24    34    73
   91    11    21    60
   92     2    12    51
   93    23    33    72
   94    21    31    69
   95    40    50    88
   96    10    20    58
   97    44    54    91
   98    22    32    69
   99    47    57    94
  100    50    60    96
  101    29    39    75
  102     1    11    47
  103    13    23    59
  104    53    63    99
  105    42    52    88
  106    40    50    86
  107    51    61    96
  108    21    31    66
  109     6    16    51
  110    28    38    72
  111    39    49    83
  112    41    51    85
  113    32    42    76
  114    42    52    86
  115    42    52    86
  116    49    59    92
  117    42    52    85
  118    19    29    62
  119    53    63    96
  120    38    48    81
  121    33    43    75
  122    52    62    94
  123    51    61    92
  124    25    35    66
  125    45    55    86
  126    21    31    62
  127    23    33    64
  128    47    57    88
  129    54    64    95
  130    46    56    86
  131    28    38    68
  132    29    39    69
  133    46    56    85
  134    60    70    99
  135     8    18    47
  136    47    57    86
  137    14    24    53
  138    57    67    96
  139    26    36    65
  140     3    13    41
  141    57    67    95
  142    48    58    86
  143    47    57    85
  144    22    32    60
  145    31    41    69
  146    57    67    95
  147     5    15    42
  148    51    61    88
  149    19    29    56
  150     5    15    42
  151    42    52    79
  152    31    41    67
  153    35    45    71
  154    63    73    99
  155    63    73    99
  156    61    71    97
  157    11    21    47
  158    41    51    77
  159    50    60    86
  160    56    66    92
  161    60    70    96
  162    46    56    81
  163     9    19    44
  164    52    62    87
  165     5    15    40
  166     6    16    41
  167    56    66    91
  168     7    17    42
  169    33    43    68
  170    42    52    77
  171    12    22    46
  172    49    59    83
  173    58    68    92
  174    43    53    77
  175    21    31    55
  176    26    36    60
  177    43    53    76
  178    37    47    70
  179    35    45    67
  180     2    12    34
  181    65    75    97
  182    19    29    51
  183    59    69    91
  184    14    24    46
  185    63    73    95
  186    61    71    93
  187    65    75    96
  188    25    35    56
  189    23    33    54
  190    35    45    66
  191    46    56    77
  192     2    12    33
  193    62    72    93
  194    20    30    51
  195    59    69    89
  196    33    43    63
  197    30    40    60
  198    64    74    94
  199    41    51    71
  200    70    80    99
  201    37    47    66
  202    61    71    90
  203    65    75    94
  204    67    77    96
  205    33    43    62
  206    41    51    69
  207    14    24    42
  208     4    14    32
  209     4    14    32
  210    68    78    96
  211    59    69    87
  212    70    80    97
  213    38    48    65
  214    29    39    56
  215    22    32    49
  216    65    75    92
  217    60    70    87
  218    67    77    94
  219    72    82    99
  220    41    51    68
  221    63    73    90
  222    63    73    90
  223    51    61    78
  224    64    74    91
  225    11    21    38
  226    53    63    80
  227    47    57    73
  228    59    69    85
  229    13    23    39
  230    57    67    83
  231    55    65    81
  232    62    72    88
  233    73    83    99
  234    26    36    52
  235    55    65    81
  236    53    63    79
  237     5    15    31
  238    69    79    95
  239    70    80    95
  240    68    78    93
  241    47    57    72
  242    54    64    78
  243    54    64    78
  244    39    49    63
  245    65    75    89
  246    45    55    69
  247    17    27    40
  248    33    43    56
  249    43    53    66
  250    57    67    80
  251    67    77    90
  252    10    20    33
  253    13    23    36
  254    47    57    70
  255    13    23    36
  256    60    70    83
  257    50    60    73
  258    39    49    62
  259    64    74    86
  260    53    63    75
  261    42    52    64
  262    75    85    97
  263    52    62    74
  264    70    80    92
  265     9    19    31
  266    76    86    98
  267    24    34    46
  268    70    80    91
  269    66    76    87
  270    71    81    92
  271    64    74    85
  272    33    43    54
  273    74    84    95
  274    73    83    93
  275    10    20    30
  276    24    34    44
  277    78    88    98
  278    57    67    77
  279    63    73    83
  280    41    51    61
  281    27    37    47
  282    54    64    74
  283    35    45    55
  284     4    14    24
  285    79    89    99
  286     9    19    28
  287    48    58    67
  288    74    84    93
  289    73    83    92
  290    69    79    88
  291    25    35    44
  292    70    80    89
  293    49    59    68
  294    80    90    99
  295    12    22    31
  296    80    90    98
  297    10    20    28
  298    73    83    91
  299    77    87    95
  300    81    91    99
  301    35    45    53
  302    78    88    96
  303    81    91    99
  304    37    47    55
  305    77    87    95
  306    41    51    59
  307    81    91    99
  308    81    91    98
  309    82    92    99
  310    52    62    69
  311    65    75    82
  312    74    84    91
  313    58    68    75
  314    82    92    99
  315    82    92    99
  316    65    75    82
  317    68    78    85
  318    63    73    79
  319    54    64    70
  320    64    74    80
  321    73    83    89
  322    43    53    59
  323    55    65    71
  324    74    84    90
  325    70    80    86
  326    39    49    55
  327    16    26    32
  328    81    91    97
  329    81    91    97
  330    29    39    45
  331    68    78    84
  332    79    89    95
  333    54    64    69
  334    82    92    97
  335     5    15    20
  336    81    91    96
  337    53    63    68
  338    66    76    81
  339    52    62    67
  340    74    84    89
  341    28    38    43
  342    58    68    73
  343    83    93    98
  344    79    89    94
  345    72    82    87
  346    56    66    71
  347    82    92    97
  348    12    22    27
  349    76    86    91
  350    71    81    85
  351    63    73    77
  352    16    26    30
  353    18    28    32
  354    83    93    97
  355    23    33    37
  356    34    44    48
  357    15    25    29
  358    56    66    70
  359    81    91    95
  360    79    89    93
  361    16    26    30
  362    76    86    90
  363    61    71    75
  364    49    59    63
  365    84    94    98
  366    68    78    82
  367    85    95    99
  368    78    88    92
  369    72    82    86
  370    83    93    96
  371    60    70    73
  372    13    23    26
  373    46    56    59
  374    73    83    86
  375    84    94    97
  376    75    85    88
  377    79    89    92
  378    82    92    95
  379    79    89    92
  380    64    74    77
  381    64    74    77
  382     9    19    22
  383    66    76    79
  384    86    96    99
  385    82    92    95
  386    73    83    86
  387    86    96    99
  388    86    96    99
  389    80    90    93
  390    56    66    69
  391    57    67    70
  392    67    77    80
  393    55    65    67
  394    78    88    90
  395    86    96    98
  396    58    68    70
  397    53    63    65
  398    84    94    96
  399    80    90    92
  400    49    59    61
  401     5    15    17
  402    41    51    53
  403    51    61    63
  404    87    97    99
  405    54    64    66
  406    84    94    96
  407    32    42    44
  408    86    96    98
  409    85    95    96
  410    63    73    74
  411    38    48    49
  412    79    89    90
  413    45    55    56
  414    76    86    87
  415    75    85    86
  416    72    82    83
  417    62    72    73
  418    53    63    64
  419    81    91    92
  420    88    98    99
  421    87    97    98
  422   100   100   100
  423    88    98    98
  424    96   100   100
  425    95   100   100
  426    90   100   100
  427    90   100   100
  428    91   100   100
  429    88    98    98
  430   100   100   100
  431    98   100   100
  432    95   100   100
  433    96   100   100
  434    94   100   100
  435    99   100   100
  436    95   100   100
  437    82    92    92
  438    94   100   100
  439    98   100   100
  440    99   100   100
  441    95   100   100
  442    18    28    28
  443    82    92    92
  444    84    94    94
  445    77    87    87
  446    88    98    98
  447    83    93    93
  448    89    99    99
  449    92   100   100
  450    97   100   100
  451    36    46    46
  452    38    48    48
  453   100   100   100
  454    98   100   100
  455    90   100   100
  456    97   100   100
  457    90   100   100
  458    75    85    85
  459    92   100   100
  460    91   100   100
  461    93   100   100
  462    93   100   100
  463    96   100   100
  464    77    87    87
  465    92   100   100
  466   100   100   100
  467    91   100   100
  468    89    99    99
  469    95   100   100
  470    94   100   100
  471    12    22    22
  472    80    90    90
  473    84    94    94
  474    98   100   100
  475    93   100   100
  476    84    94    94
  477    83    93    93
  478    93   100   100
  479    97   100   100
  480    71    81    81
  481    56    66    66
  482    95   100   100
  483    91   100   100
  484    92   100   100
  485    92   100   100
  486    91   100   100
  487   100   100   100
  488    93   100   100
  489    90   100   100
  490    87    97    97
  491    96   100   100
  492    98   100   100
  493   100   100   100
  494    92   100   100
  495    99   100   100
  496    90   100   100
  497    92   100   100
  498    92   100   100
  499    99   100   100
  100