 1000
    0     2    12    99
    1     3    13    99
    2     3    13    98
    3     3    13    96
    4     9    19    99
    5     4    14    94
    6     7    17    97
    7    10    20    96
    8     6    16    92
    9     1    11    87
   10     8    18    94
   11     4    14    89
   12     2    12    86
   13     7    17    91
   14     2    12    85
   15     4    14    87
   16    14    24    97
   17     2    12    85
   18    17    27    99
   19    15    25    97
   20    15    25    96
   21    11    21    92
   22    14    24    95
   23    19    29    99
   24    17    27    96
   25     6    16    85
   26    19    29    98
   27    19    29    98
   28    16    26    94
   29     1    11    78
   30    10    20    87
   31     2    12    79
   32    21    31    97
   33    19    29    94
   34    21    31    96
   35    10    20    84
   36    12    22    86
   37    18    28    91
   38    22    32    95
   39     2    12    75
   40     4    14    77
   41    21    31    94
   42    23    33    96
   43     4    14    77
   44     9    19    82
   45    25    35    97
   46    17    27    89
   47    14    24    86
   48     1    11    73
   49     5    15    76
   50    18    28    89
   51     8    18    78
   52     1    11    71
   53    27    37    97
   54    29    39    99
   55     6    16    75
   56     7    17    76
   57    14    24    82
   58    24    34    92
   59    23    33    91
   60    11    21    79
   61    26    36    94
   62    24    34    91
   63    13    23    80
   64    28    38    95
   65     2    12    69
   66    21    31    88
   67    17    27    84
   68    11    21    78
   69    26    36    93
   70    31    41    98
   71    15    25    82
   72    11    21    77
   73    12    22    78
   74     3    13    69
   75     5    15    71
   76    24    34    90
   77     2    12    68
   78    17    27    83
   79    19    29    84
   80     3    13    68
   81    26    36    91
   82    21    31    86
   83     4    14    69
   84    35    45    99
   85    22    32    86
   86    31    41    95
   87    17    27    81
   88    22    32    86
   89    27    37    91
   90     3    13    67
   91    36    46    99
   92    20    30    83
   93     6    16    69
   94    29    39    92
   95    15    25    77
   96    11    21    73
   97    20    30    82
   98     6    16    67
   99     5    15    66
  100     8    18    69
  101    38    48    99
  102    12    22    73
  103    20    30    80
  104     3    13    63
  105    16    26    76
  106     5    15    65
  107    34    44    94
  108    19    29    79
  109    27    37    87
  110    23    33    82
  111    31    41    90
  112    20    30    79
  113     6    16    65
  114     7    17    66
  115    14    24    73
  116    22    32    81
  117    20    30    79
  118    25    35    84
  119    33    43    92
  120    14    24    73
  121    27    37    85
  122    40    50    98
  123    17    27    75
  124    26    36    84
  125    25    35    82
  126    37    47    94
  127    22    32    79
  128     9    19    66
  129    30    40    87
  130    40    50    96
  131     4    14    60
  132    37    47    93
  133    27    37    83
  134    27    37    83
  135    29    39    85
  136    30    40    86
  137    11    21    66
  138    43    53    98
  139    24    34    79
  140    18    28    73
  141    28    38    83
  142    44    54    99
  143    35    45    90
  144    41    51    96
  145    35    45    89
  146    22    32    76
  147    42    52    96
  148    24    34    78
  149    41    51    95
  150     8    18    62
  151    26    36    80
  152    46    56    99
  153    13    23    66
  154     9    19    62
  155    40    50    93
  156    46    56    99
  157    37    47    90
  158    42    52    94
  159    14    24    66
  160    42    52    94
  161    47    57    99
  162    37    47    89
  163    26    36    77
  164    24    34    75
  165    16    26    67
  166     2    12    53
  167    45    55    96
  168    22    32    73
  169    22    32    72
  170    34    44    84
  171     9    19    59
  172    49    59    99
  173    38    48    88
  174    45    55    95
  175    30    40    80
  176    23    33    72
  177    22    32    71
  178    18    28    67
  179    38    48    87
  180    42    52    91
  181    44    54    93
  182    15    25    64
  183    32    42    81
  184    29    39    78
  185     2    12    51
  186    31    41    79
  187     7    17    55
  188     9    19    57
  189     9    19    57
  190    24    34    72
  191    28    38    76
  192    51    61    99
  193    50    60    98
  194    20    30    68
  195    23    33    70
  196    51    61    98
  197    41    51    88
  198     4    14    51
  199    39    49    86
  200    34    44    81
  201    29    39    76
  202    12    22    59
  203    50    60    97
  204    24    34    71
  205    16    26    62
  206    51    61    97
  207    17    27    63
  208    20    30    66
  209    49    59    95
  210    49    59    95
  211    21    31    67
  212    18    28    64
  213    24    34    70
  214    18    28    64
  215    48    58    94
  216    28    38    74
  217    35    45    80
  218    22    32    67
  219    49    59    94
  220    45    55    90
  221    12    22    57
  222    14    24    59
  223    48    58    93
  224    27    37    72
  225    45    55    90
  226    34    44    79
  227    35    45    80
  228    27    37    71
  229    13    23    57
  230     8    18    52
  231    36    46    80
  232    45    55    89
  233    21    31    65
  234     9    19    53
  235     1    11    45
  236    34    44    78
  237    39    49    83
  238    37    47    81
  239    49    59    93
  240    54    64    98
  241    50    60    93
  242    21    31    64
  243    54    64    97
  244     4    14    47
  245    51    61    94
  246    20    30    63
  247    44    54    87
  248    23    33    66
  249     3    13    46
  250    53    63    96
  251    23    33    66
  252    27    37    70
  253    50    60    93
  254     4    14    47
  255    55    65    98
  256    17    27    60
  257     1    11    44
  258     9    19    52
  259    50    60    92
  260     6    16    48
  261    24    34    66
  262    51    61    93
  263    15    25    57
  264    54    64    96
  265    14    24    56
  266    50    60    92
  267    48    58    90
  268    54    64    95
  269    56    66    97
  270    56    66    97
  271    58    68    99
  272    40    50    81
  273    49    59    90
  274    23    33    64
  275    57    67    97
  276    52    62    92
  277    33    43    73
  278    58    68    98
  279    40    50    80
  280     5    15    45
  281    34    44    74
  282    40    50    80
  283    25    35    65
  284    23    33    63
  285    58    68    98
  286     8    18    48
  287    22    32    62
  288    45    55    85
  289    58    68    98
  290    29    39    69
  291    33    43    72
  292    28    38    67
  293    50    60    89
  294    21    31    60
  295    39    49    78
  296    60    70    99
  297     3    13    42
  298    23    33    62
  299    12    22    51
  300    30    40    69
  301     3    13    42
  302    28    38    66
  303    17    27    55
  304    56    66    94
  305     6    16    44
  306    20    30    58
  307    45    55    83
  308    48    58    86
  309    27    37    65
  310    44    54    82
  311    43    53    81
  312    10    20    47
  313    36    46    73
  314    58    68    95
  315     3    13    40
  316    51    61    88
  317    60    70    97
  318    52    62    89
  319    51    61    88
  320     5    15    42
  321    50    60    87
  322    54    64    91
  323    57    67    94
  324    25    35    62
  325    23    33    60
  326    62    72    99
  327    37    47    74
  328    33    43    69
  329    37    47    73
  330    25    35    61
  331    47    57    83
  332    52    62    88
  333     3    13    39
  334    22    32    58
  335    61    71    97
  336     4    14    40
  337    63    73    99
  338    42    52    78
  339    10    20    46
  340    21    31    57
  341    51    61    86
  342    14    24    49
  343    32    42    67
  344    13    23    48
  345    34    44    69
  346    24    34    59
  347    63    73    98
  348    26    36    61
  349    12    22    47
  350    51    61    85
  351    28    38    62
  352    11    21    45
  353    44    54    78
  354    55    65    89
  355    58    68    92
  356    14    24    48
  357    38    48    72
  358    34    44    68
  359    17    27    51
  360    42    52    76
  361    40    50    74
  362    65    75    99
  363    35    45    69
  364    37    47    71
  365    61    71    95
  366     7    17    40
  367    19    29    52
  368    34    44    67
  369    28    38    61
  370    49    59    82
  371    55    65    88
  372    31    41    64
  373    52    62    85
  374    43    53    76
  375    18    28    51
  376    20    30    53
  377    52    62    85
  378    17    27    49
  379    50    60    82
  380    30    40    62
  381    59    69    91
  382    50    60    82
  383    47    57    79
  384    24    34    56
  385    25    35    57
  386    63    73    95
  387    31    41    63
  388    44    54    76
  389    29    39    61
  390    19    29    51
  391    19    29    51
  392    58    68    89
  393    48    58    79
  394    60    70    91
  395    29    39    60
  396    68    78    99
  397     1    11    32
  398    14    24    44
  399    44    54    74
  400    61    71    91
  401    60    70    90
  402    53    63    83
  403    43    53    73
  404    17    27    47
  405    58    68    88
  406    11    21    41
  407     6    16    36
  408    39    49    69
  409    24    34    54
  410    14    24    44
  411    31    41    61
  412    14    24    43
  413    52    62    81
  414    38    48    67
  415    61    71    90
  416    37    47    66
  417    16    26    45
  418    69    79    97
  419    59    69    87
  420    64    74    92
  421    61    71    89
  422    69    79    97
  423    68    78    96
  424    59    69    87
  425     6    16    34
  426    71    81    99
  427    57    67    85
  428    71    81    99
  429    71    81    98
  430    56    66    83
  431    61    71    88
  432    55    65    82
  433    46    56    73
  434    57    67    84
  435     2    12    29
  436    23    33    50
  437    20    30    47
  438    31    41    58
  439    61    71    88
  440    49    59    76
  441    72    82    99
  442    59    69    86
  443    54    64    81
  444    45    55    71
  445    39    49    65
  446    16    26    42
  447    45    55    71
  448    68    78    94
  449     2    12    28
  450    58    68    84
  451    26    36    52
  452    27    37    53
  453    41    51    67
  454    13    23    39
  455    14    24    40
  456    73    83    99
  457    53    63    79
  458    22    32    48
  459    45    55    71
  460    49    59    75
  461    66    76    92
  462    24    34    49
  463    16    26    41
  464    65    75    90
  465    24    34    49
  466    64    74    89
  467    70    80    95
  468    66    76    91
  469    14    24    39
  470    62    72    87
  471    61    71    86
  472    51    61    76
  473    10    20    35
  474    45    55    70
  475    64    74    89
  476    45    55    70
  477    74    84    98
  478     7    17    31
  479    72    82    96
  480    56    66    80
  481    45    55    69
  482    73    83    97
  483    19    29    43
  484    38    48    62
  485    26    36    50
  486    71    81    95
  487    60    70    84
  488    31    41    55
  489    63    73    86
  490    53    63    76
  491    70    80    93
  492     9    19    32
  493    66    76    89
  494    63    73    86
  495    74    84    97
  496    66    76    89
  497    54    64    77
  498    44    54    67
  499    75    85    98
  500    61    71    84
  501    76    86    99
  502    71    81    94
  503    13    23    36
  504    51    61    74
  505    48    58    71
  506    73    83    96
  507    31    41    54
  508    56    66    79
  509    29    39    52
  510    59    69    82
  511    76    86    99
  512     6    16    29
  513    76    86    98
  514    77    87    99
  515    52    62    74
  516    39    49    61
  517    37    47    59
  518    66    76    88
  519    18    28    40
  520    28    38    50
  521    18    28    40
  522    77    87    99
  523    69    79    91
  524    37    47    59
  525    72    82    94
  526    75    85    97
  527    37    47    59
  528    71    81    93
  529     6    16    28
  530    65    75    87
  531    76    86    97
  532    48    58    69
  533    46    56    67
  534    66    76    87
  535    11    21    32
  536    77    87    98
  537    51    61    72
  538    35    45    56
  539    62    72    83
  540    67    77    88
  541    71    81    92
  542    70    80    91
  543    20    30    41
  544    28    38    49
  545    68    78    89
  546    66    76    87
  547    50    60    71
  548    56    66    77
  549    49    59    70
  550     9    19    30
  551    52    62    72
  552    20    30    40
  553    41    51    61
  554    34    44    54
  555     7    17    27
  556    63    73    83
  557    66    76    86
  558    78    88    98
  559    73    83    93
  560    16    26    36
  561    77    87    97
  562    26    36    46
  563    67    77    87
  564    30    40    50
  565    69    79    89
  566    78    88    98
  567    79    89    99
  568    31    41    51
  569    17    27    37
  570    53    63    73
  571     9    19    29
  572    32    42    52
  573    48    58    68
  574    76    86    96
  575    50    60    70
  576    29    39    49
  577    38    48    57
  578    79    89    98
  579    79    89    98
  580    78    88    97
  581    62    72    81
  582    76    86    95
  583    60    70    79
  584    58    68    77
  585    51    61    70
  586    41    51    60
  587    17    27    36
  588    38    48    57
  589    51    61    70
  590    63    73    82
  591    68    78    87
  592    54    64    73
  593    70    80    89
  594    64    74    83
  595    60    70    79
  596    40    50    59
  597    32    42    51
  598     3    13    22
  599    65    75    84
  600    65    75    84
  601    79    89    98
  602    48    58    67
  603    80    90    99
  604    81    91    99
  605    73    83    91
  606    32    42    50
  607    12    22    30
  608    76    86    94
  609    44    54    62
  610    57    67    75
  611    38    48    56
  612    62    72    80
  613    77    87    95
  614    13    23    31
  615    80    90    98
  616    59    69    77
  617    65    75    83
  618    71    81    89
  619     8    18    26
  620    80    90    98
  621    40    50    58
  622    33    43    51
  623    69    79    86
  624    19    29    36
  625    75    85    92
  626    76    86    93
  627    47    57    64
  628     9    19    26
  629    21    31    38
  630    48    58    65
  631    78    88    95
  632    30    40    47
  633    59    69    76
  634    79    89    96
  635    68    78    85
  636     4    14    21
  637    13    23    30
  638    25    35    42
  639    44    54    61
  640    31    41    48
  641    52    62    69
  642    73    83    90
  643    71    81    88
  644    80    90    97
  645    47    57    64
  646    32    42    49
  647    60    70    77
  648    80    90    97
  649    30    40    47
  650    81    91    97
  651    73    83    89
  652    82    92    98
  653    37    47    53
  654    75    85    91
  655    58    68    74
  656    82    92    98
  657    48    58    64
  658    41    51    57
  659    59    69    75
  660     9    19    25
  661    78    88    94
  662    81    91    97
  663    72    82    88
  664    43    53    59
  665    30    40    46
  666    72    82    88
  667    63    73    79
  668    57    67    73
  669    81    91    97
  670     5    15    21
  671    73    83    89
  672    81    91    97
  673    33    43    49
  674    81    91    96
  675    47    57    62
  676    16    26    31
  677    42    52    57
  678    65    75    80
  679    63    73    78
  680    77    87    92
  681    66    76    81
  682    50    60    65
  683    56    66    71
  684    64    74    79
  685    67    77    82
  686    71    81    86
  687    79    89    94
  688    11    21    26
  689    83    93    98
  690    76    86    91
  691    51    61    66
  692    73    83    88
  693    84    94    99
  694    56    66    71
  695    79    89    94
  696    41    51    56
  697     4    14    19
  698    82    92    97
  699    84    94    99
  700    42    52    57
  701    55    65    70
  702    64    74    79
  703    80    90    95
  704    84    94    99
  705    73    83    88
  706    65    75    80
  707    51    61    66
  708    24    34    39
  709    83    93    98
  710    45    55    60
  711    81    91    95
  712    70    80    84
  713     3    13    17
  714    45    55    59
  715    83    93    97
  716    48    58    62
  717    83    93    97
  718    84    94    98
  719    20    30    34
  720    80    90    94
  721    83    93    97
  722    54    64    68
  723    26    36    40
  724    82    92    96
  725    30    40    44
  726    82    92    96
  727    54    64    68
  728    67    77    81
  729    66    76    80
  730    51    61    65
  731    84    94    98
  732    62    72    76
  733    16    26    30
  734    35    45    49
  735    79    89    93
  736    56    66    70
  737    67    77    81
  738    79    89    93
  739    80    90    94
  740     5    15    18
  741    53    63    66
  742    78    88    91
  743    69    79    82
  744    66    76    79
  745    12    22    25
  746    60    70    73
  747    72    82    85
  748    15    25    28
  749    43    53    56
  750    73    83    86
  751    53    63    66
  752    65    75    78
  753    51    61    64
  754    27    37    40
  755    84    94    97
  756    84    94    97
  757    81    91    94
  758    66    76    79
  759    65    75    77
  760    73    83    85
  761    83    93    95
  762    85    95    97
  763    60    70    72
  764    85    95    97
  765     8    18    20
  766    62    72    74
  767     6    16    18
  768    23    33    35
  769    86    96    98
  770    17    27    29
  771    86    96    98
  772    33    43    45
  773    77    87    89
  774    12    22    24
  775    68    78    80
  776    76    86    88
  777    66    76    78
  778    68    78    80
  779    86    96    98
  780    87    97    99
  781    42    52    54
  782    85    95    97
  783    80    90    92
  784    73    83    85
  785    82    92    94
  786    79    89    91
  787    83    93    95
  788    76    86    88
  789    22    32    34
  790    85    95    97
  791    55    65    67
  792    86    96    98
  793    86    96    98
  794    85    95    97
  795    87    97    99
  796    26    36    37
  797    81    91    92
  798    27    37    38
  799    66    76    77
  800     1    11    12
  801    83    93    94
  802    69    79    80
  803    73    83    84
  804    85    95    96
  805    77    87    88
  806    87    97    98
  807    82    92    93
  808    64    74    75
  809    17    27    28
  810    86    96    97
  811    85    95    96
  812    69    79    80
  813    84    94    95
  814    66    76    77
  815    58    68    69
  816    30    40    41
  817    88    98    99
  818    88    98    99
  819    87    97    98
  820    81    91    92
  821    67    77    78
  822    80    90    91
  823    85    95    96
  824    88    98    99
  825    38    48    49
  826    81    91    92
  827    81    91    92
  828    64    74    75
  829    85    95    96
  830    83    93    94
  831    42    52    53
  832    75    85    86
  833    69    79    80
  834    78    88    89
  835    85    95    96
  836    35    45    46
  837    42    52    53
  838    92   100   100
  839    92   100   100
  840    94   100   100
  841    92   100   100
  842    88    98    98
  843    93   100   100
  844    48    58    58
  845    91   100   100
  846    90   100   100
  847    88    98    98
  848    89    99    99
  849    88    98    98
  850    76    86    86
  851    95   100   100
  852    90   100   100
  853    97   100   100
  854    92   100   100
  855    73    83    83
  856    99   100   100
  857   100   100   100
  858    89    99    99
  859    92   100   100
  860    85    95    95
  861    95   100   100
  862    85    95    95
  863    99   100   100
  864    72    82    82
  865   100   100   100
  866    94   100   100
  867    89    99    99
  868    96   100   100
  869    91   100   100
  870    43    53    53
  871    39    49    49
  872    89    99    99
  873    93   100   100
  874    74    84    84
  875    99   100   100
  876    92   100   100
  877    96   100   100
  878    89    99    99
  879    92   100   100
  880    93   100   100
  881    86    96    96
  882    21    31    31
  883    94   100   100
  884    91   100   100
  885    98   100   100
  886    52    62    62
  887    91   100   100
  888    97   100   100
  889    89    99    99
  890    79    89    89
  891    92   100   100
  892    82    92    92
  893    91   100   100
  894    93   100   100
  895    96   100   100
  896    89    99    99
  897    79    89    89
  898    97   100   100
  899    96   100   100
  900    90   100   100
  901    84    94    94
  902    92   100   100
  903    90   100   100
  904    94   100   100
  905    70    80    80
  906    95   100   100
  907    99   100   100
  908    89    99    99
  909    99   100   100
  910    82    92    92
  911    93   100   100
  912    88    98    98
  913    92   100   100
  914    93   100   100
  915    91   100   100
  916    94   100   100
  917    88    98    98
  918    94   100   100
  919    74    84    84
  920    95   100   100
  921    98   100   100
  922    91   100   100
  923    90   100   100
  924    94   100   100
  925    94   100   100
  926    94   100   100
  927    79    89    89
  928    97   100   100
  929    93   100   100
  930    81    91    91
  931    84    94    94
  932    89    99    99
  933    91   100   100
  934    90   100   100
  935    88    98    98
  936    94   100   100
  937    90   100   100
  938    91   100   100
  939    57    67    67
  940    47    57    57
  941    95   100   100
  942    39    49    49
  943    90   100   100
  944    91   100   100
  945    97   100   100
  946    99   100   100
  947    90   100   100
  948    79    89    89
  949    56    66    66
  950   100   100   100
  951    86    96    96
  952    99   100   100
  953    78    88    88
  954    90   100   100
  955    98   100   100
  956    89    99    99
  957    94   100   100
  958    47    57    57
  959    89    99    99
  960    45    55    55
  961    68    78    78
  962    91   100   100
  963    90   100   100
  964    78    88    88
  965    99   100   100
  966    92   100   100
  967    99   100   100
  968    90   100   100
  969    89    99    99
  970   100   100   100
  971    93   100   100
  972    96   100   100
  973    49    59    59
  974    97   100   100
  975    90   100   100
  976    86    96    96
  977    91   100   100
  978    99   100   100
  979    94   100   100
  980    95   100   100
  981    95   100   100
  982    98   100   100
  983    72    82    82
  984    92   100   100
  985    99   100   100
  986    63    73    73
  987    91   100   100
  988    97   100   100
  989    79    89    89
  990    96   100   100
  991   100   100   100
  992    92   100   100
  993    87    97    97
  994    98   100   100
  995    98   100   100
  996    93   100   100
  997    94   100   100
  998    98   100   100
  999    96   100   100
  100