 1000
    0     7     4    99
    1     1     3    98
    2     1     2    97
    3     3     5    99
    4     1     1    92
    5     1     7    97
    6     4    10    99
    7    11     5    94
    8    17     9    97
    9     1     5    93
   10     5     3    90
   11     1     9    96
   12     2     6    92
   13     6    10    94
   14    21    12    96
   15     1     2    85
   16    18    12    95
   17    21    14    96
   18     8    13    93
   19    13    13    91
   20    13     3    81
   21    25    21    98
   22     5    10    86
   23    19     9    85
   24    28    18    94
   25    26    24    99
   26    28    23    97
   27     1     8    82
   28    25    24    98
   29    15     9    82
   30     1     4    77
   31    30    20    92
   32    29    19    91
   33     1     8    80
   34    11     1    72
   35     4     6    77
   36    12     2    73
   37    11    21    92
   38    28    27    97
   39    18    23    93
   40    19    25    95
   41    10     6    75
   42    14    15    84
   43    20    28    96
   44    20    22    90
   45    24    32    99
   46    28    26    93
   47    27    24    90
   48    11     5    71
   49    36    31    97
   50    21    23    89
   51    30    21    87
   52    19    15    81
   53    25    26    91
   54    22    16    81
   55    29    22    87
   56    27    32    97
   57    14     5    70
   58    43    33    97
   59    13     3    67
   60    27    34    98
   61    23    26    89
   62     1     6    69
   63     2     9    72
   64    12    10    73
   65    35    31    94
   66    38    36    99
   67    21    21    83
   68    42    33    95
   69    12    10    72
   70    20    26    88
   71    18    23    85
   72    43    37    99
   73    17     8    70
   74     5     6    67
   75     7    11    72
   76    21    11    72
   77    34    37    97
   78    31    26    86
   79     6    16    76
   80    32    38    98
   81    23    16    76
   82     8    18    78
   83    28    25    84
   84    14    20    79
   85     1     3    62
   86    15    15    74
   87    19    25    84
   88    34    41    99
   89     6    11    69
   90    20    24    82
   91    42    37    95
   92    13    16    73
   93    11     2    59
   94    31    38    95
   95     1     8    65
   96    35    26    83
   97    18    19    76
   98    37    34    90
   99    35    42    98
  100     2    12    68
  101     6     5    61
  102    10    12    67
  103    38    42    97
  104    31    31    86
  105    22    12    66
  106    10    19    72
  107    43    33    86
  108     6    12    65
  109    28    20    73
  110    12     7    60
  111    20    11    64
  112    29    31    84
  113    16    11    64
  114    21    14    67
  115    21    21    73
  116    28    23    75
  117    24    34    86
  118    33    27    79
  119    32    34    85
  120    26    17    68
  121    56    46    97
  122    11     3    54
  123    44    44    95
  124    24    29    80
  125     1     5    55
  126    56    49    99
  127    48    40    90
  128     9    11    61
  129    16     7    57
  130     1     4    54
  131    10    13    63
  132    23    17    66
  133     3    13    62
  134    37    39    88
  135    10     9    58
  136    24    27    76
  137    43    48    97
  138    45    39    88
  139    13    19    67
  140    36    26    74
  141    38    42    90
  142    37    33    81
  143    43    50    98
  144    24    22    70
  145    37    44    92
  146    10     4    52
  147    30    26    73
  148    46    52    99
  149    21    11    58
  150    12    16    63
  151    28    31    78
  152    43    42    89
  153    23    27    74
  154    55    46    93
  155    41    49    96
  156     9    17    63
  157    18     9    55
  158    38    47    93
  159    41    47    93
  160    48    45    91
  161    42    32    78
  162    23    23    69
  163    13    12    58
  164    49    42    87
  165    26    34    79
  166    56    48    93
  167     1     2    47
  168    54    45    90
  169    41    39    84
  170    40    41    86
  171    23    17    62
  172    35    27    72
  173    40    31    76
  174    45    41    85
  175    64    54    98
  176     7    12    56
  177    25    18    62
  178    18    22    66
  179    45    52    96
  180    36    26    70
  181    39    47    91
  182    64    55    99
  183     9     3    46
  184    47    44    87
  185    32    24    67
  186    56    55    98
  187    55    49    92
  188    45    47    90
  189    17    14    57
  190    14    23    66
  191    50    49    92
  192    61    53    96
  193    25    17    59
  194    15    18    60
  195    55    49    91
  196    11     9    51
  197    52    56    98
  198    31    33    75
  199    59    51    92
  200     9    18    59
  201    15    11    52
  202    25    16    57
  203     2    12    53
  204    60    50    91
  205    30    26    67
  206    19     9    50
  207    43    38    79
  208    25    16    56
  209    38    35    75
  210    42    40    80
  211    53    55    95
  212    29    36    76
  213    41    35    75
  214    58    56    96
  215    43    35    75
  216    26    27    67
  217    40    42    82
  218    59    53    93
  219    68    59    99
  220    16    17    57
  221    23    27    67
  222    45    35    74
  223    20    25    64
  224    49    52    91
  225    42    42    81
  226    24    28    67
  227    39    44    83
  228    35    43    82
  229    38    35    73
  230    31    40    78
  231    10     6    44
  232    59    58    96
  233    51    60    98
  234    53    54    92
  235    24    21    59
  236    38    29    67
  237    57    55    93
  238    42    45    83
  239    51    59    97
  240    41    41    78
  241    54    55    92
  242    43    38    75
  243    19     9    46
  244    59    56    93
  245    15     8    45
  246    64    57    94
  247    68    59    96
  248    56    59    96
  249    51    46    83
  250    62    60    97
  251    62    62    98
  252    42    50    86
  253    45    53    89
  254     3    12    48
  255    61    59    95
  256    42    35    71
  257    39    41    77
  258    34    44    80
  259    35    29    64
  260    29    21    56
  261     1     2    37
  262    37    32    67
  263     1     3    38
  264     7     4    39
  265    18    22    57
  266    55    58    93
  267    29    38    73
  268    66    62    97
  269     1     6    40
  270    61    63    97
  271    53    54    88
  272    53    52    86
  273    22    18    52
  274    46    53    87
  275    32    32    66
  276    46    53    87
  277    44    48    82
  278    46    36    69
  279    57    57    90
  280    41    31    64
  281    55    61    94
  282    16    20    53
  283    54    60    93
  284    38    47    80
  285    22    17    50
  286    29    25    58
  287     1     9    42
  288    56    47    80
  289    41    32    65
  290    47    49    82
  291    55    49    81
  292     2    11    43
  293    33    30    62
  294    69    61    93
  295    37    42    74
  296    48    56    88
  297    30    30    62
  298    39    47    79
  299     9    14    45
  300    26    26    57
  301    22    16    47
  302    33    35    66
  303    36    35    66
  304    36    39    70
  305    65    60    91
  306     1     9    40
  307    42    51    82
  308    78    68    99
  309    49    41    72
  310    43    42    73
  311    51    61    92
  312    36    30    61
  313    28    35    65
  314    64    56    86
  315    67    67    97
  316    16     9    39
  317    62    56    86
  318    21    29    59
  319    19    14    44
  320    12    18    48
  321     1     8    38
  322    37    42    72
  323     8    18    48
  324    59    57    87
  325    32    23    52
  326    38    30    59
  327    16    17    46
  328    60    68    97
  329    18    19    48
  330    21    24    53
  331    18     9    38
  332     5     3    32
  333    39    36    64
  334    79    70    98
  335     1     7    35
  336    25    31    59
  337    44    50    78
  338    47    56    84
  339    38    31    59
  340    21    26    54
  341    60    59    86
  342    28    21    48
  343    39    31    58
  344     4     7    34
  345     1     2    29
  346    56    52    79
  347    66    63    90
  348    39    46    73
  349    31    40    67
  350    63    61    88
  351    33    34    60
  352    54    53    79
  353    65    57    83
  354    34    39    65
  355    32    27    53
  356    15    13    39
  357    64    55    81
  358     1     4    30
  359    44    42    68
  360    65    61    87
  361    41    32    58
  362    18    20    46
  363    43    44    70
  364    32    36    62
  365    72    62    88
  366    23    33    59
  367    35    39    65
  368    62    65    91
  369    59    52    77
  370    64    54    79
  371    66    67    92
  372    46    46    71
  373    81    73    98
  374     8     7    32
  375    27    35    60
  376    20    17    42
  377    64    69    94
  378    40    48    73
  379    60    57    82
  380    40    37    62
  381    75    71    96
  382    45    55    80
  383     1     3    27
  384     1     1    25
  385    64    68    92
  386    66    68    92
  387    31    25    49
  388    54    52    76
  389    16    13    37
  390     7    15    39
  391    33    43    67
  392    60    66    90
  393    31    25    49
  394     1     9    32
  395    42    39    62
  396    66    63    86
  397    79    74    97
  398    35    26    49
  399     5    14    37
  400    56    64    87
  401    67    75    98
  402     1     9    32
  403    22    14    37
  404    48    41    64
  405    85    76    99
  406    66    67    90
  407    57    48    70
  408    56    66    88
  409    46    53    75
  410    53    59    81
  411    65    55    77
  412    14     9    31
  413    21    22    44
  414    57    49    71
  415    42    46    68
  416    57    49    71
  417    24    24    46
  418     1     4    26
  419    24    15    37
  420    73    68    90
  421    13    20    41
  422    13    14    35
  423    68    74    95
  424    58    50    71
  425    40    49    70
  426    73    74    95
  427     7     2    23
  428    26    28    49
  429    70    66    87
  430    68    70    91
  431    48    40    61
  432    49    49    70
  433    39    46    66
  434    20    21    41
  435    76    67    87
  436    36    29    49
  437    32    27    47
  438    47    52    72
  439    69    63    83
  440    59    69    89
  441    12    13    33
  442     8     1    21
  443    56    65    85
  444    71    67    87
  445    50    50    70
  446    62    67    87
  447    17    25    45
  448    71    74    93
  449    61    68    87
  450    62    55    74
  451    69    79    98
  452    63    69    88
  453    73    74    93
  454    10     8    27
  455    21    29    48
  456     4     5    24
  457    65    59    78
  458    17    20    39
  459    66    63    82
  460    30    40    59
  461    82    76    95
  462    64    72    90
  463    78    71    89
  464    68    60    78
  465     7     9    27
  466    59    66    84
  467    30    27    45
  468     3     9    27
  469    66    76    94
  470    71    66    84
  471    70    67    85
  472    68    58    76
  473    73    76    94
  474    73    74    92
  475    78    68    86
  476    69    76    94
  477    73    77    95
  478    21    30    48
  479     9    17    35
  480    80    81    99
  481    75    76    94
  482    68    64    82
  483    59    62    80
  484    51    52    69
  485    32    30    47
  486    24    27    44
  487    76    67    84
  488    67    57    74
  489    21    16    33
  490    90    82    99
  491    82    81    98
  492    61    61    78
  493     1     5    22
  494    42    42    59
  495    70    62    79
  496    87    78    95
  497    71    75    92
  498     5     8    25
  499    70    70    87
  500    79    72    89
  501    51    47    64
  502    75    69    86
  503    14     5    21
  504    36    45    61
  505    79    71    87
  506    39    43    59
  507    77    72    88
  508    28    28    44
  509    85    80    96
  510    80    83    99
  511    55    55    71
  512    24    32    48
  513    59    51    67
  514    71    65    81
  515    70    75    91
  516    47    54    70
  517     6     4    20
  518    57    59    75
  519    77    76    92
  520    45    49    65
  521    55    52    68
  522    49    50    65
  523    65    64    79
  524    30    30    45
  525    81    84    99
  526    81    72    87
  527    70    71    86
  528    80    70    85
  529    64    67    82
  530    65    70    85
  531    67    72    87
  532    53    58    73
  533    85    81    96
  534    69    73    88
  535    73    64    79
  536    57    56    71
  537    77    68    83
  538    89    84    99
  539    37    41    56
  540    53    50    64
  541    13    15    29
  542    85    84    98
  543    61    67    81
  544    72    69    83
  545    60    70    84
  546    80    79    93
  547    75    78    92
  548    78    83    97
  549    55    51    65
  550    79    77    91
  551    79    84    98
  552    21    11    25
  553    93    85    99
  554    54    64    78
  555    70    79    93
  556    66    66    80
  557    74    76    90
  558    42    43    57
  559    75    81    95
  560    62    59    73
  561    48    48    62
  562    75    65    79
  563    59    59    73
  564    37    46    59
  565    60    60    73
  566    32    37    50
  567    68    65    78
  568    14    14    27
  569    42    33    46
  570    73    80    93
  571    60    69    82
  572    61    55    68
  573    71    73    86
  574    46    45    58
  575    73    82    95
  576    77    77    90
  577    56    54    66
  578    43    53    65
  579    65    62    74
  580    71    72    84
  581    26    30    42
  582    63    56    68
  583    66    75    87
  584    94    87    99
  585    74    67    79
  586    73    72    84
  587    84    75    87
  588     3     6    18
  589     4     4    16
  590    82    87    99
  591    41    42    54
  592    44    47    59
  593    88    86    98
  594    80    85    97
  595    84    74    86
  596    64    60    72
  597    74    80    92
  598    24    32    43
  599    37    38    49
  600    79    81    92
  601    69    66    77
  602    85    88    99
  603    77    67    78
  604    79    81    92
  605    50    60    71
  606    35    35    46
  607    78    80    91
  608    26    28    39
  609    85    78    89
  610    92    87    98
  611    72    68    79
  612    90    88    99
  613    82    75    86
  614    45    37    48
  615    47    49    60
  616    91    88    99
  617    67    76    87
  618    64    73    84
  619    23    13    24
  620    87    89    99
  621    72    68    78
  622    31    30    40
  623    82    81    91
  624    85    76    86
  625    74    78    88
  626    78    80    90
  627    58    53    63
  628    90    89    99
  629    71    69    79
  630    54    51    61
  631    71    78    88
  632    85    75    85
  633    65    70    80
  634    29    29    39
  635    82    74    84
  636    69    60    70
  637    66    62    72
  638    33    28    38
  639    70    60    70
  640    37    37    46
  641    83    86    95
  642    64    60    69
  643    81    77    86
  644    79    83    92
  645    71    65    74
  646    42    38    47
  647    94    87    96
  648    58    66    75
  649    37    29    38
  650    82    90    99
  651    29    37    46
  652    10    11    20
  653    39    48    57
  654    43    43    52
  655    59    49    58
  656    40    30    39
  657    74    77    86
  658     1     1    10
  659    30    34    42
  660    54    58    66
  661    75    85    93
  662    81    74    82
  663    59    68    76
  664    86    85    93
  665    77    86    94
  666    57    58    66
  667    24    24    32
  668    79    84    92
  669    47    42    50
  670    68    70    78
  671    35    42    50
  672    47    46    54
  673    84    90    98
  674    95    91    99
  675    63    70    78
  676    93    86    94
  677    95    90    98
  678    84    80    88
  679    63    62    70
  680    79    78    86
  681    97    90    98
  682    78    86    94
  683    73    80    88
  684    81    73    81
  685    57    65    73
  686    12    14    22
  687    99    91    99
  688    78    73    81
  689    42    42    49
  690    20    18    25
  691    92    89    96
  692    46    49    56
  693    96    87    94
  694    45    55    62
  695    85    91    98
  696   100    92    99
  697     7     2     9
  698    59    58    65
  699    37    39    46
  700    92    90    97
  701    63    56    63
  702    97    90    97
  703    82    92    99
  704    94    88    95
  705    43    48    55
  706    82    82    89
  707    56    59    66
  708    48    51    58
  709    63    66    73
  710     6    15    22
  711    93    91    98
  712    83    89    95
  713    56    64    70
  714    54    47    53
  715    93    88    94
  716    83    87    93
  717    65    74    80
  718    32    32    38
  719    47    49    55
  720    42    50    56
  721    81    71    77
  722    94    90    96
  723    71    76    82
  724    37    39    45
  725    92    89    95
  726    91    88    94
  727    51    49    55
  728    75    66    72
  729    69    62    68
  730    96    88    94
  731    66    64    70
  732    82    90    96
  733    66    60    66
  734    48    43    49
  735    37    46    52
  736    70    73    79
  737    59    54    60
  738    75    82    88
  739    93    86    92
  740    90    93    99
  741    90    90    96
  742    78    82    88
  743    17    12    17
  744    90    81    86
  745    85    92    97
  746    68    71    76
  747    78    85    90
  748   100    94    99
  749    45    49    54
  750    24    27    32
  751    97    90    95
  752    83    85    90
  753    28    19    24
  754    65    62    67
  755    76    69    74
  756     8    11    16
  757    84    81    86
  758    43    42    47
  759    93    94    99
  760    98    93    98
  761    59    69    74
  762    87    89    94
  763    64    70    75
  764    77    78    83
  765    84    87    92
  766    28    35    40
  767    76    81    86
  768    96    87    92
  769    95    87    92
  770     1     6    11
  771    67    77    81
  772    94    87    91
  773    84    91    95
  774    95    85    89
  775    29    35    39
  776    64    70    74
  777    36    36    40
  778    54    44    48
  779    53    45    49
  780    74    83    87
  781    11     5     9
  782    81    86    90
  783    54    49    53
  784    70    65    69
  785    85    92    96
  786    54    54    58
  787    64    74    78
  788    83    90    94
  789    97    93    97
  790    97    87    91
  791    76    78    82
  792    72    71    75
  793    22    25    29
  794    80    88    92
  795    95    86    90
  796    67    58    62
  797    69    71    75
  798    91    91    95
  799    90    95    99
  800    13    21    25
  801    59    62    66
  802    93    85    89
  803    55    60    64
  804    93    86    90
  805    86    94    97
  806    33    41    44
  807    52    56    59
  808    38    45    48
  809    81    89    92
  810    71    78    81
  811    37    39    42
  812    75    84    87
  813    80    88    91
  814    89    96    99
  815    84    87    90
  816    98    93    96
  817    55    56    59
  818    89    91    94
  819    57    61    64
  820    88    91    94
  821    86    94    97
  822    81    90    93
  823    80    88    91
  824    33    38    41
  825    91    91    94
  826    92    85    88
  827    22    19    22
  828    29    33    36
  829    53    59    62
  830    93    92    95
  831    76    86    89
  832    81    89    92
  833    93    93    96
  834    94    96    99
  835    69    63    66
  836    20    25    28
  837    85    83    86
  838    80    85    88
  839    72    80    83
  840    63    71    74
  841   100    95    98
  842    95    95    97
  843    99    95    97
  844    94    91    93
  845    34    26    28
  846    84    78    80
  847    73    76    78
  848    71    79    81
  849    81    73    75
  850    78    69    71
  851     4    11    13
  852    92    90    92
  853   101    95    97
  854   104    96    98
  855     8    17    19
  856     6    15    17
  857    79    83    85
  858    85    88    90
  859    44    54    56
  860    84    87    89
  861    99    96    98
  862    81    85    87
  863    66    56    58
  864    89    92    94
  865    98    92    94
  866    51    50    52
  867    98    96    98
  868   103    97    99
  869     2    11    13
  870    56    51    53
  871    62    61    63
  872   105    97    99
  873    97    94    96
  874    60    55    57
  875    79    71    73
  876    55    56    58
  877   100    90    92
  878    89    84    86
  879    64    63    65
  880    61    53    55
  881    93    95    97
  882    87    94    95
  883   101    98    99
  884    87    90    91
  885    89    85    86
  886   102    97    98
  887    46    39    40
  888    94    98    99
  889    95    97    98
  890    89    95    96
  891    98    94    95
  892    88    86    87
  893    94    92    93
  894    77    86    87
  895    67    64    65
  896    40    45    46
  897    14    17    18
  898   106    96    97
  899    78    73    74
  900    68    72    73
  901    76    75    76
  902    18    10    11
  903    29    28    29
  904    88    98    99
  905    96    98    99
  906    96    86    87
  907    90    98    99
  908    93    83    84
  909    85    93    94
  910    87    89    90
  911    15    14    15
  912    93    98    99
  913    35    40    41
  914   102    95    96
  915   105    96    97
  916    77    84    85
  917    66    75    76
  918    92    98    99
  919    72    82    83
  920    57    56    57
  921    83    75    76
  922    92    92    93
  923    87    97    98
  924    91    98    99
  925    88    90    91
  926    79    89    90
  927    79    71    72
  928    60    61    62
  929    38    44    45
  930    64    69    70
  931    90    93    94
  932    67    65    66
  933    87    81    82
  934    85    84    85
  935     3     9     9
  936   110   100   100
  937    95    96    96
  938    93   100   100
  939   103    94    94
  940    88    90    90
  941    88    90    90
  942   103    97    97
  943   100    95    95
  944    56    59    59
  945     8    14    14
  946   106    97    97
  947   102    94    94
  948    92    98    98
  949    88    79    79
  950    98    91    91
  951    96   100   100
  952   102    98    98
  953   102    99    99
  954    82    83    83
  955   104    99    99
  956   100   100   100
  957    97    97    97
  958    25    19    19
  959    74    65    65
  960   102    97    97
  961   104    99    99
  962    37    28    28
  963   107    99    99
  964    98    92    92
  965    77    70    70
  966    65    70    70
  967    80    85    85
  968    61    69    69
  969    90    82    82
  970    86    94    94
  971    94    88    88
  972   108    99    99
  973    73    64    64
  974    45    45    45
  975    83    80    80
  976    94    97    97
  977   108    98    98
  978   107    99    99
  979   101    99    99
  980    70    62    62
  981    59    57    57
  982    45    53    53
  983    90    97    97
  984    98    88    88
  985    98    98    98
  986    81    82    82
  987   110   100   100
  988   101    94    94
  989    66    69    69
  990   103   100   100
  991    86    95    95
  992    31    29    29
  993    97    91    91
  994    97    96    96
  995   104   100   100
  996    94    89    89
  997    94    99    99
  998    98    99    99
  999    94    97    97
  100