  100
    0     9    19    99
    1     4    14    91
    2    15    25    96
    3     3    13    84
    4    14    24    94
    5     7    17    86
    6    11    21    83
    7     5    15    72
    8    26    36    91
    9    24    34    88
   10    28    38    89
   11    34    44    95
   12    35    45    96
   13    37    47    97
   14    37    47    95
   15     7    17    63
   16    25    35    76
   17    50    60    98
   18    16    26    63
   19    26    36    73
   20    34    44    79
   21    40    50    84
   22    11    21    53
   23    52    62    93
   24     4    14    45
   25    35    45    76
   26    49    59    89
   27    39    49    77
   28    45    55    83
   29    46    56    83
   30    12    22    48
   31    63    73    99
   32    55    65    90
   33    28    38    63
   34    23    33    58
   35    50    60    83
   36    65    75    98
   37    27    37    60
   38    61    71    93
   39    47    57    79
   40    37    47    68
   41    66    76    97
   42    34    44    62
   43    34    44    61
   44    53    63    80
   45    26    36    53
   46    72    82    98
   47    56    66    82
   48    44    54    69
   49    49    59    74
   50    56    66    81
   51    75    85    98
   52    69    79    92
   53    59    69    82
   54    48    58    71
   55    68    78    91
   56    48    58    70
   57    61    71    82
   58    34    44    55
   59    56    66    77
   60    54    64    74
   61    79    89    99
   62    11    21    30
   63    78    88    95
   64    83    93    99
   65    58    68    74
   66    79    89    95
   67    27    37    43
   68    51    61    66
   69    58    68    73
   70    78    88    93
   71    76    86    91
   72    66    76    81
   73    16    26    31
   74    32    42    46
   75    81    91    94
   76    86    96    99
   77    84    94    97
   78    67    77    80
   79     9    19    22
   80    83    93    95
   81    76    86    88
   82    85    95    96
   83    27    37    38
   84    86    96    97
   85    87    97    98
   86     3    13    14
   87    93   100   100
   88    95   100   100
   89    98   100   100
   90    91   100   100
   91    83    93    93
   92    15    25    25
   93    89    99    99
   94    90   100   100
   95    94   100   100
   96   100   100   100
   97    13    23    23
   98    98   100   100
   99    91   100   100
  100