  500
    0     6     6    98
    1     5     5    95
    2     5     5    94
    3    10    10    97
    4     9     9    96
    5     6     6    91
    6     8     8    92
    7     1     1    84
    8    10    10    93
    9    12    12    94
   10    10    10    91
   11     2     2    83
   12    11    11    91
   13    16    16    96
   14     4     4    83
   15     6     6    84
   16     6     6    83
   17     1     1    78
   18     5     5    82
   19    14    14    90
   20     3     3    78
   21    22    22    97
   22    25    25    98
   23    19    19    92
   24     2     2    75
   25    12    12    84
   26    17    17    89
   27    13    13    84
   28    11    11    81
   29    29    29    99
   30    17    17    86
   31     6     6    75
   32    12    12    81
   33    29    29    97
   34     4     4    71
   35    13    13    80
   36    16    16    82
   37    22    22    88
   38    26    26    91
   39    11    11    76
   40     1     1    65
   41     3     3    67
   42     8     8    72
   43    28    28    92
   44     5     5    68
   45    14    14    76
   46    29    29    91
   47    17    17    77
   48    12    12    72
   49    23    23    83
   50     6     6    65
   51     5     5    64
   52    29    29    88
   53    11    11    70
   54    32    32    90
   55    33    33    91
   56     2     2    60
   57    32    32    90
   58    39    39    97
   59     8     8    65
   60     1     1    57
   61    41    41    97
   62    42    42    98
   63    13    13    69
   64    32    32    88
   65    36    36    92
   66    27    27    82
   67    13    13    68
   68    44    44    99
   69    36    36    90
   70    30    30    84
   71    35    35    88
   72    20    20    72
   73    47    47    99
   74    35    35    87
   75    23    23    75
   76    14    14    66
   77    41    41    93
   78    32    32    84
   79    27    27    78
   80    46    46    97
   81    26    26    76
   82    43    43    93
   83    11    11    61
   84    39    39    88
   85    37    37    86
   86    28    28    76
   87    33    33    81
   88    14    14    61
   89    23    23    70
   90    21    21    68
   91    53    53    99
   92    14    14    60
   93    22    22    67
   94     4     4    49
   95    54    54    99
   96    44    44    89
   97    34    34    79
   98    49    49    94
   99    11    11    55
  100    13    13    57
  101    49    49    93
  102    32    32    76
  103    37    37    80
  104     4     4    47
  105    32    32    75
  106    31    31    74
  107    25    25    68
  108    33    33    74
  109    24    24    65
  110    21    21    61
  111    52    52    91
  112    60    60    99
  113    36    36    75
  114    46    46    85
  115    42    42    80
  116    43    43    81
  117     8     8    46
  118    46    46    83
  119    61    61    98
  120    23    23    60
  121     9     9    46
  122    26    26    63
  123    56    56    93
  124    11    11    47
  125    63    63    98
  126    55    55    90
  127    34    34    69
  128    65    65    99
  129     2     2    36
  130    64    64    98
  131    61    61    95
  132    43    43    77
  133    64    64    98
  134    15    15    48
  135    33    33    66
  136    29    29    62
  137    53    53    86
  138    54    54    87
  139    33    33    66
  140    45    45    77
  141    32    32    64
  142    47    47    79
  143    58    58    90
  144    62    62    94
  145    63    63    95
  146     8     8    39
  147    66    66    97
  148    30    30    61
  149    55    55    86
  150    43    43    74
  151    41    41    72
  152    65    65    96
  153    63    63    93
  154    55    55    85
  155    48    48    78
  156    28    28    58
  157    64    64    94
  158    44    44    74
  159    62    62    92
  160    62    62    91
  161    22    22    51
  162     6     6    35
  163    52    52    81
  164    41    41    69
  165    24    24    52
  166    20    20    48
  167    55    55    83
  168    46    46    74
  169    71    71    99
  170    46    46    74
  171    68    68    96
  172    62    62    90
  173    17    17    44
  174    16    16    43
  175    56    56    83
  176    42    42    68
  177    46    46    72
  178    39    39    65
  179    36    36    62
  180     6     6    31
  181    67    67    92
  182    56    56    81
  183    64    64    89
  184    36    36    61
  185    72    72    97
  186    69    69    94
  187    17    17    42
  188    57    57    82
  189    58    58    82
  190    51    51    75
  191    21    21    45
  192    59    59    83
  193    25    25    49
  194    41    41    65
  195    33    33    57
  196    21    21    45
  197    44    44    67
  198    17    17    40
  199    42    42    65
  200    12    12    35
  201    59    59    82
  202    58    58    81
  203     6     6    29
  204    33    33    56
  205    69    69    92
  206    23    23    46
  207    75    75    98
  208    61    61    84
  209    70    70    93
  210    19    19    41
  211    65    65    87
  212    73    73    95
  213    77    77    99
  214    68    68    90
  215    32    32    53
  216    73    73    94
  217    56    56    77
  218     2     2    23
  219    12    12    33
  220    33    33    54
  221    46    46    67
  222    78    78    98
  223    39    39    59
  224    75    75    95
  225    63    63    83
  226    36    36    56
  227    74    74    94
  228    74    74    94
  229    24    24    44
  230     3     3    22
  231    63    63    82
  232    28    28    47
  233    11    11    30
  234    41    41    60
  235    73    73    92
  236    30    30    49
  237    19    19    38
  238    76    76    95
  239    75    75    94
  240    63    63    82
  241    12    12    30
  242    46    46    64
  243    12    12    30
  244    28    28    46
  245    55    55    73
  246    79    79    97
  247    52    52    70
  248    79    79    97
  249    35    35    53
  250    56    56    74
  251    78    78    96
  252    53    53    71
  253    81    81    99
  254    55    55    72
  255    64    64    81
  256    75    75    92
  257    81    81    98
  258    74    74    91
  259    18    18    35
  260    25    25    42
  261    69    69    85
  262    75    75    91
  263    71    71    87
  264    51    51    67
  265    32    32    48
  266    41    41    57
  267    70    70    86
  268    76    76    91
  269    13    13    28
  270    68    68    83
  271    30    30    45
  272    82    82    97
  273    73    73    88
  274    43    43    58
  275    68    68    83
  276    73    73    88
  277    24    24    39
  278    79    79    94
  279    52    52    67
  280    68    68    82
  281     3     3    17
  282    62    62    76
  283    84    84    98
  284    83    83    97
  285    70    70    84
  286    49    49    63
  287    36    36    49
  288    68    68    81
  289    75    75    88
  290    47    47    60
  291    82    82    95
  292    67    67    80
  293    30    30    43
  294    74    74    87
  295    43    43    55
  296    79    79    91
  297    85    85    97
  298    43    43    55
  299    43    43    55
  300    84    84    96
  301    66    66    77
  302    85    85    96
  303    45    45    56
  304    25    25    36
  305    64    64    75
  306    26    26    37
  307    68    68    79
  308    75    75    86
  309    38    38    49
  310    14    14    25
  311    67    67    78
  312    36    36    46
  313    21    21    31
  314    82    82    92
  315    51    51    61
  316    72    72    82
  317    11    11    21
  318    74    74    84
  319    64    64    74
  320    22    22    32
  321    58    58    68
  322    41    41    51
  323    77    77    87
  324    82    82    92
  325    69    69    79
  326    45    45    55
  327    71    71    81
  328    49    49    58
  329    90    90    99
  330    47    47    56
  331    66    66    75
  332    69    69    78
  333    22    22    31
  334    37    37    46
  335     1     1    10
  336    60    60    69
  337    73    73    82
  338    75    75    84
  339    70    70    79
  340    70    70    79
  341    58    58    67
  342    68    68    76
  343    82    82    90
  344    74    74    82
  345    87    87    95
  346    47    47    55
  347    78    78    86
  348    87    87    95
  349    86    86    94
  350    51    51    59
  351     5     5    13
  352    25    25    33
  353    28    28    36
  354    90    90    98
  355    66    66    74
  356    90    90    98
  357    91    91    99
  358     7     7    15
  359    13    13    20
  360     1     1     8
  361    79    79    86
  362    73    73    80
  363    17    17    24
  364    72    72    79
  365    87    87    94
  366     1     1     8
  367    32    32    39
  368    27    27    34
  369    83    83    90
  370    57    57    64
  371    30    30    37
  372    39    39    45
  373    43    43    49
  374    76    76    82
  375    83    83    89
  376    34    34    40
  377    85    85    91
  378    72    72    77
  379    61    61    66
  380    77    77    82
  381    77    77    82
  382    93    93    98
  383    91    91    96
  384    57    57    62
  385    87    87    92
  386    45    45    50
  387    44    44    48
  388    80    80    84
  389    90    90    94
  390    94    94    98
  391    59    59    63
  392    13    13    17
  393    59    59    63
  394    78    78    82
  395     1     1     5
  396    69    69    73
  397    95    95    99
  398    54    54    58
  399    92    92    95
  400    72    72    75
  401    96    96    99
  402    87    87    90
  403    55    55    58
  404    38    38    41
  405    54    54    57
  406    58    58    61
  407    87    87    90
  408    86    86    89
  409    95    95    98
  410    82    82    85
  411    50    50    53
  412    47    47    50
  413    88    88    91
  414    55    55    58
  415    88    88    91
  416    96    96    99
  417    43    43    46
  418    96    96    99
  419    61    61    64
  420    77    77    79
  421    21    21    23
  422    37    37    39
  423    52    52    54
  424    94    94    96
  425    96    96    98
  426    88    88    90
  427    52    52    54
  428     6     6     8
  429    77    77    79
  430    86    86    88
  431    71    71    73
  432    89    89    91
  433    37    37    39
  434    40    40    42
  435    93    93    95
  436    19    19    21
  437    93    93    94
  438    28    28    29
  439    67    67    68
  440    18    18    19
  441    98    98    99
  442    86    86    87
  443    94    94    95
  444    89    89    90
  445    95    95    96
  446     1     1     2
  447    58    58    59
  448    97    97    98
  449    85    85    86
  450    93    93    94
  451    90    90    91
  452    81    81    82
  453    96    96    97
  454    98    98    99
  455    93    93    94
  456    94    94    95
  457    88    88    89
  458     3     3     4
  459    56    56    57
  460    39    39    40
  461    99    99    99
  462    65    65    65
  463    98    98    98
  464   100   100   100
  465    52    52    52
  466    98    98    98
  467    88    88    88
  468   100   100   100
  469    99    99    99
  470   100   100   100
  471    77    77    77
  472   100   100   100
  473    87    87    87
  474    99    99    99
  475    81    81    81
  476    77    77    77
  477    68    68    68
  478    90    90    90
  479    71    71    71
  480    54    54    54
  481    99    99    99
  482    99    99    99
  483   100   100   100
  484    98    98    98
  485    71    71    71
  486   100   100   100
  487    99    99    99
  488    77    77    77
  489    94    94    94
  490    65    65    65
  491    93    93    93
  492    93    93    93
  493    94    94    94
  494    99    99    99
  495    65    65    65
  496    79    79    79
  497    89    89    89
  498    87    87    87
  499    98    98    98
  100