 1000
    0     1     7    99
    1     7     6    97
    2     5     4    95
    3     7     6    95
    4    11     1    89
    5    11    10    97
    6    22    13    99
    7     1     4    89
    8    14    11    94
    9     3    12    93
   10    14    13    94
   11     9    11    92
   12    16     6    87
   13     1     2    82
   14     9     6    86
   15    14    13    92
   16     3     4    83
   17     8     9    87
   18    14    16    94
   19    21    14    92
   20    28    19    96
   21    27    18    94
   22    17    15    91
   23    19    10    85
   24     1     6    81
   25    29    23    98
   26    10    13    87
   27    22    26    99
   28    18    18    91
   29    16    11    84
   30    20    16    89
   31    19    20    93
   32    14     5    78
   33    23    17    90
   34    33    23    95
   35    11    17    89
   36     4     8    80
   37     1     3    75
   38    18    18    90
   39    32    26    97
   40    22    16    86
   41    17    23    93
   42     1     6    76
   43     9    11    81
   44    19    19    89
   45    33    26    95
   46    26    28    97
   47     9    14    83
   48    13     8    77
   49     6    13    82
   50    37    27    96
   51    30    27    96
   52    26    24    92
   53    25    25    92
   54    12     5    72
   55    28    28    95
   56     1    10    77
   57     9     2    69
   58    22    18    85
   59    18    11    77
   60    26    26    92
   61     4     8    74
   62    31    26    91
   63    14     5    70
   64    33    34    99
   65    10    13    77
   66    26    29    92
   67    13    23    86
   68     1     8    71
   69    24    17    79
   70    35    34    96
   71    32    32    93
   72    27    33    94
   73    38    31    92
   74    16    26    87
   75     2     4    64
   76    19    24    84
   77     7     8    67
   78    21    26    85
   79     1     7    66
   80    14     4    62
   81    23    17    75
   82    44    40    98
   83    12     2    60
   84     1     5    63
   85    26    26    83
   86     8     1    58
   87     1     6    63
   88    16    15    72
   89    37    34    90
   90     2     8    64
   91    38    35    91
   92    35    31    87
   93    42    42    98
   94    24    18    74
   95     1     2    57
   96    10     1    56
   97     1     1    56
   98    29    24    79
   99    28    25    80
  100    26    29    84
  101     7    13    67
  102    40    34    88
  103    40    44    98
  104     2     5    59
  105    33    30    84
  106    27    30    84
  107    39    42    96
  108     1     6    59
  109    19    15    68
  110    35    25    78
  111     7    16    69
  112     4    14    67
  113    19    24    77
  114    32    29    82
  115    45    43    96
  116    31    31    83
  117    30    40    92
  118    43    36    87
  119    28    20    71
  120    40    48    99
  121     1     4    55
  122     9     1    52
  123     4     1    52
  124    29    20    70
  125    32    23    73
  126    18    15    65
  127    50    48    98
  128    46    39    89
  129     4     8    58
  130    21    18    68
  131    36    42    92
  132    36    31    81
  133    47    41    91
  134    37    42    91
  135    18    15    64
  136    16    19    68
  137    29    20    68
  138    30    21    69
  139    24    31    79
  140     8     2    50
  141    45    41    89
  142    44    36    84
  143    28    38    86
  144    55    45    92
  145     8    17    64
  146     1     5    52
  147    14    14    61
  148    19     9    56
  149    14    15    62
  150    11    13    60
  151    15    19    66
  152    26    17    64
  153    23    31    78
  154    34    37    83
  155    22    27    73
  156    42    46    92
  157    32    40    86
  158    46    38    84
  159    46    45    91
  160    49    54    99
  161    48    46    91
  162    40    32    77
  163    28    25    70
  164    55    52    97
  165    31    31    76
  166     1     4    49
  167    23    24    69
  168    38    47    91
  169    38    42    86
  170    10     1    45
  171    25    33    77
  172    34    35    79
  173    55    45    89
  174    61    51    95
  175    42    32    76
  176     7     8    52
  177    18    13    56
  178    52    49    92
  179    56    48    91
  180    53    53    95
  181    12    21    63
  182     1    10    52
  183    51    51    93
  184     1     9    51
  185    17     8    50
  186     2     1    43
  187    51    45    86
  188     1     4    45
  189    45    54    95
  190    26    22    63
  191    57    56    97
  192    12    17    58
  193    43    44    85
  194    55    56    97
  195    45    52    93
  196     1     1    42
  197    39    35    76
  198    43    39    80
  199    36    27    67
  200     1     1    41
  201     1     3    43
  202    11    18    58
  203    62    56    96
  204    61    51    91
  205    60    57    97
  206    16     8    48
  207    24    28    67
  208    36    40    79
  209    41    31    70
  210    23    33    72
  211    40    40    79
  212    54    54    93
  213    11     6    45
  214    46    46    85
  215    63    59    98
  216    39    45    84
  217    40    39    78
  218    38    44    83
  219    52    50    88
  220    57    61    99
  221    47    52    90
  222    38    37    75
  223    53    46    84
  224    12     7    45
  225     9     8    46
  226    42    44    82
  227    41    51    89
  228    47    43    80
  229     4    14    51
  230    43    49    86
  231    42    37    74
  232    55    56    93
  233    25    26    63
  234    48    46    83
  235    49    42    79
  236    21    29    66
  237    34    42    79
  238    18    11    47
  239    48    58    94
  240    33    36    72
  241    20    17    53
  242    29    28    64
  243    58    54    90
  244    47    42    78
  245    39    33    69
  246    68    62    98
  247    32    39    75
  248    31    40    75
  249    12    17    52
  250    16    26    61
  251    42    35    70
  252    30    39    73
  253    60    57    91
  254    44    53    87
  255    14     6    40
  256    48    56    90
  257    35    35    69
  258    42    51    85
  259    61    53    87
  260    59    55    89
  261    56    52    86
  262    37    36    70
  263    11     6    40
  264    40    49    83
  265    15     9    43
  266    63    64    98
  267    50    54    88
  268    28    21    55
  269    24    30    64
  270    75    66    99
  271    67    66    99
  272    70    66    99
  273    66    65    98
  274    57    56    89
  275    62    61    94
  276    40    34    67
  277    38    28    61
  278    40    38    71
  279    49    39    72
  280    59    66    99
  281    17     7    40
  282    63    60    93
  283     6    10    43
  284    35    32    65
  285    55    55    88
  286    17    25    57
  287    56    52    84
  288    50    47    79
  289    37    40    72
  290    68    65    97
  291    60    52    84
  292    30    33    65
  293    47    42    74
  294    40    33    65
  295    45    53    85
  296    22    17    49
  297    53    59    91
  298    39    30    62
  299     2     3    35
  300    40    34    66
  301    26    35    67
  302    51    59    91
  303    15    13    45
  304    68    59    91
  305    63    61    92
  306    57    49    80
  307    35    35    66
  308    68    64    95
  309    68    66    97
  310    30    28    59
  311    38    45    76
  312    67    63    94
  313    10    13    44
  314    52    43    74
  315     4    12    43
  316    58    57    88
  317    43    46    77
  318    54    57    88
  319    69    61    92
  320    56    63    94
  321     2     3    33
  322    31    31    61
  323    53    43    73
  324    74    65    95
  325    37    44    74
  326     8    14    44
  327    28    21    51
  328    33    33    63
  329     4     1    31
  330    76    68    98
  331    66    64    94
  332    70    63    93
  333    49    53    82
  334    15     5    34
  335    30    26    55
  336    59    64    93
  337    72    67    96
  338    16    21    50
  339    11     5    34
  340    22    15    44
  341    23    20    49
  342    50    58    87
  343    34    41    70
  344    61    65    94
  345    57    61    90
  346     9     4    32
  347    49    59    87
  348    61    70    98
  349    65    71    99
  350    61    68    96
  351    34    43    71
  352    47    44    72
  353    62    57    84
  354    60    69    96
  355    31    27    54
  356    70    70    97
  357    71    66    93
  358    29    25    52
  359    50    44    71
  360    54    55    82
  361    20    20    47
  362    34    41    68
  363    38    45    72
  364    80    71    98
  365    36    33    60
  366    66    63    90
  367    76    72    99
  368    68    65    92
  369    55    57    84
  370    16     8    35
  371    57    66    92
  372    38    35    61
  373    56    63    89
  374    32    38    64
  375    12     7    33
  376    53    46    72
  377    66    65    91
  378    73    73    99
  379    62    55    81
  380    75    73    99
  381    63    68    93
  382    58    61    86
  383    20    24    49
  384    40    44    69
  385    44    40    65
  386    66    73    98
  387    69    69    94
  388    42    46    71
  389    21    27    52
  390    73    66    91
  391    16    15    40
  392    78    74    99
  393    13     4    29
  394    73    66    91
  395    71    73    98
  396    80    73    97
  397    49    47    71
  398    13    22    46
  399    62    68    92
  400    60    56    80
  401    69    66    90
  402    72    66    90
  403    12     5    29
  404    53    44    68
  405    69    63    87
  406    51    54    78
  407    38    42    66
  408     6    15    39
  409    61    67    90
  410    22    13    36
  411    51    54    77
  412    68    69    92
  413    48    54    77
  414    65    71    94
  415    11     1    24
  416     9     2    25
  417    12    16    39
  418    64    74    97
  419    10     4    27
  420    63    62    85
  421    62    68    91
  422    64    63    86
  423    11    19    42
  424    83    76    98
  425    49    46    68
  426    41    36    58
  427    39    33    55
  428    29    34    56
  429    64    58    80
  430    31    39    61
  431    83    77    99
  432    77    75    97
  433    21    31    53
  434    60    50    72
  435    20    15    37
  436    74    75    97
  437    66    74    96
  438    70    75    97
  439    68    73    94
  440    53    43    64
  441    65    70    91
  442    26    22    43
  443    26    19    40
  444    46    51    72
  445    13    11    32
  446    46    51    72
  447    57    48    69
  448    24    25    46
  449    83    74    95
  450    52    42    63
  451    79    73    94
  452    18    18    39
  453     1     1    22
  454    59    56    77
  455     1     4    25
  456    59    67    88
  457    74    78    99
  458    30    29    50
  459    34    41    61
  460     6     9    29
  461    58    63    83
  462    63    59    79
  463    68    63    83
  464    40    39    59
  465    85    79    99
  466    55    52    72
  467    54    45    65
  468    13     9    29
  469    40    30    50
  470    60    65    85
  471    68    67    87
  472    74    75    95
  473    54    64    84
  474    50    41    61
  475    39    49    69
  476    82    76    96
  477    41    38    58
  478    84    74    93
  479    28    24    43
  480    87    80    99
  481    71    65    84
  482    57    52    71
  483    12    20    39
  484    15    23    42
  485    76    72    91
  486    13     8    27
  487    83    79    98
  488    74    80    99
  489     1     7    25
  490    65    56    74
  491    19    28    46
  492    76    78    96
  493    73    81    99
  494    44    45    63
  495    75    78    96
  496    78    71    89
  497    29    28    46
  498    85    76    94
  499    55    54    72
  500    63    54    72
  501    56    58    76
  502    15    15    33
  503    61    57    74
  504    54    59    76
  505    53    56    73
  506    56    64    81
  507    46    55    72
  508    37    27    44
  509    64    66    83
  510    73    66    83
  511    77    74    91
  512    29    38    55
  513    58    60    77
  514    67    66    83
  515    39    31    48
  516    47    49    65
  517    74    73    89
  518    65    58    74
  519    69    64    80
  520    63    67    83
  521    64    69    85
  522    75    73    89
  523    64    71    87
  524     1     3    19
  525    26    22    38
  526     1     1    17
  527    70    78    94
  528    65    71    87
  529    47    43    59
  530    15    12    28
  531    67    62    78
  532    60    59    75
  533    28    29    45
  534    40    43    59
  535    19    29    45
  536     1     2    18
  537    33    42    58
  538    70    65    80
  539    65    55    70
  540    86    80    95
  541    66    58    73
  542    64    72    87
  543    88    78    93
  544    64    65    80
  545    26    34    49
  546     4    10    25
  547    82    79    94
  548    65    67    82
  549    50    44    59
  550    71    71    86
  551    79    69    84
  552    61    53    68
  553    80    80    95
  554    79    76    91
  555    85    79    94
  556    57    66    81
  557     5     7    22
  558    72    81    96
  559    56    54    69
  560    75    80    95
  561    30    26    40
  562    67    62    76
  563    72    64    78
  564    62    62    76
  565    73    66    80
  566    13    15    29
  567    44    47    61
  568    69    66    80
  569    34    34    48
  570    41    50    64
  571    56    46    60
  572    41    33    47
  573    26    23    37
  574    57    47    61
  575    71    78    92
  576    93    84    98
  577    42    52    66
  578    32    35    49
  579    45    43    57
  580    76    86    99
  581    85    75    88
  582    25    22    35
  583    57    53    66
  584    72    80    93
  585    62    60    73
  586    43    52    65
  587    87    85    98
  588    44    44    57
  589    81    84    97
  590    76    80    93
  591    74    83    96
  592    30    29    42
  593    72    73    86
  594    66    75    88
  595    47    50    63
  596    80    70    83
  597    18    24    37
  598    67    65    78
  599    63    71    83
  600    44    39    51
  601    76    76    88
  602    41    32    44
  603    73    77    89
  604    40    49    61
  605    80    79    91
  606    62    66    78
  607    59    59    71
  608    71    66    78
  609    84    74    86
  610    56    47    59
  611    37    31    43
  612    90    83    95
  613    78    85    97
  614    60    58    70
  615    75    82    94
  616    71    70    82
  617    65    70    82
  618    33    25    36
  619    52    43    54
  620    69    74    85
  621    65    58    69
  622     1     2    13
  623    64    72    83
  624    79    87    98
  625     9     8    19
  626    85    76    87
  627    86    85    96
  628    76    75    86
  629    68    78    89
  630    83    73    84
  631    81    80    91
  632    94    86    97
  633    62    71    82
  634    98    88    99
  635     1     5    16
  636    83    87    98
  637    20    15    26
  638    82    85    96
  639    88    87    98
  640    16    18    29
  641    14     8    19
  642    94    87    97
  643    53    46    56
  644    64    63    73
  645    84    83    93
  646    74    84    94
  647    56    55    65
  648    85    88    98
  649    12     8    18
  650    22    27    37
  651    89    89    99
  652    99    89    99
  653    77    81    91
  654    53    47    57
  655    22    20    30
  656    56    62    72
  657    85    80    90
  658    55    53    63
  659    87    84    94
  660    78    84    94
  661    57    53    63
  662    87    84    94
  663    50    40    50
  664    77    86    96
  665    93    84    94
  666    55    59    69
  667    51    45    55
  668    52    42    52
  669     9    19    29
  670    31    37    47
  671    90    87    97
  672    18    14    23
  673    59    57    66
  674    44    52    61
  675    60    68    77
  676    44    46    55
  677    86    85    94
  678    85    80    89
  679    91    82    91
  680    67    61    70
  681    62    72    81
  682    63    66    75
  683    81    80    89
  684    67    64    73
  685    54    48    57
  686    65    75    84
  687    88    89    98
  688    84    87    96
  689    87    87    96
  690    21    22    31
  691    66    71    80
  692    29    28    37
  693    54    46    55
  694    84    89    98
  695    65    62    71
  696    91    85    94
  697    98    91    99
  698    66    72    80
  699    84    80    88
  700    54    56    64
  701    84    89    97
  702    74    64    72
  703    23    30    38
  704    12    16    24
  705    53    45    53
  706    95    87    95
  707    21    11    19
  708    81    73    81
  709    40    36    44
  710    15    10    18
  711    49    52    60
  712    37    40    48
  713    87    89    97
  714    40    35    43
  715    71    67    75
  716    82    74    82
  717    46    45    53
  718    70    79    87
  719    79    83    90
  720    92    90    97
  721    47    53    60
  722    43    37    44
  723    89    88    95
  724    48    38    45
  725    30    28    35
  726    26    30    37
  727    68    78    85
  728    86    90    97
  729    86    92    99
  730    81    88    95
  731    47    40    47
  732    50    41    48
  733    36    44    51
  734    95    86    93
  735    65    71    78
  736    66    76    83
  737    78    81    88
  738    64    74    81
  739    98    89    96
  740    96    89    96
  741    79    89    96
  742    41    37    44
  743    82    92    99
  744    38    34    41
  745    16     6    13
  746    88    85    91
  747    20    17    23
  748    24    25    31
  749    30    31    37
  750    86    93    99
  751    91    87    93
  752    60    62    68
  753    82    81    87
  754    67    68    74
  755    32    26    32
  756    85    86    92
  757    92    89    95
  758    47    54    60
  759    15    20    26
  760    31    38    44
  761    57    67    73
  762    85    90    96
  763    93    91    97
  764    96    91    97
  765    95    85    91
  766    39    33    39
  767    21    29    35
  768    67    60    66
  769    64    68    74
  770    77    85    91
  771    54    48    54
  772    75    75    81
  773    96    94    99
  774    89    90    95
  775    97    87    92
  776    82    73    78
  777   100    94    99
  778    88    78    83
  779    82    92    97
  780    91    94    99
  781    73    74    79
  782    83    91    96
  783    79    88    93
  784    89    88    93
  785    73    82    87
  786    58    59    64
  787    86    94    99
  788    82    91    96
  789    96    93    98
  790    49    58    63
  791    38    41    46
  792    15    23    28
  793   101    92    97
  794    91    85    90
  795    78    87    92
  796    91    85    90
  797    88    94    99
  798    70    68    73
  799   101    95    99
  800    61    59    63
  801    62    70    74
  802    27    28    32
  803    87    91    95
  804    80    77    81
  805    55    61    65
  806    70    80    84
  807    33    26    30
  808    78    86    90
  809    70    75    79
  810    75    75    79
  811    94    93    97
  812    33    43    47
  813    64    58    62
  814    94    95    99
  815    94    95    99
  816    92    95    99
  817    79    81    85
  818    99    94    98
  819    97    91    95
  820    78    72    76
  821    92    88    92
  822    86    89    93
  823    53    62    66
  824    84    90    94
  825    78    87    91
  826    73    71    75
  827     1    10    14
  828    49    57    61
  829    88    90    94
  830    95    92    96
  831   102    95    99
  832    28    35    39
  833    76    81    85
  834    90    91    95
  835    77    77    81
  836    53    52    55
  837    85    87    90
  838    82    92    95
  839    46    48    51
  840    96    94    97
  841    24    16    19
  842    87    83    86
  843    44    46    49
  844    42    38    41
  845    90    96    99
  846    91    95    98
  847    85    91    94
  848    73    82    85
  849    93    86    89
  850    84    93    96
  851    53    44    47
  852    82    85    88
  853    15     7    10
  854    95    86    89
  855    93    89    92
  856    64    61    64
  857    36    37    40
  858    74    82    85
  859    99    93    96
  860    78    87    89
  861     7    17    19
  862    75    68    70
  863    69    75    77
  864    85    85    87
  865   102    97    99
  866    87    94    96
  867    73    76    78
  868    55    45    47
  869    54    48    50
  870    74    81    83
  871    66    73    75
  872    57    58    60
  873    86    76    78
  874    94    93    95
  875    95    95    97
  876    91    97    99
  877    88    84    86
  878    87    93    95
  879    93    97    99
  880    95    85    87
  881    91    95    97
  882    97    95    97
  883    29    31    33
  884    88    97    99
  885   100    96    98
  886    75    73    75
  887    96    97    99
  888    67    61    63
  889    19    27    29
  890    62    60    62
  891    40    44    46
  892    14    19    21
  893    83    87    89
  894    88    92    94
  895    86    87    89
  896     3     1     3
  897    83    91    93
  898    70    64    66
  899    32    37    39
  900    87    97    99
  901    89    98    99
  902    90    93    94
  903    74    79    80
  904    39    37    38
  905   105    98    99
  906    88    98    99
  907    71    80    81
  908    96    86    87
  909    57    63    64
  910    81    73    74
  911    88    98    99
  912    87    96    97
  913    87    94    95
  914    91    94    95
  915    96    87    88
  916    67    76    77
  917    54    59    60
  918    79    83    84
  919    41    46    47
  920    94    92    93
  921    72    62    63
  922    15    25    26
  923    95    98    99
  924    33    24    25
  925    59    60    61
  926    55    48    49
  927     5     2     3
  928    23    25    26
  929    49    58    59
  930    99    90    91
  931    49    57    58
  932    71    74    75
  933    90    95    96
  934    91    87    88
  935    72    69    70
  936    63    53    54
  937    50    55    56
  938   105    97    98
  939   104    97    98
  940    37    41    42
  941   107    98    99
  942    98    98    99
  943    67    77    78
  944    20    25    26
  945    84    80    80
  946    90    98    98
  947    57    66    66
  948    94   100   100
  949    47    48    48
  950    89    99    99
  951   109   100   100
  952   104   100   100
  953   100    99    99
  954    83    88    88
  955   109   100   100
  956    79    85    85
  957   103    98    98
  958   103   100   100
  959    56    58    58
  960    79    81    81
  961   102    96    96
  962   108    99    99
  963    93    99    99
  964   104    98    98
  965   107    99    99
  966    88    98    98
  967    48    49    49
  968    95    88    88
  969    99   100   100
  970    49    41    41
  971    61    64    64
  972    90    97    97
  973    91   100   100
  974    90   100   100
  975   105    99    99
  976    92    86    86
  977    91   100   100
  978    61    54    54
  979    97    95    95
  980   100    99    99
  981    57    66    66
  982    88    83    83
  983    94    94    94
  984    99    95    95
  985    86    96    96
  986    91    92    92
  987   103   100   100
  988    88    95    95
  989   105    97    97
  990    83    93    93
  991    92    95    95
  992    99    97    97
  993    82    85    85
  994    60    57    57
  995    75    77    77
  996    45    45    45
  997    97    96    96
  998    54    50    50
  999   104    95    95
  100