  500
    0    12     4    99
    1     1     2    97
    2    10     4    96
    3     1     1    91
    4    11     6    95
    5    26    17    99
    6     1     6    88
    7     3     9    89
    8    11     1    80
    9    28    18    97
   10    20    15    93
   11     1     9    86
   12    14    11    88
   13    21    20    96
   14    12     6    82
   15    19    21    95
   16     9    13    87
   17    11     1    75
   18    28    20    94
   19    10    20    92
   20    18    24    96
   21    33    25    95
   22    18    27    97
   23    10     6    76
   24     6     5    72
   25     1     5    71
   26    18     8    74
   27    25    30    95
   28    16    19    84
   29    18    15    80
   30     8    16    81
   31    24    24    88
   32    13    19    83
   33    31    23    86
   34    16     6    69
   35    22    29    91
   36    25    30    92
   37    14    12    74
   38    32    29    91
   39    21    28    89
   40    13    22    83
   41    36    36    97
   42    45    35    95
   43    21    17    77
   44    30    26    86
   45    20    23    82
   46     2     1    60
   47    34    38    96
   48    26    20    78
   49    13     7    64
   50     7    10    67
   51    28    30    87
   52    22    13    70
   53    50    40    97
   54    35    41    98
   55    39    41    98
   56    19     9    65
   57    19    15    70
   58    27    29    84
   59    31    39    94
   60    14    19    74
   61     9    14    69
   62    34    27    81
   63     8     9    63
   64     6    15    69
   65    32    39    92
   66    46    46    99
   67    12    17    69
   68    51    44    95
   69     9     2    53
   70    17    17    68
   71    37    30    81
   72     1     1    52
   73    14    24    75
   74    41    48    99
   75    42    41    92
   76    24    32    82
   77    32    30    80
   78    14    15    65
   79    22    28    78
   80    32    34    83
   81    45    44    92
   82    21    24    72
   83    20    25    73
   84    35    41    89
   85    14    20    68
   86    24    22    69
   87    12    14    61
   88    21    13    59
   89    22    16    62
   90     9    13    59
   91    24    24    70
   92    37    37    82
   93    37    39    83
   94    53    44    88
   95    42    45    89
   96    49    53    97
   97    48    46    90
   98    54    50    94
   99    20    25    69
  100    54    54    98
  101    53    48    91
  102     5     7    50
  103    51    41    84
  104    49    44    87
  105     1     4    47
  106    47    50    93
  107    55    55    98
  108    53    45    88
  109    12    11    53
  110    46    44    86
  111    11    10    52
  112    47    52    93
  113     3     3    44
  114    23    16    57
  115    43    46    86
  116    15     7    47
  117    36    38    77
  118    49    48    87
  119     5    13    52
  120    59    60    99
  121    24    27    66
  122    62    52    91
  123    10    11    50
  124    67    59    98
  125    61    56    95
  126    35    35    74
  127    47    42    80
  128    16    15    53
  129    49    49    87
  130    64    56    94
  131    32    37    75
  132    32    42    80
  133    20    13    51
  134    43    46    83
  135    53    58    95
  136    37    32    69
  137    51    56    93
  138    44    51    88
  139    62    54    90
  140    56    46    82
  141    66    61    96
  142     1     8    43
  143    40    40    75
  144    28    38    73
  145    62    60    95
  146    68    64    98
  147    35    28    62
  148    27    28    62
  149    18     8    42
  150    59    53    87
  151    52    47    81
  152    27    28    62
  153    14    13    46
  154    14     4    37
  155    62    64    97
  156    63    64    97
  157    45    35    68
  158    21    28    61
  159    65    65    98
  160    58    62    95
  161    39    47    79
  162    52    58    90
  163    46    42    74
  164    21    24    56
  165     7    12    44
  166    52    61    92
  167    58    62    93
  168    36    29    60
  169    30    35    66
  170    29    28    58
  171    45    36    66
  172    26    34    64
  173    61    62    92
  174     3     9    39
  175    21    17    47
  176    25    20    50
  177    26    36    65
  178    39    38    67
  179    60    65    94
  180    49    44    73
  181    35    31    60
  182    43    37    66
  183    69    62    91
  184    35    41    70
  185    57    57    86
  186     8     9    38
  187    25    20    48
  188    65    70    98
  189    67    60    88
  190    32    26    54
  191    39    36    64
  192    43    37    64
  193    73    66    93
  194    59    52    79
  195    15    22    49
  196    41    48    75
  197    75    69    96
  198    51    50    76
  199    24    31    57
  200    53    61    87
  201    82    73    98
  202    12     7    32
  203     1     1    26
  204    63    63    88
  205    73    69    94
  206    47    47    72
  207    40    37    62
  208    62    58    82
  209    60    67    91
  210    60    66    90
  211    62    55    79
  212    21    27    51
  213    61    60    83
  214    58    48    71
  215    63    73    96
  216    60    61    84
  217    67    57    80
  218    19    16    38
  219    12    19    41
  220    46    45    67
  221    68    75    97
  222    48    50    72
  223    58    53    75
  224    77    73    95
  225    14    11    32
  226    86    78    99
  227    57    49    70
  228    45    52    73
  229    23    33    53
  230    70    69    89
  231    61    52    72
  232    48    53    73
  233    82    76    96
  234    63    64    84
  235    18    13    32
  236    17    16    35
  237    59    67    86
  238     1     1    20
  239    32    23    42
  240     6     9    28
  241    56    61    80
  242    48    56    75
  243    23    22    40
  244    68    77    95
  245    33    32    50
  246    37    32    50
  247    24    19    37
  248    79    80    98
  249    27    20    38
  250    17    21    39
  251    69    71    89
  252    77    69    86
  253    24    30    47
  254    36    39    56
  255    70    60    77
  256    82    80    96
  257    58    63    79
  258    52    49    65
  259    84    83    99
  260    22    23    39
  261    67    76    92
  262    72    78    94
  263    39    45    61
  264    40    36    52
  265    43    36    52
  266    66    58    73
  267    72    62    77
  268     8    11    26
  269    60    61    76
  270    81    78    93
  271    51    60    75
  272    49    46    61
  273    24    26    41
  274    40    40    54
  275    82    73    87
  276    32    37    51
  277    92    83    97
  278    47    38    52
  279    60    64    78
  280    30    33    47
  281    44    54    67
  282    80    84    97
  283    77    84    97
  284    46    55    68
  285    86    81    94
  286    59    50    63
  287    75    65    78
  288    57    50    63
  289     3     3    15
  290    87    87    99
  291    38    44    56
  292    52    59    71
  293    77    69    81
  294    54    52    64
  295    74    81    93
  296     3    13    25
  297    64    69    81
  298    69    66    78
  299    35    36    47
  300    68    59    70
  301     2     1    12
  302    95    86    97
  303    33    37    48
  304    59    66    77
  305    62    62    73
  306    28    35    46
  307    85    76    87
  308    93    87    98
  309    35    44    54
  310    79    88    98
  311    67    74    84
  312    56    50    60
  313    96    89    99
  314    40    30    40
  315    79    69    79
  316    61    58    68
  317    37    31    41
  318     1     4    14
  319    79    86    96
  320    87    88    98
  321    80    79    89
  322    21    29    39
  323    84    85    95
  324    98    88    98
  325    94    87    97
  326    74    67    76
  327    59    64    73
  328    70    74    83
  329    87    89    98
  330    43    34    43
  331    77    70    79
  332    16    24    33
  333    82    83    92
  334    65    73    82
  335    66    73    82
  336    19    23    32
  337    86    84    93
  338    89    81    89
  339    89    86    94
  340    80    89    97
  341    84    83    91
  342    92    82    90
  343    65    69    77
  344    84    78    86
  345    13    16    24
  346    30    28    36
  347     1     5    13
  348    11    17    25
  349    45    37    45
  350    19    21    29
  351    74    76    83
  352     5     7    14
  353    98    92    99
  354   100    91    98
  355    33    31    38
  356    44    53    60
  357    22    14    21
  358    97    87    94
  359    40    42    49
  360    85    79    86
  361    23    26    33
  362    81    91    97
  363    85    77    83
  364    55    62    68
  365    89    87    93
  366    50    41    47
  367    74    78    84
  368    90    93    99
  369    73    64    70
  370    27    25    31
  371    45    53    59
  372    75    68    74
  373   100    91    97
  374    90    93    99
  375    60    62    67
  376     6     4     9
  377    80    88    93
  378    82    88    93
  379    77    83    88
  380    65    68    73
  381    31    38    43
  382    11    12    17
  383    93    90    94
  384    90    92    96
  385   101    95    99
  386    88    86    90
  387    79    86    90
  388    29    19    23
  389    92    88    92
  390    84    93    97
  391    83    88    92
  392    63    56    60
  393    77    69    73
  394    84    90    94
  395   101    92    96
  396    87    84    88
  397    71    75    79
  398    69    74    78
  399    92    92    95
  400    94    90    93
  401    72    82    85
  402    84    91    94
  403    88    94    97
  404    89    83    86
  405    97    87    90
  406    86    96    99
  407    77    78    81
  408    50    57    60
  409    69    66    69
  410    86    90    93
  411    44    42    45
  412   103    95    98
  413    71    75    78
  414    19    27    30
  415    21    23    26
  416    46    43    45
  417    31    33    35
  418   102    95    97
  419    52    61    63
  420    16    19    21
  421   100    96    98
  422    71    65    67
  423    36    43    45
  424    99    92    94
  425     1     2     4
  426    97    91    93
  427    28    37    39
  428    87    96    98
  429    99    96    98
  430    13    13    15
  431   107    97    99
  432    96    87    89
  433   101    97    99
  434    90    80    82
  435    95    86    88
  436    52    42    44
  437    96    92    94
  438    78    73    74
  439    68    66    67
  440     9     9    10
  441    27    27    28
  442    86    94    95
  443   103    93    94
  444    62    71    72
  445    88    93    94
  446    52    46    47
  447    86    96    97
  448    15    17    18
  449    99    95    96
  450    85    92    93
  451    17    10    11
  452    88    84    85
  453    54    57    58
  454    94    89    90
  455    74    77    78
  456    87    94    95
  457    81    86    87
  458    40    50    51
  459    38    35    36
  460   105   100   100
  461    35    42    42
  462    59    58    58
  463    91    88    88
  464   108    99    99
  465    17    15    15
  466   103    99    99
  467    99    89    89
  468   107   100   100
  469    64    69    69
  470   104    99    99
  471    75    82    82
  472   107   100   100
  473    83    79    79
  474    99    98    98
  475    96    95    95
  476    53    59    59
  477   104   100   100
  478   104    99    99
  479    70    62    62
  480    33    43    43
  481    90    96    96
  482   108   100   100
  483   103   100   100
  484   100    97    97
  485    90    98    98
  486    98    98    98
  487    88    92    92
  488   105    95    95
  489    89    98    98
  490    82    80    80
  491    78    77    77
  492   105    97    97
  493   104   100   100
  494    66    72    72
  495   104    97    97
  496    87    95    95
  497    85    85    85
  498   102    99    99
  499    83    92    92
  100