 1000
    0     1    11    96
    1     5    15    98
    2     8    18    99
    3     8    18    98
    4     7    17    95
    5    11    21    99
    6     1    11    88
    7     8    18    94
    8    13    23    98
    9     4    14    89
   10     3    13    88
   11     2    12    86
   12     6    16    89
   13    11    21    94
   14    14    24    97
   15    13    23    95
   16    17    27    99
   17     7    17    88
   18    16    26    97
   19    14    24    95
   20     3    13    83
   21     6    16    85
   22    18    28    97
   23     1    11    80
   24    13    23    90
   25     5    15    82
   26    19    29    96
   27    11    21    87
   28    22    32    98
   29    14    24    90
   30    22    32    98
   31    11    21    86
   32     3    13    78
   33    11    21    86
   34    24    34    98
   35    20    30    94
   36    19    29    93
   37    23    33    97
   38    11    21    84
   39    18    28    90
   40    17    27    89
   41    25    35    97
   42     8    18    80
   43    15    25    87
   44    13    23    85
   45    14    24    86
   46    19    29    90
   47    27    37    98
   48    19    29    90
   49     4    14    75
   50    26    36    96
   51    23    33    93
   52     7    17    76
   53    13    23    81
   54    28    38    96
   55     1    11    69
   56    14    24    82
   57     5    15    73
   58    25    35    93
   59     8    18    76
   60    22    32    89
   61    28    38    95
   62    21    31    88
   63    11    21    78
   64    19    29    85
   65    30    40    96
   66     3    13    69
   67     4    14    70
   68    14    24    80
   69     7    17    73
   70    20    30    85
   71    20    30    85
   72    10    20    75
   73    12    22    76
   74     2    12    66
   75    30    40    94
   76    16    26    80
   77     8    18    72
   78    19    29    83
   79    28    38    92
   80    12    22    75
   81    28    38    91
   82     7    17    70
   83     4    14    67
   84    37    47    99
   85    18    28    80
   86    31    41    93
   87    36    46    97
   88     2    12    63
   89    11    21    72
   90    33    43    94
   91    31    41    92
   92    15    25    76
   93    39    49    99
   94     1    11    61
   95    34    44    94
   96    33    43    93
   97     9    19    69
   98    14    24    73
   99    30    40    89
  100    16    26    75
  101     8    18    67
  102    39    49    98
  103    32    42    91
  104    36    46    94
  105    25    35    83
  106    35    45    93
  107    38    48    96
  108    30    40    88
  109    24    34    82
  110     2    12    60
  111    29    39    86
  112    22    32    79
  113    35    45    92
  114    21    31    78
  115    25    35    82
  116    19    29    76
  117    34    44    91
  118    34    44    91
  119    36    46    93
  120    25    35    82
  121     6    16    62
  122     4    14    60
  123    11    21    67
  124    26    36    82
  125    25    35    81
  126    30    40    85
  127     9    19    64
  128    33    43    88
  129    43    53    98
  130    42    52    97
  131    19    29    74
  132    30    40    84
  133    18    28    72
  134    18    28    72
  135    43    53    97
  136    29    39    83
  137    37    47    91
  138    43    53    97
  139     7    17    60
  140    32    42    85
  141    25    35    78
  142    27    37    80
  143    10    20    63
  144    29    39    82
  145     9    19    62
  146    29    39    81
  147    21    31    73
  148    37    47    89
  149    20    30    72
  150    32    42    84
  151     7    17    59
  152    36    46    87
  153    40    50    91
  154    29    39    80
  155    47    57    98
  156    46    56    97
  157     8    18    59
  158    38    48    89
  159    21    31    72
  160    32    42    83
  161    45    55    96
  162    17    27    67
  163     4    14    54
  164    47    57    97
  165    41    51    91
  166    18    28    68
  167    25    35    75
  168    32    42    82
  169    48    58    97
  170    34    44    83
  171    50    60    99
  172    27    37    76
  173    41    51    90
  174    13    23    62
  175     6    16    54
  176     5    15    53
  177    34    44    82
  178    41    51    89
  179    46    56    94
  180    37    47    84
  181    12    22    59
  182    45    55    92
  183    19    29    66
  184    33    43    80
  185    29    39    76
  186    29    39    76
  187    50    60    97
  188    50    60    97
  189    25    35    71
  190    42    52    88
  191    27    37    73
  192    18    28    64
  193    15    25    61
  194     3    13    49
  195    38    48    84
  196    52    62    98
  197    40    50    86
  198    16    26    62
  199    48    58    94
  200    23    33    69
  201    22    32    68
  202    49    59    95
  203    18    28    64
  204    52    62    98
  205    38    48    83
  206    33    43    78
  207    12    22    57
  208    36    46    81
  209    32    42    77
  210    39    49    84
  211    20    30    65
  212    35    45    80
  213    52    62    97
  214    22    32    67
  215    55    65    99
  216     2    12    46
  217     1    11    45
  218    45    55    89
  219    23    33    67
  220     5    15    49
  221    34    44    78
  222    10    20    54
  223    35    45    79
  224    24    34    67
  225    20    30    63
  226    45    55    88
  227    34    44    77
  228    53    63    96
  229     8    18    51
  230    11    21    54
  231    45    55    88
  232     6    16    49
  233    30    40    73
  234    36    46    78
  235    52    62    94
  236    27    37    69
  237    22    32    64
  238    45    55    87
  239    57    67    99
  240    29    39    71
  241    44    54    86
  242    39    49    81
  243     3    13    45
  244    26    36    68
  245    33    43    75
  246    51    61    92
  247    56    66    97
  248     5    15    46
  249    49    59    90
  250    24    34    65
  251    31    41    71
  252    33    43    73
  253    27    37    67
  254    59    69    99
  255    16    26    56
  256    37    47    77
  257    31    41    71
  258    43    53    83
  259    35    45    75
  260    11    21    50
  261    39    49    78
  262    51    61    90
  263    48    58    87
  264    44    54    83
  265    48    58    87
  266    20    30    59
  267    54    64    93
  268    51    61    90
  269    32    42    71
  270    17    27    55
  271    36    46    74
  272    49    59    87
  273    57    67    95
  274    22    32    60
  275    59    69    97
  276    35    45    72
  277    38    48    75
  278    13    23    50
  279    46    56    83
  280    61    71    98
  281    55    65    92
  282    53    63    90
  283    53    63    90
  284    33    43    70
  285    36    46    73
  286    54    64    91
  287    47    57    84
  288    20    30    57
  289    26    36    63
  290    45    55    82
  291    20    30    56
  292    12    22    48
  293    60    70    96
  294    47    57    83
  295    35    45    71
  296    40    50    76
  297    28    38    64
  298    35    45    71
  299    28    38    64
  300    58    68    94
  301    57    67    93
  302    31    41    66
  303     9    19    44
  304    51    61    86
  305    62    72    97
  306    50    60    85
  307    14    24    49
  308    30    40    65
  309     3    13    38
  310    50    60    85
  311    60    70    95
  312    62    72    97
  313    60    70    94
  314    54    64    88
  315    49    59    83
  316    62    72    96
  317    62    72    96
  318    57    67    91
  319    63    73    97
  320    59    69    93
  321    37    47    71
  322    59    69    93
  323    47    57    81
  324     5    15    38
  325    12    22    45
  326    47    57    80
  327    30    40    63
  328    44    54    77
  329    61    71    94
  330    14    24    47
  331    33    43    66
  332    62    72    95
  333    46    56    79
  334    12    22    45
  335    58    68    91
  336    64    74    97
  337    48    58    81
  338    13    23    45
  339    51    61    83
  340    59    69    91
  341    43    53    75
  342    23    33    55
  343     6    16    38
  344    38    48    70
  345    53    63    85
  346    27    37    59
  347    26    36    58
  348    15    25    47
  349    40    50    72
  350    17    27    49
  351    59    69    91
  352    54    64    86
  353    52    62    84
  354    52    62    83
  355    61    71    92
  356    30    40    61
  357    59    69    90
  358    64    74    95
  359    42    52    73
  360    49    59    80
  361    23    33    54
  362    54    64    85
  363    55    65    86
  364    67    77    98
  365    59    69    90
  366    60    70    91
  367     5    15    36
  368    38    48    69
  369    14    24    45
  370    33    43    64
  371    37    47    67
  372     2    12    32
  373    68    78    98
  374    68    78    98
  375    36    46    66
  376    48    58    78
  377    33    43    63
  378    41    51    71
  379    64    74    94
  380    54    64    84
  381    37    47    67
  382    58    68    87
  383    20    30    49
  384    52    62    81
  385    53    63    82
  386    58    68    87
  387    64    74    93
  388    33    43    62
  389    60    70    89
  390    33    43    62
  391     1    11    30
  392    49    59    78
  393    67    77    96
  394    38    48    66
  395    13    23    41
  396    64    74    92
  397    57    67    85
  398    10    20    38
  399    70    80    98
  400    54    64    82
  401    66    76    94
  402    65    75    93
  403    67    77    95
  404    71    81    99
  405    22    32    50
  406    49    59    77
  407    62    72    90
  408    46    56    74
  409    35    45    62
  410    18    28    45
  411    43    53    70
  412    65    75    92
  413    71    81    98
  414    21    31    48
  415    57    67    84
  416    70    80    97
  417    41    51    68
  418    49    59    76
  419    46    56    73
  420    71    81    98
  421    34    44    61
  422    72    82    99
  423    66    76    93
  424    69    79    96
  425    52    62    79
  426    49    59    76
  427    68    78    95
  428    49    59    75
  429    53    63    79
  430    27    37    53
  431    36    46    62
  432    35    45    61
  433    51    61    77
  434    20    30    46
  435    19    29    45
  436    65    75    91
  437    39    49    65
  438    26    36    52
  439    23    33    49
  440    56    66    82
  441    31    41    56
  442    42    52    67
  443    74    84    99
  444    64    74    89
  445    56    66    81
  446    25    35    50
  447    65    75    90
  448    42    52    67
  449    26    36    51
  450    52    62    77
  451    73    83    98
  452    52    62    77
  453    62    72    87
  454    37    47    62
  455    50    60    75
  456    14    24    39
  457    55    65    80
  458    67    77    92
  459    60    70    85
  460    61    71    85
  461    43    53    67
  462    10    20    34
  463    36    46    60
  464    53    63    77
  465    57    67    81
  466    54    64    78
  467    23    33    47
  468    10    20    34
  469    51    61    75
  470    41    51    65
  471    69    79    92
  472    75    85    98
  473    74    84    97
  474    17    27    40
  475    21    31    44
  476    47    57    70
  477    54    64    77
  478    52    62    75
  479    38    48    61
  480    17    27    40
  481    30    40    53
  482    35    45    58
  483    35    45    58
  484    72    82    95
  485    19    29    42
  486    60    70    83
  487    67    77    90
  488    64    74    87
  489    53    63    76
  490    72    82    94
  491    76    86    98
  492    12    22    34
  493    68    78    90
  494    70    80    92
  495    55    65    77
  496    32    42    54
  497    73    83    95
  498    39    49    61
  499    20    30    42
  500    12    22    34
  501    76    86    98
  502    33    43    55
  503    70    80    92
  504    25    35    47
  505    22    32    44
  506    70    80    92
  507    77    87    99
  508    77    87    99
  509    37    47    59
  510    37    47    59
  511    18    28    39
  512    48    58    69
  513    55    65    76
  514    75    85    96
  515    68    78    89
  516    54    64    75
  517     1    11    22
  518    76    86    97
  519    58    68    79
  520    17    27    38
  521    75    85    96
  522    78    88    99
  523    27    37    48
  524    56    66    77
  525    36    46    57
  526    71    81    91
  527    76    86    96
  528    73    83    93
  529    46    56    66
  530    37    47    57
  531     8    18    28
  532    46    56    66
  533    75    85    95
  534    56    66    76
  535    71    81    91
  536    18    28    38
  537    56    66    76
  538    54    64    73
  539    69    79    88
  540    57    67    76
  541    70    80    89
  542    78    88    97
  543    75    85    94
  544    77    87    96
  545    76    86    95
  546    79    89    98
  547    57    67    76
  548    79    89    98
  549    16    26    35
  550    31    41    50
  551    17    27    36
  552    65    75    84
  553    20    30    39
  554    75    85    94
  555    80    90    99
  556    42    52    61
  557    12    22    31
  558    47    57    66
  559    80    90    99
  560    65    75    84
  561    18    28    36
  562    76    86    94
  563    47    57    65
  564    65    75    83
  565    58    68    76
  566    31    41    49
  567    60    70    78
  568    50    60    68
  569    74    84    92
  570    70    80    88
  571    80    90    98
  572    79    89    97
  573    60    70    78
  574    80    90    98
  575    70    80    88
  576    33    43    51
  577    47    57    65
  578    27    37    45
  579    58    68    76
  580    68    78    86
  581    43    53    61
  582    74    84    92
  583    70    80    88
  584    76    86    94
  585    54    64    72
  586    76    86    94
  587    28    38    46
  588    72    82    90
  589    74    84    92
  590    19    29    37
  591    34    44    52
  592    79    89    97
  593    81    91    99
  594    45    55    62
  595    60    70    77
  596    44    54    61
  597    75    85    92
  598    81    91    98
  599    17    27    34
  600    80    90    97
  601    22    32    39
  602    10    20    27
  603    33    43    50
  604    23    33    40
  605    80    90    97
  606    26    36    43
  607    34    44    51
  608    77    87    94
  609    42    52    59
  610    31    41    48
  611    81    91    98
  612    69    79    86
  613    81    91    98
  614    67    77    84
  615    78    88    95
  616    68    78    85
  617    68    78    85
  618    27    37    44
  619     7    17    24
  620    40    50    57
  621     4    14    21
  622    59    69    76
  623    49    59    66
  624    50    60    67
  625    57    67    74
  626    42    52    59
  627    46    56    62
  628    80    90    96
  629    46    56    62
  630    73    83    89
  631    80    90    96
  632    13    23    29
  633    41    51    57
  634    64    74    80
  635     8    18    24
  636    58    68    74
  637    62    72    78
  638    81    91    97
  639    83    93    99
  640    23    33    39
  641    83    93    99
  642    48    58    64
  643    83    93    99
  644    68    78    84
  645    82    92    98
  646    83    93    99
  647    82    92    98
  648    71    81    87
  649    53    63    69
  650    57    67    73
  651    76    86    92
  652    62    72    78
  653    40    50    56
  654    81    91    97
  655    78    88    94
  656    72    82    87
  657    83    93    98
  658    64    74    79
  659    84    94    99
  660    70    80    85
  661    42    52    57
  662    73    83    88
  663    79    89    94
  664    63    73    78
  665    45    55    60
  666    40    50    55
  667    42    52    57
  668    80    90    95
  669    12    22    27
  670    81    91    96
  671    70    80    85
  672    80    90    95
  673    73    83    88
  674    74    84    89
  675    78    88    93
  676    82    92    97
  677    63    73    78
  678    79    89    94
  679    83    93    98
  680    29    39    44
  681    59    69    74
  682    78    88    93
  683    12    22    26
  684    17    27    31
  685    85    95    99
  686    76    86    90
  687    84    94    98
  688    57    67    71
  689    54    64    68
  690    81    91    95
  691    46    56    60
  692    73    83    87
  693    84    94    98
  694    17    27    31
  695    12    22    26
  696    72    82    86
  697    85    95    99
  698    83    93    97
  699    37    47    51
  700    44    54    58
  701    73    83    87
  702    62    72    76
  703    13    23    27
  704    33    43    47
  705    50    60    64
  706    77    87    91
  707    82    92    96
  708    85    95    99
  709    73    83    87
  710     2    12    16
  711    84    94    98
  712    17    27    31
  713    52    62    66
  714    32    42    45
  715    82    92    95
  716    59    69    72
  717    80    90    93
  718    58    68    71
  719    82    92    95
  720    61    71    74
  721    76    86    89
  722    69    79    82
  723    62    72    75
  724    64    74    77
  725    32    42    45
  726    78    88    91
  727    69    79    82
  728    74    84    87
  729    83    93    96
  730    71    81    84
  731    83    93    96
  732    83    93    96
  733    57    67    70
  734    78    88    91
  735    67    77    80
  736    80    90    93
  737    34    44    47
  738    36    46    49
  739    72    82    85
  740    83    93    95
  741    72    82    84
  742    79    89    91
  743    87    97    99
  744    46    56    58
  745    78    88    90
  746    24    34    36
  747    87    97    99
  748    85    95    97
  749    79    89    91
  750    20    30    32
  751    79    89    91
  752    63    73    75
  753    75    85    87
  754    54    64    66
  755    83    93    95
  756    17    27    29
  757    28    38    40
  758     4    14    16
  759    52    62    64
  760    83    93    95
  761    86    96    98
  762    34    44    46
  763    73    83    85
  764    45    55    57
  765    80    90    92
  766    59    69    71
  767    81    91    93
  768    85    95    97
  769    71    81    83
  770    83    93    95
  771    81    91    93
  772    61    71    73
  773    77    87    89
  774    49    59    61
  775    83    93    95
  776    83    93    95
  777    22    32    34
  778    72    82    84
  779    87    97    99
  780    80    90    92
  781    83    93    95
  782    82    92    94
  783    51    61    63
  784    79    89    91
  785    75    85    86
  786    83    93    94
  787    87    97    98
  788    76    86    87
  789    66    76    77
  790    87    97    98
  791     9    19    20
  792    87    97    98
  793    65    75    76
  794    85    95    96
  795    80    90    91
  796    64    74    75
  797    86    96    97
  798    47    57    58
  799    69    79    80
  800    86    96    97
  801    88    98    99
  802    88    98    99
  803    88    98    99
  804    51    61    62
  805    68    78    79
  806    31    41    42
  807    69    79    80
  808    58    68    69
  809    81    91    92
  810    14    24    25
  811    45    55    56
  812    88    98    99
  813    34    44    45
  814    25    35    36
  815    86    96    97
  816    86    96    97
  817    17    27    28
  818    86    96    97
  819    87    97    98
  820    72    82    83
  821    75    85    86
  822    85    95    96
  823    84    94    95
  824    87    97    98
  825    82    92    93
  826    84    94    95
  827    79    89    90
  828    72    82    83
  829    64    74    75
  830    68    78    79
  831    78    88    89
  832    87    97    98
  833    80    90    91
  834    96   100   100
  835    96   100   100
  836    88    98    98
  837    93   100   100
  838    88    98    98
  839    71    81    81
  840    99   100   100
  841    80    90    90
  842   100   100   100
  843    91   100   100
  844    57    67    67
  845    86    96    96
  846    55    65    65
  847    92   100   100
  848    97   100   100
  849    77    87    87
  850    93   100   100
  851    90   100   100
  852    85    95    95
  853    97   100   100
  854    90   100   100
  855    95   100   100
  856    99   100   100
  857    63    73    73
  858    91   100   100
  859    91   100   100
  860    90   100   100
  861   100   100   100
  862    92   100   100
  863    97   100   100
  864    37    47    47
  865    99   100   100
  866    96   100   100
  867    84    94    94
  868    93   100   100
  869    86    96    96
  870    95   100   100
  871    98   100   100
  872    99   100   100
  873    92   100   100
  874    98   100   100
  875    97   100   100
  876    92   100   100
  877    91   100   100
  878    89    99    99
  879    68    78    78
  880    88    98    98
  881    98   100   100
  882    90   100   100
  883   100   100   100
  884    96   100   100
  885   100   100   100
  886    89    99    99
  887    92   100   100
  888    92   100   100
  889    60    70    70
  890    86    96    96
  891    99   100   100
  892    95   100   100
  893   100   100   100
  894    99   100   100
  895    94   100   100
  896    54    64    64
  897    87    97    97
  898    98   100   100
  899    90   100   100
  900    71    81    81
  901    91   100   100
  902    87    97    97
  903    99   100   100
  904    89    99    99
  905    93   100   100
  906    97   100   100
  907    90   100   100
  908    91   100   100
  909    90   100   100
  910    90   100   100
  911    79    89    89
  912    43    53    53
  913    98   100   100
  914    91   100   100
  915    97   100   100
  916    69    79    79
  917    91   100   100
  918    76    86    86
  919   100   100   100
  920    61    71    71
  921   100   100   100
  922    24    34    34
  923    89    99    99
  924    90   100   100
  925    95   100   100
  926    91   100   100
  927    85    95    95
  928    96   100   100
  929    81    91    91
  930    73    83    83
  931    27    37    37
  932    99   100   100
  933    41    51    51
  934    89    99    99
  935    92   100   100
  936    99   100   100
  937    97   100   100
  938    94   100   100
  939    86    96    96
  940    90   100   100
  941   100   100   100
  942    98   100   100
  943    98   100   100
  944    98   100   100
  945    91   100   100
  946    96   100   100
  947    96   100   100
  948    92   100   100
  949    87    97    97
  950    88    98    98
  951    95   100   100
  952    91   100   100
  953    91   100   100
  954   100   100   100
  955    93   100   100
  956    88    98    98
  957    89    99    99
  958    96   100   100
  959    89    99    99
  960    69    79    79
  961    99   100   100
  962    88    98    98
  963    94   100   100
  964    96   100   100
  965    94   100   100
  966    96   100   100
  967    97   100   100
  968   100   100   100
  969    89    99    99
  970   100   100   100
  971    97   100   100
  972    97   100   100
  973    92   100   100
  974    70    80    80
  975    77    87    87
  976    98   100   100
  977    23    33    33
  978    92   100   100
  979    97   100   100
  980   100   100   100
  981    91   100   100
  982    90   100   100
  983    89    99    99
  984    93   100   100
  985    56    66    66
  986    78    88    88
  987    88    98    98
  988    29    39    39
  989    98   100   100
  990    99   100   100
  991    95   100   100
  992    92   100   100
  993    91   100   100
  994    56    66    66
  995   100   100   100
  996    93   100   100
  997    97   100   100
  998    95   100   100
  999    99   100   100
  100