  100
    0     6     6    83
    1    20    20    93
    2    19    19    91
    3    13    13    85
    4    17    17    88
    5    29    29    98
    6    25    25    89
    7     9     9    73
    8    11    11    73
    9    46    46    96
   10    20    20    68
   11    48    48    95
   12    51    51    97
   13    49    49    95
   14    10    10    53
   15    39    39    82
   16    19    19    61
   17    41    41    82
   18    22    22    62
   19    18    18    58
   20    58    58    97
   21    34    34    72
   22    57    57    95
   23    34    34    72
   24    62    62    98
   25    26    26    62
   26    25    25    61
   27    55    55    90
   28    59    59    94
   29    56    56    91
   30    47    47    81
   31    57    57    91
   32    33    33    65
   33    40    40    71
   34    56    56    87
   35    55    55    86
   36    58    58    88
   37    63    63    93
   38    39    39    67
   39    52    52    79
   40    57    57    84
   41    62    62    89
   42     3     3    29
   43    72    72    96
   44    76    76    99
   45    59    59    82
   46    30    30    52
   47    75    75    97
   48    63    63    84
   49    74    74    94
   50    18    18    38
   51    57    57    76
   52    65    65    84
   53    57    57    74
   54    43    43    59
   55    58    58    73
   56    29    29    44
   57    59    59    73
   58    28    28    42
   59    34    34    48
   60    23    23    36
   61    17    17    29
   62    26    26    38
   63    76    76    85
   64    69    69    78
   65    45    45    53
   66    53    53    61
   67    73    73    80
   68    87    87    94
   69    48    48    55
   70    19    19    26
   71    66    66    73
   72    22    22    28
   73    92    92    98
   74    67    67    73
   75    62    62    68
   76    89    89    94
   77    45    45    50
   78    88    88    93
   79    90    90    94
   80    46    46    50
   81    10    10    13
   82    11    11    14
   83    80    80    83
   84    69    69    72
   85    80    80    82
   86    72    72    74
   87    66    66    68
   88    98    98    99
   89     6     6     7
   90    57    57    58
   91   100   100   100
   92    99    99    99
   93   100   100   100
   94    75    75    75
   95    70    70    70
   96    89    89    89
   97    71    71    71
   98    96    96    96
   99    95    95    95
  100