  100
    0     3    13    96
    1     2    12    92
    2    11    21    95
    3    15    25    97
    4    11    21    88
    5     6    16    82
    6    16    26    78
    7    34    44    95
    8    40    50    97
    9     1    11    58
   10    20    30    75
   11    17    27    69
   12    25    35    76
   13    37    47    86
   14    16    26    65
   15     2    12    51
   16    32    42    80
   17    43    53    91
   18    30    40    77
   19    17    27    63
   20    26    36    72
   21     4    14    49
   22    46    56    91
   23    46    56    91
   24    18    28    62
   25    33    43    76
   26    36    46    78
   27    56    66    97
   28    19    29    59
   29    28    38    67
   30    14    24    52
   31    40    50    78
   32    51    61    85
   33    67    77    98
   34    54    64    84
   35    70    80    98
   36    37    47    64
   37    50    60    77
   38    58    68    83
   39    51    61    76
   40    30    40    54
   41    75    85    99
   42    34    44    57
   43    76    86    99
   44    48    58    71
   45    71    81    93
   46    72    82    94
   47    69    79    90
   48    59    69    80
   49    11    21    32
   50    69    79    90
   51    58    68    79
   52    53    63    74
   53    20    30    41
   54    60    70    79
   55    67    77    86
   56     4    14    22
   57    51    61    69
   58    81    91    99
   59    74    84    92
   60     7    17    25
   61    36    46    53
   62    67    77    84
   63    69    79    86
   64    46    56    63
   65    74    84    91
   66    50    60    66
   67    80    90    95
   68    77    87    91
   69    72    82    86
   70    18    28    32
   71    84    94    97
   72    82    92    95
   73    48    58    61
   74    79    89    91
   75    82    92    94
   76    75    85    87
   77    81    91    93
   78    72    82    84
   79    87    97    98
   80    70    80    81
   81    87    97    98
   82    88    98    98
   83    78    88    88
   84    97   100   100
   85     4    14    14
   86    95   100   100
   87    94   100   100
   88    91   100   100
   89    94   100   100
   90    91   100   100
   91    94   100   100
   92    92   100   100
   93    97   100   100
   94    97   100   100
   95    93   100   100
   96    96   100   100
   97    98   100   100
   98    61    71    71
   99    90   100   100
  100