  100
    0     1     1    85
    1     9     9    84
    2    17    17    89
    3    20    20    87
    4     1     1    68
    5    19    19    86
    6     9     9    75
    7    27    27    88
    8    33    33    92
    9    17    17    75
   10    38    38    95
   11    18    18    74
   12    21    21    75
   13     5     5    51
   14    15    15    61
   15    38    38    84
   16    32    32    77
   17    25    25    69
   18    12    12    54
   19    38    38    79
   20    47    47    84
   21    42    42    79
   22    58    58    95
   23    37    37    72
   24    15    15    50
   25    59    59    93
   26    13    13    44
   27     4     4    35
   28    66    66    96
   29    55    55    84
   30    27    27    56
   31    21    21    49
   32    27    27    55
   33    31    31    59
   34    57    57    83
   35     5     5    31
   36    60    60    85
   37    21    21    46
   38    52    52    76
   39    48    48    71
   40    61    61    84
   41    67    67    88
   42    76    76    97
   43    25    25    46
   44    75    75    95
   45     2     2    21
   46    67    67    86
   47    22    22    41
   48    37    37    55
   49    49    49    65
   50    75    75    91
   51    62    62    78
   52    61    61    76
   53    79    79    93
   54    63    63    77
   55    70    70    83
   56    52    52    64
   57    73    73    85
   58    45    45    57
   59    21    21    32
   60    51    51    62
   61    82    82    92
   62    88    88    98
   63    89    89    98
   64    45    45    54
   65    90    90    98
   66    83    83    90
   67    71    71    78
   68    92    92    98
   69    19    19    25
   70    56    56    62
   71    63    63    69
   72    90    90    95
   73    65    65    70
   74    22    22    27
   75    94    94    98
   76    72    72    76
   77    41    41    45
   78    80    80    83
   79    71    71    74
   80    96    96    99
   81    97    97    99
   82    84    84    86
   83    85    85    87
   84    78    78    80
   85    33    33    35
   86    96    96    97
   87    85    85    86
   88    90    90    91
   89    98    98    99
   90    94    94    95
   91    90    90    91
   92    81    81    82
   93    78    78    79
   94    99    99    99
   95    94    94    94
   96   100   100   100
   97    62    62    62
   98    92    92    92
   99    96    96    96
  100