  100
    0    41     9    90
    1    30    25    96
    2    99    23    89
    3    61    38    96
    4    47    32    89
    5    98    21    77
    6    12    21    76
    7    67    24    79
    8    39    45    99
    9    10    10    64
   10    40     5    58
   11    19    44    93
   12     9    41    90
   13    82    19    67
   14    27    42    89
   15    78    10    56
   16    12    32    77
   17    77    27    71
   18    64    30    73
   19    82     3    46
   20    34    50    93
   21    83     8    50
   22    16    16    58
   23    48    62    98
   24    80    36    71
   25    82    39    73
   26    53    20    54
   27    57    47    81
   28    55    20    53
   29    64     9    41
   30    24    28    58
   31    76    21    50
   32    45    55    84
   33    48    46    74
   34    48    62    87
   35    89    47    72
   36    54    51    74
   37     7    56    79
   38    15    43    66
   39    45    55    77
   40    30    61    81
   41    34    65    84
   42    11    18    37
   43    75    12    30
   44    10    67    85
   45    99    57    74
   46    62    30    47
   47     8    22    39
   48    90    41    56
   49    99    84    99
   50    44    37    51
   51    17    50    64
   52    96    46    60
   53    99    79    92
   54    34    40    53
   55    49    28    41
   56    84    81    94
   57    38    13    26
   58     4    47    59
   59    53    77    89
   60    30    44    55
   61    47    63    73
   62    26    49    59
   63    90    80    90
   64    40    14    24
   65    50     9    18
   66    74    82    91
   67    11    72    81
   68    59    80    88
   69    16    87    95
   70     2    73    81
   71    19    92    99
   72    67    79    86
   73    22    75    81
   74    97    81    87
   75    25    42    48
   76    19    51    56
   77    33    63    68
   78    77     2     7
   79    98    94    98
   80     3    88    92
   81    16    94    98
   82    34    80    83
   83     1    80    83
   84    59    81    84
   85     6    19    21
   86    63    95    97
   87    77    83    85
   88    64    70    72
   89    90    91    92
   90    30    45    46
   91    83    78    79
   92    90    98    99
   93    99    78    79
   94    25    92    93
   95    49   100   100
   96    57    84    84
   97    79    56    56
   98    90    78    78
   99    56    93    93
  100