  100
    0    94     3    97
    1    44     6    95
    2    14     4    82
    3    44     3    80
    4    54    13    90
    5    95    25    97
    6    13    14    86
    7    54    21    90
    8    49    30    96
    9     9     5    70
   10    94     5    69
   11    97    24    83
   12    62     4    63
   13    72    41    95
   14    44     9    58
   15    68    19    64
   16    80    31    74
   17    93    18    61
   18    24     8    51
   19    71    14    56
   20    74    25    65
   21     3    22    62
   22     2    10    49
   23    46     9    46
   24    72    40    75
   25    64    59    94
   26    21     1    36
   27    64    53    85
   28    89    26    58
   29    23    28    59
   30    99    28    58
   31    18    67    96
   32    59    10    39
   33    27    44    72
   34    32    26    53
   35    94    72    99
   36    89    67    92
   37     7    73    98
   38    33    14    38
   39    19    62    85
   40     4    74    96
   41    79    70    91
   42     6    74    95
   43    97    63    84
   44    79    48    69
   45    66    61    79
   46    35    63    81
   47    32    58    76
   48    98    75    93
   49    99    75    92
   50     7    70    87
   51    89    47    64
   52    72    81    97
   53    69    45    61
   54    95    61    77
   55    37    81    97
   56    94    72    87
   57    55    77    91
   58    41    82    96
   59    53    61    74
   60    51    66    79
   61    45    42    54
   62    26    85    96
   63    10    65    76
   64    48    62    71
   65    15    54    62
   66    30    66    74
   67    40    85    93
   68    39    90    97
   69    20    89    96
   70    35    78    85
   71    38    46    53
   72    28    88    95
   73    85    93    99
   74    10    87    93
   75    29    88    93
   76    15    89    94
   77    74    94    99
   78    29    12    17
   79    19    77    81
   80    60    91    95
   81    68    95    99
   82    54    72    75
   83    40    32    34
   84    85    94    96
   85    64    96    98
   86    11    23    25
   87    55    48    50
   88    69    58    59
   89    85    97    98
   90    11    93    94
   91    42    70    71
   92    28   100   100
   93    10   100   100
   94    76    94    94
   95    35   100   100
   96    81    79    79
   97    62    97    97
   98    73    99    99
   99    69    91    91
  100