  500
    0     2     5    97
    1     2     1    90
    2     8     6    95
    3    16     6    92
    4    10     2    86
    5    10    16    99
    6     3    11    93
    7    17    15    97
    8    15    15    97
    9     7     2    84
   10     1     4    85
   11     3     8    89
   12    21    16    96
   13    17    13    92
   14    16    21    98
   15     8     4    81
   16    24    20    96
   17    15    24    99
   18    21    25    99
   19    14    17    90
   20    17    11    83
   21    32    26    98
   22    27    19    91
   23    36    28    99
   24    10     6    77
   25     1     3    73
   26    19    12    82
   27    18    22    91
   28    20    28    97
   29    21    17    85
   30    19    29    97
   31    16    10    78
   32    26    28    95
   33    22    12    79
   34     1     2    69
   35    23    17    83
   36    11    21    87
   37    14     4    69
   38    26    34    98
   39    45    35    98
   40    31    35    97
   41    33    31    92
   42     8     5    65
   43    45    35    95
   44    22    24    84
   45    32    26    85
   46    27    31    89
   47    12     4    61
   48    11    18    75
   49    15    21    78
   50    27    18    74
   51    16     9    65
   52    24    16    72
   53    37    33    89
   54    23    14    69
   55    30    36    91
   56    20    21    76
   57     6     3    57
   58     3     7    61
   59    17    22    76
   60    45    45    98
   61    20    19    72
   62    40    39    91
   63    42    40    92
   64    17    22    74
   65    44    42    93
   66    33    23    74
   67    27    22    73
   68    28    25    75
   69    36    46    96
   70     6     6    56
   71     6     5    55
   72    15    14    63
   73    31    37    86
   74     2     6    55
   75    27    19    68
   76    16     8    57
   77    37    37    85
   78    53    52    99
   79    14     9    56
   80    39    44    91
   81     1     5    52
   82    51    41    87
   83    38    28    74
   84    36    41    87
   85    50    53    99
   86     5     2    47
   87    47    43    87
   88    31    27    71
   89    17    18    61
   90    20    29    72
   91    44    53    96
   92    13    23    66
   93    56    54    97
   94    59    56    99
   95    26    27    70
   96    29    38    81
   97    61    51    93
   98    10    12    54
   99    53    53    94
  100    26    33    74
  101    47    56    97
  102    59    54    95
  103    56    58    99
  104    19    12    53
  105    35    35    76
  106    28    32    73
  107    67    58    98
  108    10     6    46
  109    50    50    90
  110    10    16    56
  111     5    15    55
  112    23    25    65
  113     3    10    50
  114    31    40    79
  115    51    53    92
  116    58    60    99
  117     2     8    47
  118    39    34    73
  119    62    55    93
  120    61    56    94
  121    47    48    86
  122    53    45    83
  123    12     9    47
  124    25    15    53
  125    52    47    84
  126    55    58    95
  127    44    50    87
  128    43    44    81
  129    49    44    80
  130    35    28    64
  131    56    58    94
  132    61    55    91
  133    24    30    66
  134    33    25    61
  135    48    43    78
  136    36    43    78
  137    30    40    75
  138    50    53    87
  139    37    41    75
  140    42    49    83
  141    45    53    87
  142    15     9    42
  143    38    33    65
  144    49    52    84
  145    21    17    49
  146    54    59    91
  147    60    52    84
  148    63    66    98
  149     3    10    42
  150    59    61    93
  151    57    66    97
  152    41    48    79
  153    25    34    65
  154    53    48    79
  155    56    60    91
  156    60    50    81
  157    45    35    66
  158     8     9    40
  159    41    35    66
  160    63    63    93
  161    18    17    47
  162    53    49    78
  163    70    62    91
  164    20    24    53
  165    77    69    98
  166    55    52    81
  167    36    34    63
  168    24    17    46
  169    56    60    89
  170    69    64    92
  171    20    19    47
  172     6     4    32
  173    13    10    38
  174     8    17    45
  175    18    24    52
  176    51    50    78
  177    48    38    66
  178    60    52    80
  179    29    29    57
  180    70    62    89
  181     9     5    32
  182    17    25    52
  183    51    55    82
  184    66    56    83
  185    12    13    40
  186    65    66    92
  187    63    53    79
  188     6     6    32
  189    50    52    78
  190    56    52    77
  191    72    72    97
  192    69    68    93
  193    36    41    66
  194    35    34    59
  195    58    61    86
  196    70    60    85
  197    52    50    74
  198    60    65    89
  199    19    12    36
  200    63    73    97
  201    26    27    50
  202    52    44    67
  203    67    69    92
  204    52    48    71
  205    46    37    60
  206    68    73    96
  207    70    74    97
  208    62    60    83
  209    58    66    89
  210     3     4    27
  211    76    70    92
  212    51    57    79
  213    76    68    90
  214     1     4    26
  215    31    40    62
  216    64    57    78
  217    12     4    25
  218    62    60    81
  219    86    76    96
  220    63    70    90
  221    15    17    37
  222     8    17    37
  223    16    26    46
  224    65    68    88
  225    51    58    78
  226    71    63    83
  227    55    63    83
  228    74    65    85
  229    56    60    80
  230    45    48    67
  231    71    70    89
  232    61    70    89
  233     8     9    28
  234    61    69    88
  235    72    80    99
  236    61    52    70
  237     9     9    27
  238    40    37    55
  239     7     4    22
  240    50    46    64
  241    40    31    49
  242    75    67    85
  243    58    65    83
  244    72    81    99
  245    34    32    49
  246    40    41    58
  247    40    48    65
  248    85    77    94
  249    43    45    62
  250    83    79    96
  251    34    30    47
  252    82    76    93
  253    45    38    55
  254    75    68    85
  255    68    66    82
  256    81    74    90
  257    60    59    75
  258    78    78    94
  259    13     3    19
  260    39    41    57
  261    31    27    43
  262    62    71    87
  263     8     8    24
  264    26    25    41
  265    72    72    88
  266    55    55    71
  267    80    80    96
  268    62    54    69
  269    55    53    68
  270    54    57    72
  271    65    55    70
  272    71    80    95
  273     3    12    27
  274    20    10    24
  275    15    21    35
  276    82    82    96
  277    86    81    95
  278    40    41    55
  279    70    67    81
  280    17    27    41
  281    30    35    49
  282    65    73    87
  283    54    55    69
  284    24    25    39
  285    72    70    84
  286    10    12    26
  287     1     2    16
  288    78    85    98
  289    67    57    70
  290    62    70    83
  291    40    45    58
  292    75    77    90
  293    12     4    17
  294    65    73    86
  295    84    84    97
  296    28    29    42
  297    72    67    80
  298     1     7    20
  299    77    77    90
  300     8     8    20
  301    36    26    38
  302    86    82    94
  303    91    87    99
  304    37    33    45
  305    29    31    43
  306    65    61    73
  307    73    71    83
  308    80    76    88
  309    75    76    88
  310    96    87    99
  311    93    87    99
  312    75    81    93
  313    84    86    97
  314    68    62    73
  315    48    46    57
  316    80    78    89
  317    41    50    61
  318    74    83    94
  319    24    15    26
  320    73    80    91
  321    14     7    18
  322    77    77    88
  323    91    82    92
  324    97    87    97
  325    78    86    95
  326     6     5    14
  327    94    87    96
  328    91    86    95
  329    74    77    86
  330    55    65    74
  331    69    79    88
  332    51    53    62
  333    76    73    82
  334    17    17    26
  335    54    61    70
  336    33    31    40
  337    92    89    97
  338    96    89    97
  339     9    12    20
  340    53    52    60
  341    71    73    81
  342    23    21    29
  343    34    34    42
  344    94    89    96
  345    36    28    35
  346     3    11    18
  347    32    42    49
  348    94    85    92
  349    81    72    79
  350    91    87    94
  351    97    87    94
  352    81    81    88
  353    99    92    99
  354    11    19    26
  355    82    86    93
  356    57    63    70
  357    82    79    86
  358    84    87    94
  359    60    55    62
  360    76    86    93
  361    77    76    83
  362    84    75    82
  363    35    33    39
  364    84    89    95
  365    59    52    58
  366    52    61    67
  367    91    93    99
  368    92    86    92
  369    73    80    86
  370    27    20    26
  371    85    84    89
  372    84    75    80
  373    71    73    78
  374   101    92    97
  375    83    87    92
  376    33    41    46
  377    53    59    64
  378    97    92    97
  379    95    86    91
  380    99    90    95
  381    40    49    54
  382    61    62    67
  383    51    58    63
  384    53    61    66
  385    51    59    64
  386    89    88    93
  387    90    91    96
  388    84    85    89
  389   104    95    99
  390   103    95    99
  391    99    92    96
  392    88    81    85
  393    96    87    91
  394    12     9    13
  395    83    75    79
  396    48    51    55
  397    33    35    39
  398    37    33    37
  399    68    65    69
  400    81    87    91
  401    92    94    98
  402    32    39    43
  403    65    61    65
  404    86    91    95
  405    99    90    94
  406   102    94    98
  407    76    85    88
  408    83    80    83
  409    99    91    94
  410    94    93    96
  411    89    83    86
  412    86    96    99
  413    93    84    87
  414    86    83    86
  415    82    81    84
  416    10     5     8
  417     4    11    14
  418   102    96    99
  419    80    77    80
  420    69    77    80
  421     1     6     9
  422     3     2     5
  423    57    56    59
  424    79    88    91
  425    11     3     6
  426     2     9    12
  427     8    15    18
  428    82    84    87
  429    78    72    74
  430    94    96    98
  431    96    95    97
  432    91    97    99
  433    89    97    99
  434    19    28    30
  435    84    78    80
  436    96    93    95
  437   100    96    98
  438    96    92    94
  439    80    80    82
  440    68    72    74
  441    91    84    86
  442     1     3     5
  443    92    89    91
  444    37    35    37
  445    71    75    77
  446    24    33    34
  447    61    62    63
  448    92    94    95
  449    98    92    93
  450    78    79    80
  451    88    97    98
  452    96    93    94
  453    85    95    96
  454    89    96    97
  455    80    90    91
  456    99    92    93
  457    57    67    68
  458     1     4     5
  459   102    96    97
  460    51    49    50
  461    89    89    90
  462    65    56    57
  463    90    98    99
  464    73    67    68
  465    92    96    97
  466    74    66    67
  467    46    41    42
  468   108    98    99
  469    75    70    71
  470    95    93    94
  471    94    93    94
  472   101    95    95
  473   104   100   100
  474    54    48    48
  475    99   100   100
  476   102    99    99
  477    99   100   100
  478   108    98    98
  479    46    48    48
  480    98   100   100
  481    87    96    96
  482    97    99    99
  483    96    99    99
  484    89    99    99
  485    96   100   100
  486    31    24    24
  487    31    29    29
  488    86    96    96
  489   101   100   100
  490    76    82    82
  491    69    77    77
  492    99    99    99
  493    79    81    81
  494    52    59    59
  495    95    93    93
  496    39    49    49
  497    94    91    91
  498   101    94    94
  499    96    96    96
  100