  500
    0     1     1    99
    1     6     6    98
    2    10    10    94
    3     8     8    92
    4     6     6    88
    5    17    17    99
    6     8     8    88
    7     4     4    83
    8     7     7    86
    9     8     8    85
   10     8     8    84
   11    23    23    98
   12     9     9    84
   13    22    22    97
   14    21    21    95
   15    14    14    87
   16     9     9    82
   17    20    20    93
   18    13    13    86
   19    20    20    92
   20     5     5    76
   21     6     6    77
   22    10    10    80
   23    13    13    82
   24    23    23    91
   25    29    29    96
   26    10    10    77
   27    17    17    84
   28    32    32    99
   29    13    13    79
   30     6     6    72
   31     1     1    66
   32    29    29    94
   33    15    15    80
   34    16    16    80
   35    10    10    74
   36    27    27    91
   37    34    34    98
   38     1     1    64
   39    14    14    76
   40     2     2    64
   41     5     5    66
   42    27    27    87
   43    38    38    98
   44    27    27    86
   45    26    26    85
   46    29    29    88
   47    32    32    91
   48    27    27    83
   49     3     3    59
   50    43    43    99
   51    16    16    72
   52    32    32    88
   53    14    14    70
   54    10    10    66
   55     8     8    63
   56    36    36    91
   57    31    31    86
   58    20    20    75
   59    42    42    96
   60     5     5    58
   61    23    23    76
   62     5     5    57
   63    20    20    71
   64    32    32    83
   65     4     4    55
   66    18    18    69
   67    28    28    78
   68     1     1    51
   69    23    23    73
   70    20    20    70
   71    36    36    86
   72     3     3    52
   73     8     8    57
   74    27    27    76
   75    17    17    66
   76    38    38    86
   77    39    39    87
   78    20    20    68
   79    28    28    75
   80    49    49    96
   81     8     8    55
   82     3     3    49
   83    48    48    94
   84    50    50    96
   85    41    41    87
   86    34    34    80
   87    12    12    58
   88    21    21    66
   89    38    38    83
   90    51    51    96
   91    36    36    80
   92    44    44    88
   93    55    55    99
   94    55    55    99
   95    43    43    87
   96    17    17    61
   97    44    44    88
   98    52    52    96
   99    35    35    78
  100    47    47    90
  101    29    29    72
  102    49    49    92
  103    15    15    57
  104    39    39    81
  105    29    29    71
  106    22    22    64
  107    14    14    56
  108    29    29    71
  109    33    33    74
  110    53    53    94
  111    41    41    82
  112    31    31    72
  113     9     9    50
  114     7     7    48
  115    44    44    85
  116    21    21    62
  117    36    36    76
  118    34    34    74
  119     8     8    48
  120    33    33    73
  121    55    55    95
  122    43    43    83
  123    36    36    75
  124    54    54    93
  125     7     7    46
  126     7     7    45
  127    61    61    98
  128    28    28    65
  129     3     3    40
  130    43    43    80
  131    25    25    61
  132     1     1    37
  133    18    18    53
  134    11    11    46
  135    63    63    98
  136     7     7    41
  137    60    60    94
  138    65    65    99
  139    29    29    63
  140    51    51    85
  141    55    55    88
  142    31    31    64
  143    65    65    98
  144    51    51    84
  145    25    25    58
  146    66    66    99
  147    48    48    81
  148    24    24    56
  149    37    37    69
  150    63    63    95
  151    50    50    82
  152     9     9    41
  153    17    17    49
  154    34    34    66
  155    66    66    98
  156    21    21    53
  157    30    30    62
  158    35    35    66
  159    44    44    75
  160    42    42    73
  161     2     2    33
  162    50    50    80
  163     4     4    34
  164    31    31    61
  165     1     1    31
  166    59    59    89
  167    20    20    50
  168    37    37    67
  169    59    59    88
  170    54    54    83
  171    61    61    90
  172    54    54    83
  173    28    28    57
  174    54    54    83
  175    49    49    78
  176    52    52    81
  177    47    47    75
  178    59    59    87
  179    67    67    95
  180    28    28    56
  181     2     2    30
  182    33    33    61
  183    49    49    77
  184    45    45    72
  185    26    26    53
  186    12    12    39
  187    21    21    48
  188    26    26    53
  189    48    48    75
  190    53    53    80
  191    50    50    77
  192    22    22    49
  193    41    41    68
  194    58    58    85
  195    37    37    63
  196    65    65    91
  197    26    26    52
  198    51    51    77
  199    49    49    74
  200    66    66    91
  201    67    67    92
  202    37    37    62
  203    63    63    87
  204    39    39    63
  205     6     6    30
  206    10    10    34
  207    15    15    39
  208    13    13    37
  209    27    27    50
  210    25    25    48
  211    60    60    83
  212    39    39    62
  213    43    43    66
  214    21    21    43
  215    73    73    95
  216    70    70    92
  217    51    51    73
  218    77    77    99
  219    62    62    84
  220    69    69    90
  221    48    48    69
  222    43    43    64
  223    44    44    65
  224     7     7    28
  225    64    64    85
  226    72    72    92
  227    10    10    30
  228    71    71    91
  229    47    47    67
  230    73    73    92
  231    54    54    73
  232    38    38    57
  233     6     6    25
  234    39    39    58
  235    38    38    57
  236    63    63    82
  237    50    50    69
  238    47    47    66
  239    74    74    92
  240    81    81    99
  241    81    81    99
  242    59    59    77
  243    70    70    88
  244    65    65    83
  245    52    52    70
  246    77    77    95
  247    78    78    96
  248    19    19    37
  249    46    46    64
  250    31    31    49
  251    29    29    47
  252    59    59    77
  253    35    35    53
  254    52    52    69
  255    75    75    92
  256    19    19    36
  257    64    64    81
  258    30    30    47
  259    69    69    86
  260    37    37    54
  261    63    63    80
  262    22    22    39
  263    72    72    89
  264    31    31    48
  265    44    44    61
  266    80    80    96
  267    42    42    58
  268    46    46    62
  269    81    81    97
  270    72    72    88
  271    33    33    49
  272    76    76    92
  273    75    75    90
  274    20    20    35
  275    17    17    32
  276    63    63    78
  277    53    53    68
  278    81    81    96
  279    47    47    62
  280    29    29    44
  281    58    58    73
  282    62    62    76
  283    44    44    58
  284    48    48    62
  285    46    46    60
  286    79    79    93
  287    76    76    90
  288     2     2    15
  289    33    33    46
  290    13    13    26
  291    86    86    99
  292    67    67    80
  293    69    69    82
  294    10    10    23
  295    32    32    45
  296    70    70    82
  297    71    71    83
  298    78    78    90
  299    72    72    84
  300    18    18    30
  301    17    17    29
  302    83    83    95
  303     6     6    18
  304    18    18    30
  305    88    88    99
  306    47    47    58
  307    41    41    52
  308    27    27    38
  309    39    39    50
  310    63    63    74
  311    80    80    91
  312    19    19    30
  313    71    71    82
  314    67    67    77
  315    18    18    28
  316    82    82    92
  317    35    35    45
  318    87    87    97
  319    84    84    94
  320    69    69    79
  321    47    47    57
  322    88    88    98
  323    84    84    94
  324    74    74    84
  325    88    88    98
  326    75    75    85
  327    46    46    56
  328    84    84    94
  329    78    78    87
  330    59    59    68
  331    25    25    34
  332    52    52    61
  333    46    46    55
  334    78    78    87
  335    90    90    99
  336    86    86    95
  337    86    86    95
  338    12    12    21
  339    85    85    94
  340    88    88    96
  341    52    52    60
  342    25    25    33
  343    76    76    84
  344    55    55    63
  345    58    58    66
  346    75    75    83
  347    72    72    80
  348    59    59    67
  349    60    60    67
  350    17    17    24
  351    17    17    24
  352    56    56    63
  353    74    74    81
  354    57    57    64
  355    23    23    30
  356    83    83    90
  357    89    89    96
  358    92    92    99
  359     8     8    15
  360    83    83    90
  361    86    86    93
  362    21    21    27
  363    79    79    85
  364    52    52    58
  365    69    69    75
  366    73    73    79
  367    65    65    71
  368    87    87    93
  369    16    16    22
  370    74    74    80
  371    75    75    81
  372    82    82    88
  373    10    10    16
  374    16    16    22
  375    36    36    42
  376    92    92    98
  377    65    65    71
  378    39    39    44
  379    36    36    41
  380    19    19    24
  381    94    94    99
  382    70    70    75
  383    81    81    86
  384    81    81    86
  385    67    67    72
  386    77    77    82
  387    31    31    36
  388    83    83    88
  389    91    91    96
  390    45    45    50
  391    85    85    89
  392    82    82    86
  393    56    56    60
  394    72    72    76
  395    79    79    83
  396    90    90    94
  397    43    43    47
  398    81    81    85
  399    85    85    89
  400    72    72    76
  401    50    50    54
  402    76    76    80
  403    79    79    83
  404    37    37    41
  405    89    89    93
  406    39    39    43
  407    42    42    46
  408    91    91    95
  409    88    88    92
  410    91    91    95
  411    17    17    21
  412    43    43    47
  413    93    93    97
  414    71    71    75
  415    53    53    57
  416    74    74    78
  417    35    35    39
  418    92    92    95
  419    94    94    97
  420    50    50    53
  421    96    96    99
  422    82    82    85
  423    72    72    75
  424    95    95    98
  425    88    88    91
  426    92    92    95
  427    81    81    84
  428    41    41    44
  429    69    69    72
  430    95    95    98
  431    95    95    97
  432    67    67    69
  433    42    42    44
  434    97    97    99
  435    90    90    92
  436    52    52    54
  437    84    84    86
  438    96    96    98
  439    97    97    99
  440    36    36    38
  441    74    74    76
  442    70    70    72
  443    97    97    99
  444    97    97    99
  445    46    46    48
  446    86    86    88
  447    89    89    91
  448    94    94    96
  449    16    16    18
  450    63    63    65
  451    24    24    26
  452    84    84    86
  453    74    74    75
  454    97    97    98
  455    92    92    93
  456    53    53    54
  457    72    72    73
  458    98    98    99
  459    98    98    99
  460    73    73    74
  461    84    84    85
  462    89    89    90
  463    97    97    98
  464    98    98    99
  465    24    24    25
  466    80    80    81
  467    81    81    82
  468    23    23    24
  469    76    76    77
  470    20    20    21
  471    53    53    54
  472    96    96    96
  473    99    99    99
  474    98    98    98
  475    82    82    82
  476   100   100   100
  477    96    96    96
  478    98    98    98
  479    99    99    99
  480   100   100   100
  481    93    93    93
  482    99    99    99
  483    19    19    19
  484    99    99    99
  485    96    96    96
  486   100   100   100
  487    90    90    90
  488    94    94    94
  489    47    47    47
  490    97    97    97
  491    92    92    92
  492    94    94    94
  493    21    21    21
  494    89    89    89
  495    90    90    90
  496    92    92    92
  497    62    62    62
  498    25    25    25
  499    68    68    68
  100