 1000
    0    46     1    99
    1    29     3    97
    2    86     9    99
    3    60     3    92
    4    66     7    95
    5    88     3    91
    6    78    15    99
    7    58     3    86
    8    65    15    98
    9    79     1    84
   10    77     9    92
   11    19     6    88
   12    35    13    94
   13    43    11    92
   14    17    15    96
   15    40    15    96
   16    19    10    90
   17    10     5    85
   18    16     8    87
   19    19    16    95
   20     3     6    85
   21     5     9    87
   22    19     2    80
   23    93    17    95
   24    52    10    87
   25    10     3    79
   26    10     7    83
   27    68    13    89
   28    21     5    81
   29    66    14    89
   30    35    16    91
   31    39    23    98
   32    93     2    77
   33     7    24    99
   34    71    10    85
   35    51    22    96
   36    72     5    78
   37    87     2    75
   38    94    24    97
   39    36    16    89
   40    21    19    92
   41     6    21    94
   42     1    21    93
   43    71     3    74
   44    40     9    80
   45    72    24    95
   46    44     8    79
   47    49     6    77
   48    81    20    91
   49     3    18    88
   50    19    18    88
   51    78     3    73
   52    56    15    84
   53    68    20    89
   54    76     5    74
   55    75     6    75
   56    35     2    70
   57    59     1    69
   58    74    30    97
   59    60    30    97
   60    10    18    85
   61     7     7    73
   62    99     8    74
   63    76    28    94
   64    44    29    95
   65    73    33    98
   66    19     6    71
   67    81    34    99
   68    51     6    70
   69    38    28    92
   70    27    16    80
   71    89    20    84
   72    81    35    98
   73    53     7    70
   74    50    32    95
   75    13    34    97
   76    18    26    89
   77    35     1    64
   78    20    25    88
   79    75    12    74
   80    60     7    69
   81     2    37    99
   82    93     7    69
   83    29    25    87
   84     9    27    89
   85    65    20    82
   86    72    21    82
   87    49     7    68
   88    80    32    93
   89    55     8    69
   90    49    35    96
   91    40    29    89
   92    95    19    79
   93    88    29    89
   94    75    29    88
   95    89    17    76
   96    64    10    69
   97    74    36    95
   98    91     2    61
   99    12     7    66
  100    11    13    72
  101    42    31    90
  102    68    17    75
  103    80    35    93
  104    87    24    81
  105    42    32    89
  106    76    41    98
  107    37     3    59
  108    99    31    87
  109    68    10    66
  110    82    41    97
  111    85    36    92
  112    56    15    71
  113    47    26    82
  114    64    33    89
  115     1    28    83
  116    43     3    58
  117    73    18    73
  118    91    29    84
  119    28     1    55
  120    31    19    73
  121    15    18    72
  122    86    19    73
  123    66    45    99
  124     6    13    67
  125    58    21    74
  126    43    10    63
  127    35    12    65
  128    53    24    77
  129    43    41    94
  130    19    33    86
  131    15    15    68
  132    40    45    98
  133    92    38    90
  134    45    45    97
  135    60    15    67
  136    28    10    62
  137    90    38    90
  138    61    17    68
  139    47    31    82
  140    18    31    82
  141     2    49    99
  142    44    13    63
  143    72    23    73
  144     8     2    52
  145    86    30    80
  146    32    21    71
  147    98    38    88
  148     2     3    53
  149    41    49    98
  150    45    36    85
  151    16    50    99
  152    92    31    80
  153    80    21    69
  154     9    46    94
  155     2    30    78
  156    19    17    65
  157    35    31    79
  158     5    45    93
  159    37     4    52
  160    51     9    57
  161    81    32    80
  162    37    30    78
  163    79    37    84
  164    15     6    53
  165    42    36    83
  166    52    12    59
  167    98     1    48
  168    25    24    71
  169    98    28    75
  170    65    32    79
  171    60    22    69
  172    51    15    61
  173    53    25    71
  174    89     8    54
  175    86     4    50
  176    40     2    47
  177    92    22    67
  178    20    44    89
  179     7    41    86
  180    92    45    90
  181    98    25    70
  182     8    37    82
  183    57    42    87
  184    55    30    74
  185    98    26    70
  186    94    35    79
  187    99    20    64
  188    91    46    90
  189    23    49    93
  190     1    53    96
  191    12    10    53
  192    49    23    66
  193    10    39    82
  194    16    44    87
  195    46    32    75
  196    26    55    98
  197    79    39    82
  198    55    42    85
  199    63    38    81
  200    12    18    61
  201    91    40    82
  202    31    12    54
  203    97    30    72
  204    71    31    73
  205    76     8    50
  206    96    15    57
  207    20    35    77
  208    15    52    94
  209    55     4    46
  210    31    20    62
  211    24    56    98
  212    88    42    84
  213    89    25    67
  214     3    50    91
  215    63    58    99
  216    79    29    70
  217    88    34    75
  218    65    55    96
  219    24    33    74
  220    79    58    99
  221    23     9    50
  222    18    54    95
  223     4     2    42
  224    41    10    50
  225    71    57    97
  226    15    39    79
  227    50    17    57
  228    10    55    95
  229    53    51    91
  230    62    60    99
  231    93    18    57
  232    57     4    43
  233    50    49    88
  234    95     8    47
  235    69     5    44
  236     9    37    76
  237    10    52    91
  238    92    24    63
  239    15    39    78
  240    87    21    59
  241    35     1    39
  242    25    61    99
  243    99     6    44
  244    98    14    52
  245    11    27    65
  246    84    46    84
  247    71    55    93
  248    73    49    87
  249    64     2    40
  250    21    52    90
  251   100    27    64
  252    93    46    83
  253    42    44    81
  254    85     5    42
  255    20    32    69
  256    62    33    70
  257    92    12    49
  258    34    56    93
  259    97    48    85
  260    47    16    53
  261    37     8    45
  262    68     9    46
  263    20    48    85
  264    91     5    42
  265    86    42    79
  266    63    37    73
  267     1    44    80
  268    14    38    74
  269    95    56    92
  270    24    52    88
  271    33    57    93
  272    98    40    76
  273    84    54    90
  274    84    34    70
  275    22    37    73
  276    81     9    45
  277    81    62    98
  278    67    59    95
  279    44    37    73
  280    93    61    97
  281     6    21    57
  282    58     3    38
  283   100    18    53
  284    46    34    69
  285    83    12    47
  286    68    38    73
  287    67     8    43
  288    91    37    71
  289    77    23    57
  290    70    59    93
  291    78    58    92
  292    29    21    55
  293     7    58    92
  294    16    47    81
  295    45    34    68
  296    73    63    97
  297     3    61    95
  298     8    56    90
  299    53    37    71
  300    62    41    75
  301     1    30    64
  302    64    58    91
  303    34    23    56
  304    84    34    67
  305    14     9    42
  306    44    10    43
  307    63    38    71
  308    70    62    95
  309    51    62    95
  310    55    58    91
  311    55    30    63
  312    56     5    37
  313    53    60    92
  314    33    46    78
  315    25    45    77
  316    90    11    43
  317    75    53    85
  318    55    40    72
  319    90    20    52
  320    43    11    42
  321    64    64    95
  322    41    15    46
  323    82    27    58
  324    27    14    45
  325    35    32    63
  326    12    68    99
  327    46    55    86
  328    18    67    98
  329    95    22    52
  330    89     9    39
  331    64    43    73
  332    40    65    95
  333    78    42    72
  334    65    60    90
  335    80    57    87
  336    69    48    78
  337    36    59    89
  338    79    62    92
  339    46    67    97
  340     5    68    98
  341    10    44    74
  342    59    28    58
  343    59    54    83
  344    42    61    90
  345    17    35    64
  346    30    30    59
  347    58    66    95
  348    83     3    32
  349    71    33    62
  350    16    41    70
  351    56    13    42
  352    32    17    46
  353    81    36    64
  354    57    25    53
  355    73    30    58
  356    77    54    82
  357    30    68    96
  358    12    68    96
  359    75    10    38
  360    83    43    71
  361    84    55    82
  362    18    36    63
  363    69    61    88
  364     2    35    62
  365    33    67    94
  366    79    24    51
  367    55    42    69
  368    18    16    43
  369    70    46    73
  370    44    29    56
  371    15    67    94
  372     2    46    73
  373    46    38    65
  374    39    59    86
  375    31    54    81
  376    45    62    88
  377    78    18    44
  378    33    70    96
  379    26    59    85
  380    86    48    74
  381    97    72    98
  382    91     1    27
  383    30    46    72
  384    17    27    53
  385    50    61    87
  386     3    20    46
  387    83    71    97
  388    82    55    80
  389    67    73    98
  390    18    46    71
  391    56    68    93
  392    37    64    89
  393    81    66    91
  394    72    14    39
  395    52    58    83
  396    24    71    96
  397    56    74    99
  398    44    54    79
  399    17    38    63
  400    58    56    81
  401    17     4    29
  402    51    66    91
  403    97    49    74
  404    14    74    99
  405    25    40    64
  406    33    11    35
  407    62    20    44
  408    16    56    80
  409    28    71    95
  410     7    73    97
  411     2    50    74
  412    67    75    99
  413    59    49    73
  414     8    69    93
  415    74    44    68
  416   100    72    95
  417    77    53    76
  418    43    23    46
  419     7    68    91
  420    30    39    62
  421    72    63    86
  422    36    34    57
  423    30    35    58
  424    99    70    93
  425     6    48    71
  426    22    68    91
  427    61    41    64
  428    10    45    68
  429    73    68    91
  430    91    65    88
  431    95    75    98
  432    50    62    85
  433    78    60    82
  434     6    49    71
  435    47    52    74
  436    42    68    90
  437    34    56    78
  438    87    14    36
  439     7    46    68
  440    17    38    60
  441    93     3    25
  442    10    17    39
  443    25    37    59
  444    42    11    33
  445    88    66    88
  446    48    41    63
  447    69    39    60
  448    94    63    84
  449    35    75    96
  450     5    54    75
  451    78    72    93
  452     8    32    53
  453    42    24    45
  454    65    51    72
  455    68    59    80
  456    79    75    96
  457    68    58    79
  458    35    77    98
  459    58    63    84
  460    59    47    68
  461    65    76    97
  462    61    29    49
  463    58    24    44
  464    82    31    51
  465    91    19    39
  466    79    66    86
  467    20    33    53
  468     2    45    65
  469    60    39    59
  470    92    67    87
  471    96    65    85
  472    16    64    84
  473    43    52    72
  474    86    79    99
  475    41    77    97
  476    85    73    93
  477    88    69    89
  478    79    60    80
  479    32    78    98
  480    50    49    69
  481    46    72    92
  482    61    73    92
  483    55    73    92
  484    30    38    57
  485    73    53    72
  486    12    76    95
  487    86    11    30
  488    45    35    54
  489     6    75    94
  490    75    71    90
  491    81     7    26
  492    34    68    87
  493    26    32    51
  494    85    35    54
  495    12    67    86
  496    91    66    85
  497    59    49    68
  498    27    63    82
  499    59    36    54
  500    78    77    95
  501    69    36    54
  502   100    60    78
  503     8    20    38
  504    63    49    67
  505    29    78    96
  506    30    13    31
  507    15    50    68
  508    30    67    85
  509     7    31    49
  510    37    48    66
  511    80    67    85
  512    93    76    93
  513    12    70    87
  514    71    70    87
  515    89    28    45
  516     6    33    50
  517     4    72    89
  518    62    18    35
  519    57    61    78
  520    86    80    97
  521    13     7    24
  522    35    67    84
  523    34    61    78
  524    65    42    59
  525    40    15    32
  526    11     4    21
  527    12    79    96
  528    56    82    99
  529    47    23    40
  530    84    82    99
  531    30    54    71
  532    90    21    38
  533    34    28    45
  534    51    46    63
  535    36    71    88
  536    76    65    81
  537     9    82    98
  538    62    16    32
  539    61    76    92
  540    88    14    30
  541    29    78    94
  542    45    45    61
  543    83    61    77
  544     7    83    99
  545    82     6    22
  546    47    58    74
  547    61    76    92
  548    57    70    86
  549    68    73    89
  550    75    27    43
  551    32    83    99
  552    60    35    51
  553    86    49    65
  554    30    46    62
  555    18    77    93
  556    82    83    99
  557    23    57    73
  558    57    37    53
  559     3    40    55
  560    82    84    99
  561    50    62    77
  562    99    73    88
  563    62    81    96
  564    28    71    86
  565    85    75    90
  566   100    79    94
  567     7    32    47
  568    36    45    60
  569    59    68    83
  570    21    15    30
  571     1    74    89
  572    91    74    89
  573    93    50    65
  574    17    64    79
  575    18    50    65
  576    30    77    92
  577    81    62    77
  578    73    17    31
  579    94    81    95
  580    49    84    98
  581    36    74    88
  582    72    76    90
  583    97    31    45
  584    43    70    84
  585    38    84    98
  586    65    80    94
  587    48    76    90
  588    72    16    30
  589     6    20    34
  590    89     8    22
  591     3    24    38
  592    62    56    70
  593    71    80    94
  594    14    68    82
  595    52    64    77
  596    19    80    93
  597    57    57    70
  598     6    71    84
  599    69    77    90
  600    14    80    93
  601    29    62    75
  602    56    30    43
  603    43    18    31
  604    40    25    38
  605    72    82    95
  606    40     5    18
  607    28    71    84
  608    26    81    94
  609     2    36    49
  610    51    54    66
  611    64    71    83
  612    37    84    96
  613    16    64    76
  614     7    73    85
  615    65    76    88
  616     1    78    90
  617    69    38    50
  618    61    43    55
  619    78    67    79
  620    80    16    28
  621    14    60    72
  622    52    82    94
  623    17    84    96
  624     6    56    68
  625    72    47    59
  626    75    59    71
  627    58    30    42
  628    13    75    87
  629    25    26    38
  630    63    50    62
  631    72     3    15
  632    41    14    26
  633    92    75    87
  634    38    82    94
  635    83    48    60
  636    88    84    96
  637    75    72    83
  638    76    78    89
  639   100    73    84
  640    74     8    19
  641     7    85    96
  642    12    69    80
  643     7    41    52
  644    93     3    14
  645    54    88    99
  646    76    86    97
  647    27    76    87
  648     5    76    87
  649    70    50    61
  650     4    79    90
  651    20    75    86
  652    11    39    50
  653    14    71    82
  654    21    54    65
  655    95    87    98
  656    48    63    74
  657    90    83    94
  658    55    66    76
  659    35    51    61
  660    14    75    85
  661    16    69    79
  662    29    80    90
  663    50    24    34
  664    38    71    81
  665    25    15    25
  666    39    65    75
  667    32    13    23
  668    16    77    87
  669    17    35    45
  670    36    84    94
  671    44    80    90
  672    27    74    84
  673    62    86    96
  674    28    70    80
  675    90    75    85
  676    91    81    91
  677    70    81    91
  678    79    72    82
  679    55    61    71
  680    95    40    50
  681    62    75    85
  682    39    79    89
  683    90    74    84
  684    32    82    92
  685    53    87    97
  686     7    82    91
  687     3    32    41
  688    48    75    84
  689    32    90    99
  690    25    33    42
  691    45    55    64
  692    64    47    56
  693    19    46    55
  694    95    15    24
  695    74    80    89
  696    63    30    39
  697    71    74    83
  698    21    52    61
  699    46    56    65
  700    74    82    91
  701    39    59    68
  702    36    30    39
  703    39    37    46
  704    24    76    85
  705     2    88    97
  706    72    50    59
  707    49    80    89
  708     8    74    83
  709     5    90    99
  710    60    90    99
  711    28    60    69
  712    43    87    96
  713    18    90    99
  714    78    67    75
  715    10    82    90
  716    91    84    92
  717    24    82    90
  718    20    41    49
  719    97     9    17
  720    97    19    27
  721    90    55    63
  722    84    91    99
  723    72    89    97
  724    55    75    83
  725    11     8    16
  726    19    13    21
  727    12    62    70
  728    51    91    99
  729    25    24    32
  730    28    54    62
  731    20    88    96
  732    82    91    99
  733    18    86    94
  734    77    89    97
  735     2     2    10
  736    37    45    53
  737    97    91    99
  738    92    73    81
  739    42    85    93
  740    57    48    56
  741    21    48    56
  742    48    90    98
  743     9    86    94
  744    39    68    76
  745    41    60    68
  746    47    48    55
  747    92    85    92
  748   100    86    93
  749    91    59    66
  750     5    48    55
  751    38    78    85
  752    25    91    98
  753    50    55    62
  754    83    82    89
  755    43    85    92
  756    92    89    96
  757    14    81    88
  758     1    87    94
  759    43    81    88
  760    73    74    81
  761    27    91    98
  762    73    69    76
  763    87    83    90
  764     9    32    39
  765    90    92    99
  766    43    73    80
  767     1    50    57
  768    69    90    97
  769    84    35    42
  770    97    61    68
  771    86    92    99
  772    78     6    13
  773     4    85    92
  774    61    11    18
  775    33    91    98
  776    18    44    51
  777    83    70    77
  778    82    64    70
  779    37    30    36
  780    93    66    72
  781    83    86    92
  782    87    91    97
  783    74    81    87
  784    98    50    56
  785    82    41    47
  786    45    77    83
  787    37    40    46
  788    23    70    76
  789    77     1     7
  790    50    51    57
  791    56    89    95
  792    95    49    55
  793    34    92    98
  794    27    79    85
  795    23    92    98
  796    22    80    86
  797    34    40    46
  798    85    65    71
  799    82    93    99
  800    61    85    91
  801    50    93    99
  802    20    92    98
  803    13    50    56
  804    88    20    26
  805    81    89    95
  806    43    63    68
  807    87    93    98
  808    99    62    67
  809    69    47    52
  810     3    94    99
  811    97    85    90
  812    21    92    97
  813    87    91    96
  814    75    40    45
  815    66    84    89
  816    83    91    96
  817    87    61    66
  818    58    77    82
  819    31     8    13
  820     8    48    53
  821    33    91    96
  822    53    74    79
  823    83    50    55
  824    92    47    52
  825    61    90    95
  826    24    91    96
  827    82    94    99
  828    98    67    71
  829    70    70    74
  830    38    66    70
  831    55    58    62
  832    91    65    69
  833    65    80    84
  834    69    31    35
  835    66    79    83
  836    24    17    21
  837    78    76    80
  838    85    76    80
  839    35    82    86
  840    24    22    26
  841     6    54    58
  842    32    92    96
  843     8    59    63
  844     8    95    99
  845    27    79    83
  846    97    67    71
  847    44    48    52
  848    59    40    44
  849    37    89    93
  850     4    78    82
  851    60    53    57
  852    86    88    92
  853   100    83    87
  854    93    81    84
  855    22    91    94
  856    68    65    68
  857    44    83    86
  858    71    62    65
  859    96    36    39
  860    22    93    96
  861    17    77    80
  862    11    96    99
  863    90    67    70
  864    42    95    98
  865    88    28    31
  866    69    25    28
  867     4    95    98
  868    64    20    23
  869    15    96    99
  870    67    92    95
  871    75    78    81
  872     1    75    78
  873    78    84    87
  874    81    85    88
  875    39    12    15
  876    26    91    94
  877     3    96    99
  878    54    94    97
  879    74    90    93
  880    40    29    32
  881    80    69    72
  882    25    88    91
  883   100    95    98
  884    46    93    96
  885    20    76    79
  886    67    94    97
  887    97    95    97
  888    18    90    92
  889    75    81    83
  890    12    25    27
  891     8     9    11
  892    31    38    40
  893   100    31    33
  894    83    77    79
  895    65    85    87
  896     5    93    95
  897    10    84    86
  898    10    94    96
  899    29    96    98
  900    99    51    53
  901    99    71    73
  902    37    10    12
  903    75    95    97
  904    19    96    98
  905    38    74    76
  906    66    88    90
  907    42    97    99
  908    76    83    85
  909    80    89    91
  910    68    89    91
  911    63    97    99
  912    30    69    70
  913    35    70    71
  914    43    94    95
  915    98    54    55
  916    57    75    76
  917    62     8     9
  918    59    66    67
  919    56    59    60
  920    14    95    96
  921    11    78    79
  922    42    96    97
  923    66    95    96
  924    41    36    37
  925    71    26    27
  926    19    98    99
  927    75    63    64
  928    84    85    86
  929    92    97    98
  930    54    95    96
  931    40    90    91
  932    35    86    87
  933    53    98    99
  934    95    49    50
  935    37    34    35
  936    14    53    54
  937    19    45    46
  938    84    98    99
  939    46    88    89
  940    80     8     9
  941    55    98    99
  942    53    44    45
  943    36    97    98
  944    24    98    98
  945    26    99    99
  946    81    98    98
  947    16    81    81
  948    52    52    52
  949    38    99    99
  950    68    93    93
  951     9    99    99
  952    52   100   100
  953    22   100   100
  954    46    71    71
  955    33    98    98
  956    48    34    34
  957    35    18    18
  958    60    90    90
  959    36    98    98
  960    34    33    33
  961    78    56    56
  962    43    99    99
  963    89    98    98
  964    64    52    52
  965    67    90    90
  966    23    77    77
  967    39    74    74
  968    52   100   100
  969    86    76    76
  970    12   100   100
  971     7    91    91
  972     2    90    90
  973    80   100   100
  974    22    99    99
  975    90    99    99
  976    56    97    97
  977    12    96    96
  978    33    94    94
  979    11    99    99
  980    48    16    16
  981    78    96    96
  982     4    98    98
  983    38    99    99
  984     5    99    99
  985    48    99    99
  986    96    29    29
  987    78    97    97
  988    43    80    80
  989    88    82    82
  990    52    56    56
  991    16    96    96
  992    63     2     2
  993    22    99    99
  994    91    99    99
  995    20    11    11
  996    46    98    98
  997    20    70    70
  998    89    97    97
  999    12    99    99
  100