  100
    0    18    10    95
    1     5    14    99
    2    16    12    95
    3    16    15    97
    4     4     1    72
    5    25    22    91
    6    13    11    79
    7    14    23    91
    8     1     3    67
    9    27    30    85
   10    21    19    74
   11     2    11    65
   12    22    24    78
   13     1     6    58
   14    40    42    94
   15    21    17    69
   16     8    16    67
   17    10    12    62
   18    37    37    87
   19     4     4    52
   20    54    46    93
   21    62    53    99
   22    50    48    92
   23    39    37    73
   24    39    33    67
   25    54    45    78
   26    56    48    81
   27    34    29    61
   28    62    61    93
   29    24    24    56
   30    21    11    43
   31    17    17    49
   32    57    56    87
   33    66    66    96
   34     8    18    47
   35    53    56    84
   36    45    42    70
   37    46    56    84
   38    34    36    63
   39    27    25    51
   40     5     7    33
   41    71    71    96
   42    20    29    53
   43    51    58    81
   44    55    48    70
   45    18    23    45
   46    40    31    51
   47    11     3    23
   48    20    24    43
   49    36    35    54
   50    18     8    26
   51    75    70    88
   52    27    34    51
   53    65    68    85
   54    84    79    96
   55    21    22    38
   56    30    35    51
   57    19    16    32
   58    14     4    19
   59     8    10    25
   60    72    74    89
   61    73    74    89
   62    66    57    71
   63    18    15    29
   64    56    65    79
   65    91    81    94
   66    77    80    93
   67    74    82    95
   68    84    86    96
   69    87    88    98
   70    33    42    50
   71    41    49    57
   72    70    79    86
   73    80    88    94
   74     9     2     7
   75    91    87    92
   76    97    93    98
   77    97    93    98
   78    83    79    84
   79    29    26    30
   80    16    20    23
   81    65    75    78
   82    76    71    73
   83    89    87    89
   84    17    16    18
   85    97    95    97
   86    93    93    95
   87    73    81    83
   88    71    63    65
   89    64    74    76
   90    63    72    73
   91    91    90    91
   92    52    44    45
   93    98    95    96
   94   104    99    99
   95    92   100   100
   96    16    26    26
   97    90    87    87
   98   108   100   100
   99    29    26    26
  100