 1000
    0     1     1    98
    1     4     4    95
    2     1     1    92
    3     6     6    95
    4     3     3    91
    5     6     6    92
    6     9     9    95
    7    12    12    98
    8     1     1    86
    9     1     1    86
   10     7     7    92
   11     7     7    92
   12    11    11    96
   13    15    15    99
   14    15    15    99
   15    12    12    96
   16    12    12    96
   17     5     5    87
   18     1     1    82
   19    10    10    91
   20    17    17    97
   21    15    15    95
   22     7     7    87
   23    15    15    95
   24    12    12    92
   25    16    16    95
   26     6     6    82
   27     1     1    77
   28     1     1    77
   29    21    21    96
   30    21    21    96
   31     8     8    82
   32    18    18    92
   33    24    24    98
   34     6     6    80
   35    10    10    83
   36    27    27    98
   37     3     3    74
   38     4     4    74
   39     9     9    79
   40    25    25    95
   41    25    25    95
   42    29    29    98
   43    20    20    89
   44    21    21    90
   45     3     3    71
   46    16    16    84
   47    17    17    85
   48    15    15    83
   49    15    15    83
   50    22    22    89
   51     4     4    71
   52    11    11    77
   53    21    21    87
   54     3     3    69
   55    23    23    89
   56     6     6    71
   57    30    30    95
   58    32    32    97
   59    28    28    93
   60    19    19    84
   61    26    26    91
   62    26    26    91
   63    27    27    91
   64    18    18    82
   65    33    33    97
   66    18    18    82
   67     8     8    71
   68     9     9    72
   69    11    11    74
   70    28    28    91
   71    11    11    74
   72    21    21    83
   73    32    32    94
   74    36    36    98
   75    35    35    96
   76    38    38    99
   77    26    26    87
   78     8     8    69
   79    30    30    91
   80    18    18    79
   81    38    38    99
   82    33    33    93
   83    23    23    83
   84     6     6    66
   85     3     3    63
   86    28    28    87
   87    14    14    73
   88    12    12    71
   89    13    13    72
   90     8     8    67
   91     5     5    64
   92    41    41    99
   93    15    15    73
   94    41    41    99
   95    10    10    68
   96    23    23    81
   97     6     6    64
   98    41    41    98
   99    36    36    93
  100     2     2    59
  101    17    17    73
  102    21    21    77
  103    18    18    74
  104     6     6    62
  105    32    32    88
  106    28    28    84
  107    10    10    66
  108    18    18    74
  109    40    40    95
  110    32    32    87
  111    11    11    66
  112    27    27    82
  113    39    39    94
  114    44    44    99
  115    36    36    90
  116    16    16    70
  117    41    41    95
  118    28    28    82
  119    27    27    81
  120    18    18    72
  121    42    42    96
  122    36    36    90
  123    11    11    65
  124    19    19    72
  125    45    45    98
  126    45    45    98
  127    21    21    74
  128    46    46    99
  129     4     4    57
  130    27    27    80
  131     1     1    54
  132    38    38    91
  133    19    19    71
  134    37    37    89
  135    17    17    69
  136    45    45    96
  137     7     7    58
  138    41    41    92
  139    44    44    95
  140    47    47    97
  141    45    45    95
  142    16    16    66
  143    22    22    72
  144    25    25    75
  145    19    19    69
  146     4     4    54
  147    33    33    82
  148    38    38    87
  149    32    32    81
  150     9     9    58
  151    49    49    98
  152     1     1    50
  153    37    37    86
  154     2     2    50
  155    37    37    85
  156    27    27    75
  157    10    10    58
  158    31    31    79
  159    26    26    73
  160    30    30    77
  161     8     8    55
  162    34    34    81
  163     2     2    48
  164    50    50    96
  165    48    48    94
  166    21    21    67
  167    48    48    94
  168    27    27    72
  169     5     5    50
  170    17    17    62
  171    31    31    76
  172    15    15    60
  173    54    54    99
  174     2     2    47
  175    45    45    90
  176     4     4    49
  177    28    28    73
  178    29    29    73
  179    46    46    90
  180    22    22    66
  181    54    54    98
  182    47    47    91
  183    52    52    95
  184    45    45    88
  185    22    22    65
  186    26    26    69
  187    54    54    97
  188    45    45    88
  189    41    41    84
  190     9     9    52
  191    51    51    94
  192    30    30    73
  193    14    14    57
  194    25    25    67
  195    10    10    52
  196    43    43    85
  197    27    27    69
  198    47    47    89
  199    34    34    76
  200    51    51    93
  201    11    11    53
  202    33    33    75
  203    47    47    89
  204    55    55    96
  205    41    41    82
  206     9     9    50
  207    55    55    96
  208    42    42    83
  209    24    24    65
  210    32    32    73
  211    52    52    92
  212    23    23    63
  213    33    33    73
  214     4     4    44
  215    56    56    96
  216    35    35    75
  217    59    59    99
  218    32    32    72
  219    28    28    68
  220    22    22    62
  221    44    44    84
  222    55    55    95
  223    48    48    88
  224     9     9    48
  225    57    57    96
  226    36    36    75
  227    29    29    68
  228    25    25    64
  229    14    14    53
  230    22    22    61
  231    58    58    97
  232    22    22    61
  233    18    18    57
  234    58    58    97
  235    25    25    64
  236    33    33    72
  237    45    45    83
  238    43    43    81
  239    52    52    90
  240     2     2    40
  241    47    47    85
  242    28    28    66
  243    58    58    96
  244    27    27    65
  245    40    40    77
  246    24    24    61
  247    19    19    56
  248    59    59    96
  249    55    55    92
  250    11    11    48
  251    57    57    94
  252    60    60    97
  253    58    58    95
  254    21    21    57
  255    11    11    47
  256     4     4    40
  257    61    61    97
  258    45    45    81
  259    50    50    86
  260     1     1    37
  261    16    16    52
  262    60    60    96
  263    15    15    50
  264    26    26    61
  265    64    64    99
  266    59    59    94
  267    41    41    76
  268    57    57    92
  269    57    57    92
  270    56    56    91
  271    61    61    96
  272    39    39    74
  273    26    26    61
  274    44    44    79
  275    62    62    97
  276    57    57    91
  277    11    11    45
  278    16    16    50
  279     6     6    40
  280    49    49    83
  281    64    64    98
  282    18    18    52
  283     3     3    37
  284    62    62    96
  285     7     7    41
  286    22    22    56
  287    65    65    99
  288    51    51    84
  289     8     8    41
  290    59    59    92
  291    28    28    61
  292    52    52    85
  293    51    51    83
  294    30    30    62
  295    43    43    75
  296    59    59    91
  297    66    66    98
  298    21    21    53
  299    51    51    83
  300    16    16    48
  301    67    67    98
  302    33    33    64
  303    45    45    76
  304    46    46    77
  305    46    46    77
  306    32    32    63
  307    25    25    56
  308    50    50    81
  309    55    55    86
  310    58    58    89
  311    57    57    88
  312    66    66    97
  313    14    14    44
  314    42    42    72
  315     5     5    35
  316    26    26    56
  317    45    45    75
  318    43    43    73
  319    53    53    83
  320     4     4    34
  321    63    63    93
  322    63    63    92
  323    24    24    53
  324    38    38    67
  325     6     6    35
  326    48    48    77
  327    24    24    53
  328    68    68    97
  329    42    42    71
  330    67    67    96
  331    69    69    98
  332    52    52    81
  333    64    64    93
  334    49    49    78
  335    16    16    45
  336     9     9    37
  337    69    69    97
  338    43    43    71
  339    65    65    93
  340    60    60    88
  341    45    45    73
  342    51    51    79
  343    37    37    65
  344    51    51    79
  345    23    23    51
  346    55    55    83
  347    60    60    88
  348    43    43    70
  349    44    44    71
  350    62    62    89
  351    49    49    76
  352    71    71    98
  353    20    20    47
  354    37    37    64
  355     2     2    29
  356    67    67    94
  357    72    72    99
  358    59    59    86
  359    40    40    66
  360    30    30    56
  361    62    62    88
  362    34    34    60
  363    51    51    77
  364    28    28    54
  365    22    22    48
  366    67    67    93
  367    21    21    47
  368    25    25    51
  369    27    27    53
  370    69    69    95
  371    45    45    71
  372    69    69    95
  373    40    40    65
  374    11    11    36
  375    74    74    99
  376    16    16    41
  377    58    58    83
  378    26    26    51
  379     9     9    34
  380    67    67    92
  381    51    51    76
  382    30    30    55
  383    70    70    94
  384    21    21    45
  385     2     2    26
  386    74    74    98
  387    55    55    79
  388    72    72    96
  389     7     7    31
  390    71    71    95
  391    24    24    48
  392    53    53    76
  393    72    72    95
  394    13    13    36
  395     1     1    24
  396    19    19    42
  397    70    70    93
  398    47    47    70
  399    76    76    99
  400    71    71    94
  401    68    68    91
  402    58    58    81
  403    76    76    99
  404    21    21    44
  405    65    65    88
  406    67    67    90
  407    13    13    36
  408    30    30    53
  409    12    12    35
  410    52    52    75
  411    21    21    44
  412    29    29    52
  413    26    26    48
  414    60    60    82
  415    64    64    86
  416    70    70    92
  417    71    71    93
  418    77    77    99
  419    28    28    50
  420    45    45    67
  421    11    11    33
  422    49    49    71
  423    19    19    41
  424    75    75    97
  425    42    42    64
  426    48    48    70
  427     3     3    25
  428    54    54    76
  429    39    39    60
  430    70    70    91
  431    72    72    93
  432    66    66    87
  433     8     8    29
  434    78    78    99
  435    19    19    40
  436    54    54    75
  437    60    60    81
  438    72    72    93
  439    73    73    94
  440    75    75    96
  441     8     8    28
  442    53    53    73
  443    76    76    96
  444    11    11    31
  445    49    49    69
  446    40    40    60
  447    64    64    84
  448    43    43    63
  449    66    66    86
  450    66    66    86
  451    59    59    79
  452    75    75    95
  453    74    74    94
  454    65    65    85
  455    74    74    94
  456    70    70    90
  457    35    35    55
  458    64    64    84
  459    77    77    97
  460    67    67    87
  461    53    53    72
  462    17    17    36
  463    41    41    60
  464    47    47    66
  465    61    61    80
  466    77    77    96
  467    13    13    32
  468    75    75    94
  469    25    25    44
  470    58    58    77
  471    19    19    38
  472    66    66    85
  473    79    79    98
  474    36    36    54
  475    24    24    42
  476     3     3    21
  477    71    71    89
  478    60    60    78
  479    66    66    84
  480    79    79    97
  481    80    80    98
  482    66    66    84
  483    76    76    94
  484    76    76    94
  485    27    27    45
  486    58    58    76
  487    67    67    84
  488    44    44    61
  489    22    22    39
  490    67    67    84
  491     3     3    20
  492    61    61    78
  493    79    79    96
  494    21    21    38
  495    16    16    33
  496    18    18    35
  497    55    55    72
  498    68    68    85
  499    51    51    68
  500    72    72    89
  501    82    82    99
  502    36    36    53
  503    45    45    61
  504    64    64    80
  505     1     1    17
  506    77    77    93
  507    83    83    99
  508    10    10    26
  509    54    54    70
  510    17    17    33
  511    54    54    70
  512    37    37    53
  513    60    60    76
  514    72    72    88
  515    39    39    55
  516    78    78    94
  517    79    79    95
  518    75    75    91
  519    46    46    62
  520    63    63    79
  521    52    52    67
  522    15    15    30
  523    58    58    73
  524     1     1    16
  525    77    77    92
  526    42    42    57
  527    82    82    97
  528    70    70    85
  529    22    22    37
  530    15    15    30
  531    79    79    94
  532    51    51    66
  533    82    82    96
  534    66    66    80
  535    27    27    41
  536    48    48    62
  537    76    76    90
  538    40    40    54
  539    70    70    84
  540    47    47    61
  541    82    82    96
  542    72    72    86
  543    50    50    64
  544    69    69    83
  545    42    42    56
  546    79    79    93
  547    57    57    71
  548    76    76    90
  549    61    61    75
  550    72    72    86
  551    80    80    94
  552    37    37    51
  553    60    60    74
  554    45    45    59
  555    83    83    97
  556    53    53    67
  557    71    71    85
  558    84    84    98
  559    52    52    66
  560    17    17    31
  561    31    31    45
  562    57    57    71
  563    84    84    97
  564    73    73    86
  565    49    49    62
  566    36    36    49
  567    79    79    92
  568    10    10    23
  569    82    82    95
  570    24    24    37
  571    73    73    86
  572    72    72    85
  573    28    28    41
  574    84    84    97
  575    86    86    99
  576    47    47    60
  577    64    64    77
  578    63    63    76
  579    32    32    45
  580    77    77    90
  581    80    80    93
  582    83    83    95
  583    87    87    99
  584    19    19    31
  585    19    19    31
  586    46    46    58
  587    42    42    54
  588    14    14    26
  589    15    15    27
  590    12    12    24
  591    83    83    95
  592    48    48    60
  593    79    79    91
  594    77    77    89
  595    87    87    99
  596    16    16    28
  597    71    71    82
  598    87    87    98
  599    82    82    93
  600    23    23    34
  601    46    46    57
  602    83    83    94
  603    87    87    98
  604    82    82    93
  605    75    75    86
  606    68    68    79
  607    38    38    49
  608    87    87    98
  609    64    64    75
  610    30    30    41
  611    72    72    83
  612    88    88    99
  613    63    63    74
  614    16    16    27
  615    83    83    94
  616    67    67    78
  617    68    68    79
  618    38    38    49
  619    19    19    30
  620    86    86    97
  621    86    86    96
  622    82    82    92
  623    52    52    62
  624    86    86    96
  625    73    73    83
  626    77    77    87
  627    86    86    96
  628    35    35    45
  629    20    20    30
  630    66    66    76
  631    89    89    99
  632    87    87    97
  633    72    72    82
  634    35    35    45
  635    85    85    95
  636    57    57    67
  637    22    22    32
  638    57    57    67
  639    66    66    76
  640    51    51    61
  641    77    77    87
  642     6     6    16
  643    74    74    84
  644    90    90    99
  645    10    10    19
  646    10    10    19
  647    87    87    96
  648    23    23    32
  649    89    89    98
  650    37    37    46
  651    86    86    95
  652    70    70    79
  653    85    85    94
  654    39    39    48
  655    77    77    86
  656    10    10    19
  657    44    44    53
  658    50    50    59
  659    34    34    43
  660    86    86    95
  661    76    76    85
  662    81    81    90
  663    81    81    90
  664     9     9    18
  665    20    20    29
  666    34    34    43
  667    81    81    90
  668    49    49    58
  669    77    77    86
  670    25    25    33
  671    26    26    34
  672    86    86    94
  673    72    72    80
  674    82    82    90
  675    66    66    74
  676    91    91    99
  677    84    84    92
  678    85    85    93
  679    51    51    59
  680    79    79    87
  681    91    91    99
  682    12    12    20
  683    37    37    45
  684    37    37    45
  685    68    68    76
  686    59    59    67
  687    34    34    42
  688    39    39    47
  689    89    89    97
  690    19    19    27
  691    84    84    92
  692    35    35    43
  693    59    59    67
  694    89    89    97
  695    89    89    97
  696    88    88    96
  697    89    89    96
  698    88    88    95
  699    68    68    75
  700    42    42    49
  701     1     1     8
  702    40    40    47
  703    64    64    71
  704    49    49    56
  705    76    76    83
  706    63    63    70
  707    49    49    56
  708    12    12    19
  709    53    53    60
  710    73    73    80
  711    53    53    60
  712    33    33    40
  713    87    87    94
  714    19    19    26
  715    85    85    92
  716    65    65    72
  717    60    60    67
  718    62    62    68
  719    63    63    69
  720    92    92    98
  721    67    67    73
  722    18    18    24
  723    67    67    73
  724    93    93    99
  725    64    64    70
  726    66    66    72
  727    89    89    95
  728    90    90    96
  729    45    45    51
  730    61    61    67
  731    81    81    87
  732    90    90    96
  733    91    91    97
  734    76    76    82
  735    84    84    90
  736    88    88    94
  737    89    89    95
  738    85    85    91
  739    93    93    99
  740    78    78    84
  741     1     1     7
  742    16    16    22
  743    61    61    67
  744    87    87    93
  745    71    71    77
  746    77    77    83
  747    92    92    98
  748    44    44    50
  749    75    75    81
  750    52    52    57
  751    12    12    17
  752    79    79    84
  753    70    70    75
  754    70    70    75
  755    85    85    90
  756    92    92    97
  757    34    34    39
  758    53    53    58
  759    92    92    97
  760    91    91    96
  761    61    61    66
  762    68    68    73
  763    90    90    95
  764    89    89    94
  765    55    55    60
  766    55    55    60
  767    74    74    79
  768    94    94    99
  769    89    89    94
  770    71    71    76
  771    66    66    71
  772    59    59    64
  773    91    91    96
  774    77    77    82
  775    91    91    96
  776    66    66    71
  777    94    94    99
  778    70    70    75
  779    51    51    56
  780    81    81    86
  781    93    93    98
  782    64    64    69
  783    84    84    89
  784    58    58    63
  785    64    64    69
  786    56    56    60
  787    55    55    59
  788    28    28    32
  789    79    79    83
  790    42    42    46
  791    76    76    80
  792    95    95    99
  793    59    59    63
  794    80    80    84
  795    40    40    44
  796    94    94    98
  797    78    78    82
  798    47    47    51
  799    28    28    32
  800    27    27    31
  801    26    26    30
  802    76    76    80
  803    53    53    57
  804    91    91    95
  805    81    81    85
  806    89    89    93
  807    68    68    72
  808    83    83    87
  809    93    93    97
  810    89    89    93
  811    89    89    93
  812    95    95    99
  813    92    92    96
  814    73    73    77
  815    27    27    30
  816    88    88    91
  817    81    81    84
  818    95    95    98
  819    93    93    96
  820    94    94    97
  821    52    52    55
  822    93    93    96
  823    73    73    76
  824    87    87    90
  825    63    63    66
  826    87    87    90
  827    92    92    95
  828    13    13    16
  829    95    95    98
  830    55    55    58
  831    76    76    79
  832    95    95    98
  833    84    84    87
  834    81    81    84
  835    92    92    95
  836    77    77    80
  837    73    73    76
  838    83    83    86
  839    83    83    86
  840    39    39    42
  841    92    92    95
  842    28    28    31
  843    81    81    84
  844    96    96    99
  845    74    74    77
  846    46    46    49
  847    94    94    97
  848    84    84    87
  849    87    87    89
  850    87    87    89
  851    97    97    99
  852    97    97    99
  853     3     3     5
  854    51    51    53
  855    96    96    98
  856    74    74    76
  857    64    64    66
  858    97    97    99
  859    14    14    16
  860     9     9    11
  861    90    90    92
  862    26    26    28
  863    87    87    89
  864    97    97    99
  865    40    40    42
  866    73    73    75
  867    96    96    98
  868     2     2     4
  869    45    45    47
  870    83    83    85
  871    92    92    94
  872    77    77    79
  873    96    96    98
  874    84    84    86
  875    95    95    97
  876    83    83    85
  877    57    57    59
  878    94    94    96
  879    97    97    99
  880    86    86    88
  881    48    48    50
  882    40    40    42
  883    95    95    97
  884    50    50    52
  885    75    75    77
  886    97    97    99
  887    97    97    98
  888    82    82    83
  889    93    93    94
  890    88    88    89
  891    66    66    67
  892    75    75    76
  893    95    95    96
  894    43    43    44
  895    94    94    95
  896    95    95    96
  897    90    90    91
  898    95    95    96
  899    96    96    97
  900    46    46    47
  901    86    86    87
  902    72    72    73
  903    70    70    71
  904     7     7     8
  905    21    21    22
  906    96    96    97
  907    98    98    99
  908    92    92    93
  909    57    57    58
  910    93    93    94
  911    98    98    99
  912    93    93    94
  913    91    91    92
  914    67    67    68
  915    98    98    99
  916    98    98    99
  917    90    90    91
  918    71    71    72
  919    97    97    98
  920    97    97    98
  921    94    94    95
  922    81    81    82
  923    40    40    41
  924    88    88    89
  925    98    98    99
  926     8     8     9
  927    96    96    97
  928    94    94    95
  929    57    57    58
  930    79    79    80
  931    89    89    89
  932   100   100   100
  933   100   100   100
  934    99    99    99
  935    71    71    71
  936    97    97    97
  937    55    55    55
  938    89    89    89
  939    92    92    92
  940    99    99    99
  941   100   100   100
  942    51    51    51
  943    92    92    92
  944   100   100   100
  945    75    75    75
  946    92    92    92
  947    97    97    97
  948    99    99    99
  949    99    99    99
  950    96    96    96
  951    71    71    71
  952    99    99    99
  953   100   100   100
  954   100   100   100
  955    99    99    99
  956    98    98    98
  957    19    19    19
  958    80    80    80
  959    98    98    98
  960   100   100   100
  961    99    99    99
  962    67    67    67
  963    65    65    65
  964    99    99    99
  965    97    97    97
  966    99    99    99
  967    95    95    95
  968    68    68    68
  969   100   100   100
  970    32    32    32
  971    50    50    50
  972    73    73    73
  973    96    96    96
  974    99    99    99
  975    99    99    99
  976    38    38    38
  977    26    26    26
  978    99    99    99
  979    96    96    96
  980   100   100   100
  981    99    99    99
  982    84    84    84
  983    99    99    99
  984    99    99    99
  985    97    97    97
  986    97    97    97
  987    94    94    94
  988    97    97    97
  989    95    95    95
  990    92    92    92
  991    83    83    83
  992    89    89    89
  993    90    90    90
  994    93    93    93
  995    97    97    97
  996    60    60    60
  997    76    76    76
  998    91    91    91
  999   100   100   100
  100