  100
    0    12     2    93
    1    13     3    88
    2    17     7    78
    3    40    30    96
    4    48    38    96
    5    48    38    95
    6    24    14    67
    7    20    10    62
    8    53    43    94
    9    29    19    67
   10    53    43    90
   11    26    16    63
   12    47    37    83
   13    42    32    78
   14    60    50    95
   15    37    27    70
   16    14     4    47
   17    65    55    97
   18    64    54    94
   19    43    33    72
   20    34    24    63
   21    68    58    97
   22    69    59    96
   23    12     2    39
   24    21    11    47
   25    59    49    84
   26    75    65    98
   27    74    64    96
   28    46    36    67
   29    61    51    81
   30    66    56    86
   31    68    58    87
   32    81    71    99
   33    64    54    82
   34    43    33    61
   35    44    34    60
   36    69    59    85
   37    83    73    97
   38    55    45    69
   39    58    48    70
   40    22    12    34
   41    58    48    68
   42    72    62    81
   43    73    63    81
   44    81    71    88
   45    63    53    70
   46    91    81    97
   47    22    12    27
   48    31    21    36
   49    52    42    57
   50    81    71    86
   51    18     8    22
   52    51    41    55
   53    60    50    64
   54    48    38    52
   55    20    10    23
   56    57    47    60
   57    88    78    91
   58    17     7    19
   59    68    58    70
   60    43    33    45
   61    89    79    91
   62    97    87    98
   63    49    39    50
   64    65    55    66
   65    53    43    54
   66    99    89    99
   67    24    14    23
   68    75    65    74
   69    88    78    87
   70    77    67    76
   71    41    31    39
   72    63    53    60
   73    95    85    91
   74    66    56    62
   75    69    59    64
   76    99    89    94
   77    95    85    90
   78    89    79    83
   79    86    76    80
   80    49    39    43
   81    88    78    82
   82    90    80    83
   83    98    88    90
   84   107    97    99
   85    90    80    81
   86    33    23    24
   87   102    92    93
   88   104    94    95
   89    90    80    81
   90   101    91    91
   91    90    80    80
   92   105    95    95
   93   110   100   100
   94    99    89    89
   95   108    98    98
   96   110   100   100
   97   110   100   100
   98   110   100   100
   99   103    93    93
  100