  500
    0    13     3    98
    1    13     3    97
    2    14     4    97
    3    13     3    89
    4    11     1    85
    5    25    15    96
    6    17     7    87
    7    28    18    98
    8    29    19    99
    9    28    18    96
   10    23    13    91
   11    20    10    87
   12    30    20    96
   13    23    13    88
   14    28    18    92
   15    20    10    83
   16    12     2    75
   17    22    12    85
   18    29    19    92
   19    33    23    95
   20    30    20    91
   21    37    27    98
   22    22    12    83
   23    16     6    76
   24    27    17    87
   25    35    25    94
   26    31    21    90
   27    22    12    80
   28    30    20    88
   29    12     2    70
   30    38    28    96
   31    21    11    79
   32    12     2    69
   33    30    20    86
   34    19     9    75
   35    40    30    96
   36    15     5    70
   37    20    10    75
   38    25    15    79
   39    32    22    86
   40    25    15    78
   41    29    19    81
   42    23    13    74
   43    48    38    99
   44    42    32    93
   45    36    26    86
   46    29    19    79
   47    47    37    97
   48    24    14    73
   49    35    25    84
   50    43    33    91
   51    31    21    79
   52    40    30    88
   53    52    42    99
   54    23    13    70
   55    26    16    72
   56    17     7    63
   57    45    35    91
   58    54    44    99
   59    27    17    72
   60    54    44    98
   61    38    28    82
   62    31    21    75
   63    25    15    69
   64    17     7    61
   65    23    13    66
   66    44    34    87
   67    34    24    77
   68    18     8    60
   69    21    11    63
   70    30    20    71
   71    20    10    61
   72    58    48    99
   73    44    34    85
   74    34    24    74
   75    14     4    54
   76    16     6    56
   77    43    33    83
   78    25    15    65
   79    21    11    61
   80    32    22    72
   81    50    40    90
   82    53    43    93
   83    44    34    83
   84    44    34    83
   85    52    42    91
   86    57    47    95
   87    44    34    82
   88    50    40    88
   89    44    34    82
   90    17     7    55
   91    58    48    96
   92    51    41    89
   93    29    19    67
   94    58    48    95
   95    45    35    82
   96    45    35    82
   97    54    44    90
   98    15     5    51
   99    42    32    78
  100    42    32    78
  101    15     5    51
  102    56    46    91
  103    21    11    56
  104    62    52    97
  105    45    35    80
  106    58    48    93
  107    33    23    68
  108    30    20    65
  109    56    46    90
  110    15     5    49
  111    21    11    55
  112    30    20    63
  113    19     9    52
  114    53    43    86
  115    36    26    69
  116    59    49    92
  117    25    15    57
  118    30    20    62
  119    67    57    99
  120    24    14    55
  121    48    38    79
  122    48    38    79
  123    59    49    89
  124    40    30    70
  125    53    43    83
  126    63    53    93
  127    49    39    79
  128    43    33    72
  129    69    59    98
  130    54    44    83
  131    67    57    96
  132    63    53    92
  133    43    33    71
  134    47    37    75
  135    54    44    82
  136    33    23    61
  137    39    29    66
  138    45    35    72
  139    31    21    58
  140    13     3    40
  141    28    18    55
  142    33    23    59
  143    52    42    78
  144    47    37    73
  145    43    33    69
  146    32    22    57
  147    67    57    92
  148    69    59    94
  149    66    56    90
  150    67    57    91
  151    47    37    71
  152    47    37    71
  153    60    50    84
  154    50    40    74
  155    47    37    70
  156    13     3    36
  157    74    64    96
  158    75    65    97
  159    33    23    55
  160    27    17    49
  161    58    48    80
  162    52    42    74
  163    44    34    65
  164    45    35    66
  165    58    48    79
  166    76    66    96
  167    79    69    99
  168    70    60    90
  169    20    10    40
  170    39    29    59
  171    71    61    91
  172    69    59    88
  173    76    66    95
  174    68    58    87
  175    38    28    57
  176    65    55    83
  177    51    41    69
  178    76    66    94
  179    73    63    91
  180    40    30    58
  181    79    69    97
  182    32    22    50
  183    49    39    67
  184    27    17    45
  185    63    53    81
  186    82    72    99
  187    22    12    39
  188    64    54    81
  189    77    67    94
  190    17     7    34
  191    70    60    86
  192    17     7    33
  193    64    54    80
  194    52    42    68
  195    12     2    28
  196    68    58    84
  197    57    47    73
  198    76    66    91
  199    12     2    27
  200    67    57    82
  201    61    51    76
  202    71    61    86
  203    26    16    41
  204    81    71    96
  205    80    70    94
  206    51    41    65
  207    66    56    80
  208    68    58    82
  209    84    74    98
  210    76    66    90
  211    85    75    99
  212    48    38    62
  213    84    74    98
  214    19     9    33
  215    15     5    28
  216    51    41    64
  217    86    76    99
  218    76    66    89
  219    29    19    42
  220    75    65    88
  221    58    48    71
  222    61    51    74
  223    61    51    73
  224    20    10    32
  225    51    41    63
  226    83    73    95
  227    17     7    29
  228    59    49    71
  229    25    15    37
  230    34    24    46
  231    79    69    91
  232    74    64    86
  233    61    51    73
  234    40    30    52
  235    26    16    38
  236    74    64    86
  237    74    64    86
  238    45    35    56
  239    75    65    86
  240    87    77    98
  241    49    39    60
  242    75    65    86
  243    16     6    27
  244    24    14    34
  245    61    51    71
  246    87    77    97
  247    43    33    53
  248    44    34    54
  249    26    16    36
  250    55    45    65
  251    47    37    56
  252    36    26    45
  253    79    69    88
  254    84    74    93
  255    87    77    96
  256    77    67    86
  257    65    55    74
  258    85    75    94
  259    62    52    70
  260    91    81    99
  261    68    58    76
  262    91    81    99
  263    86    76    94
  264    64    54    71
  265    88    78    95
  266    39    29    46
  267    89    79    96
  268    66    56    72
  269    56    46    62
  270    20    10    26
  271    92    82    98
  272    86    76    92
  273    35    25    41
  274    36    26    42
  275    67    57    73
  276    61    51    66
  277    83    73    88
  278    86    76    91
  279    91    81    96
  280    88    78    93
  281    17     7    22
  282    64    54    69
  283    84    74    89
  284    90    80    94
  285    80    70    84
  286    16     6    20
  287    69    59    73
  288    81    71    85
  289    90    80    94
  290    81    71    85
  291    51    41    55
  292    53    43    57
  293    68    58    72
  294    75    65    79
  295    72    62    76
  296    85    75    89
  297    87    77    90
  298    82    72    85
  299    87    77    90
  300    61    51    64
  301    14     4    17
  302    93    83    96
  303    71    61    74
  304    91    81    94
  305    92    82    95
  306    43    33    46
  307    13     3    15
  308    97    87    99
  309    53    43    55
  310    86    76    88
  311    33    23    35
  312    94    84    96
  313    50    40    51
  314    58    48    59
  315    96    86    97
  316    92    82    93
  317    94    84    95
  318    97    87    98
  319    72    62    73
  320    25    15    26
  321    75    65    76
  322    93    83    94
  323    56    46    57
  324    73    63    74
  325    14     4    14
  326    20    10    20
  327    98    88    98
  328    49    39    49
  329    45    35    45
  330    91    81    91
  331    91    81    91
  332    91    81    91
  333    53    43    53
  334    17     7    17
  335    79    69    79
  336    86    76    86
  337    34    24    34
  338    45    35    45
  339    93    83    93
  340    98    88    98
  341    87    77    86
  342    20    10    19
  343   100    90    99
  344    97    87    96
  345    98    88    97
  346    92    82    91
  347    33    23    32
  348    86    76    84
  349    25    15    23
  350    44    34    42
  351    85    75    83
  352    97    87    95
  353   101    91    99
  354    23    13    21
  355    72    62    70
  356    74    64    71
  357   101    91    98
  358    88    78    85
  359    49    39    46
  360    73    63    70
  361   101    91    98
  362    98    88    95
  363    40    30    37
  364    98    88    95
  365    72    62    69
  366    94    84    90
  367   103    93    99
  368    95    85    91
  369    94    84    90
  370    47    37    43
  371    96    86    92
  372    86    76    82
  373    23    13    19
  374    58    48    54
  375    61    51    57
  376    95    85    90
  377   103    93    98
  378    89    79    84
  379    70    60    65
  380    95    85    90
  381    99    89    94
  382   100    90    95
  383    39    29    34
  384    34    24    29
  385    35    25    30
  386    21    11    16
  387    91    81    86
  388    92    82    87
  389    68    58    63
  390    79    69    74
  391   101    91    96
  392    17     7    12
  393    99    89    94
  394   101    91    96
  395    99    89    94
  396    97    87    91
  397    84    74    78
  398    97    87    91
  399    77    67    71
  400    98    88    92
  401    99    89    93
  402    71    61    65
  403    89    79    83
  404    52    42    46
  405   106    96    99
  406    57    47    50
  407   104    94    97
  408    60    50    53
  409   100    90    93
  410    96    86    89
  411    55    45    48
  412   106    96    99
  413   102    92    95
  414    71    61    64
  415    93    83    86
  416    99    89    92
  417    20    10    13
  418    64    54    57
  419    51    41    44
  420    39    29    32
  421    19     9    12
  422    76    66    69
  423    81    71    74
  424    31    21    24
  425   101    91    94
  426   104    94    97
  427    65    55    57
  428    17     7     9
  429    15     5     7
  430   100    90    92
  431    52    42    44
  432    74    64    66
  433   103    93    95
  434   103    93    95
  435    34    24    26
  436    72    62    64
  437    47    37    39
  438   102    92    94
  439    75    65    67
  440    24    14    16
  441    96    86    88
  442   105    95    97
  443   103    93    95
  444   107    97    99
  445    86    76    78
  446   107    97    99
  447    99    89    91
  448   101    91    93
  449    37    27    29
  450   105    95    97
  451    33    23    25
  452    81    71    72
  453    89    79    80
  454    75    65    66
  455   105    95    96
  456   104    94    95
  457    66    56    57
  458   108    98    99
  459    64    54    55
  460    54    44    45
  461   102    92    93
  462   106    96    97
  463    99    89    90
  464   100    90    91
  465    81    71    72
  466   105    95    96
  467   108    98    99
  468   107    97    98
  469   108    98    99
  470    76    66    67
  471    99    89    89
  472   108    98    98
  473   109    99    99
  474    84    74    74
  475    77    67    67
  476   109    99    99
  477   110   100   100
  478    89    79    79
  479    77    67    67
  480    31    21    21
  481    52    42    42
  482    64    54    54
  483   109    99    99
  484   110   100   100
  485   109    99    99
  486    18     8     8
  487   110   100   100
  488    90    80    80
  489   102    92    92
  490   100    90    90
  491   109    99    99
  492    31    21    21
  493   109    99    99
  494    80    70    70
  495   109    99    99
  496   110   100   100
  497   107    97    97
  498    56    46    46
  499   109    99    99
  100