 1000
    0    58     3    96
    1    88     5    97
    2    44     5    97
    3    27     5    94
    4     9    10    99
    5    60     9    96
    6    46    10    95
    7    89     5    90
    8    50     2    86
    9    89    14    98
   10    93    11    94
   11    10     6    87
   12     1     9    88
   13    96    20    99
   14    81    17    95
   15    91     1    79
   16    38    11    89
   17    61     5    83
   18    67    10    87
   19    46    10    87
   20    35     5    81
   21     3    15    91
   22    42    20    96
   23    46    21    96
   24    69     8    83
   25    86    17    92
   26    98    23    98
   27    32    14    88
   28    70    22    96
   29    48     1    75
   30    20    11    84
   31    87     8    81
   32    11    24    97
   33    75    10    82
   34    32    13    85
   35    60     7    79
   36    92    25    97
   37    87     4    75
   38    34    20    91
   39    77    16    87
   40    57    15    86
   41    45    13    83
   42    35    16    86
   43    61     9    79
   44     3     7    77
   45    18    17    86
   46    93    13    82
   47    40     9    78
   48    54     3    72
   49    47     3    71
   50    56    25    93
   51    71    30    98
   52    74     9    77
   53    24    32    99
   54    14    23    90
   55    38    20    86
   56    83    26    92
   57    67     6    72
   58     8    30    96
   59    41     6    72
   60    11    15    80
   61    27    23    88
   62    95    31    96
   63   100     8    73
   64    27     7    71
   65    54    11    75
   66    14    25    89
   67    73    35    98
   68    64    36    99
   69    54    34    97
   70    36    15    78
   71    94     4    67
   72    21    17    80
   73    52    30    92
   74    54    28    89
   75    50     5    66
   76    47    19    80
   77    63    13    74
   78    46     9    70
   79     8    37    98
   80    36     3    63
   81    95    26    86
   82     3     3    63
   83    96    22    81
   84    63    32    91
   85    24    29    88
   86    86    14    73
   87    91    18    77
   88    41     3    62
   89    72    11    70
   90    67    26    85
   91    81    19    77
   92    39    17    75
   93    64    30    88
   94    29     6    64
   95    50    11    69
   96    73    39    97
   97     3    30    87
   98    80    40    97
   99     8    30    87
  100    94    28    85
  101     1    38    94
  102    55     7    63
  103    43    28    83
  104    61    23    78
  105    94    28    83
  106    31    32    87
  107    94     6    60
  108    57    36    90
  109    94    16    70
  110    52    22    76
  111    38    17    71
  112    12    28    82
  113    57    19    72
  114    85    40    93
  115     3     2    55
  116    56    35    88
  117    10    33    86
  118    96    46    98
  119    66    33    85
  120    48     9    61
  121    87    36    88
  122     6    12    64
  123    20    29    81
  124    21    20    72
  125    62    31    83
  126    92    45    96
  127    60    23    74
  128    90    30    81
  129    19    27    78
  130    77    43    94
  131    35    14    64
  132    34    22    72
  133    23    15    65
  134    97    40    90
  135    57    34    84
  136     3    34    84
  137    67    34    84
  138    17    17    67
  139    20    33    83
  140    55    25    75
  141    40    35    84
  142    31     6    55
  143    71    33    82
  144    97    48    97
  145    89    39    87
  146     6    25    73
  147    99    51    99
  148    36     5    53
  149    98    42    90
  150    15    50    97
  151    40    28    75
  152    46    17    64
  153    22    21    68
  154    46    39    86
  155    92    36    83
  156    98    46    93
  157    85    48    95
  158    56    37    84
  159    58    43    90
  160    91    45    91
  161    77    39    85
  162    28    14    60
  163    92    28    74
  164    49    23    69
  165    48    25    71
  166     3    39    84
  167    68    11    56
  168    93    21    66
  169    79    23    68
  170    39     1    46
  171    71    45    90
  172    13    38    83
  173    63     8    53
  174    96    46    91
  175    94    11    55
  176    53    12    56
  177    40    53    97
  178    54    55    98
  179    75    28    71
  180    43    10    53
  181    82     1    43
  182    32    56    98
  183    36    17    59
  184    48     5    47
  185    55    47    89
  186    40    29    71
  187    59    41    83
  188    20    56    98
  189    44    10    52
  190     3    24    66
  191    60    12    53
  192    63     3    44
  193    76    25    66
  194    60     2    43
  195    59    31    72
  196    55    18    59
  197    25    58    99
  198    86    33    74
  199    20    34    74
  200     8     1    41
  201    98    55    95
  202    69    54    94
  203    43    24    64
  204    42    31    71
  205    32    33    72
  206    10    27    66
  207    70    22    61
  208    59    54    93
  209    27    59    98
  210    97    39    78
  211    37    23    62
  212    28    21    60
  213    93    61    99
  214     5    45    83
  215    82    50    88
  216    83    50    88
  217     2    40    78
  218     9    22    60
  219    79    31    69
  220     3    55    93
  221    50    56    94
  222    53    61    99
  223    60    19    56
  224    60    35    72
  225     9    53    90
  226    67    60    97
  227    61    40    77
  228    34    58    95
  229    41    58    95
  230    38    38    75
  231    12    54    91
  232    77    62    99
  233     1     1    38
  234    72    43    79
  235    90    40    76
  236    58    19    55
  237    23    36    72
  238    35     8    44
  239    23    34    70
  240    43    29    65
  241    96    21    57
  242    14    49    85
  243     4    60    96
  244    27    40    76
  245    81    53    89
  246    68    32    68
  247    33    40    76
  248    19    43    79
  249    99    38    73
  250    94    25    60
  251    72    31    66
  252    49     9    44
  253    55    26    61
  254    30    16    51
  255     1    54    89
  256     9    25    60
  257    46    50    85
  258    10    56    91
  259    81    61    96
  260    67    45    80
  261    58    35    70
  262    93    55    90
  263    87    48    82
  264    22    55    89
  265    86    50    84
  266    63    12    46
  267    30    37    71
  268    11    24    58
  269    87    16    50
  270    66    42    76
  271    81    25    58
  272    78    63    96
  273    58    44    77
  274    18    12    45
  275    40    60    92
  276    73    61    93
  277    18    32    64
  278    19    49    81
  279    41    50    82
  280    15    45    77
  281    14    20    52
  282    35    44    75
  283     6    54    85
  284    25    53    84
  285    83    68    99
  286    62    65    96
  287    30    38    69
  288    88    26    57
  289    57    39    70
  290    66    16    47
  291    49     1    32
  292    68    55    86
  293    61     1    32
  294    35    51    82
  295    39    38    69
  296     3    64    94
  297    79    31    61
  298    19    58    88
  299    82    49    79
  300    90    30    60
  301    45    60    90
  302    82    59    89
  303    28    35    65
  304    73    53    83
  305    98    51    81
  306    70    67    97
  307    44    57    87
  308    50    60    90
  309    53    68    98
  310    69    34    64
  311    65    59    89
  312    91    58    88
  313    76    21    51
  314    25    64    93
  315     9    69    98
  316    31    30    59
  317    68    62    91
  318    73    51    80
  319    82    42    71
  320    56    28    57
  321    44    61    90
  322    67    57    86
  323    38    44    73
  324    47    44    73
  325    22     3    32
  326    87    46    75
  327    64    60    89
  328    74    42    71
  329    81    53    82
  330    73     7    36
  331    59    18    47
  332    23    41    69
  333    84    38    66
  334    33    15    43
  335     5    47    75
  336    56     5    33
  337    95    46    74
  338    40    16    44
  339    19    61    89
  340    39    19    47
  341    27    54    82
  342    98    39    67
  343    64    29    56
  344    39    61    88
  345    26    17    44
  346    76    26    53
  347    21    64    91
  348    37    67    94
  349    39    52    79
  350     2    12    39
  351    90    12    39
  352    51    50    77
  353    53    36    63
  354    27    63    90
  355    98    68    95
  356     8    45    72
  357    66    68    95
  358    83     4    30
  359     2    59    85
  360    38    52    78
  361    64    61    87
  362    78    14    40
  363    21    58    84
  364    26    59    85
  365    14    58    84
  366    59    20    46
  367    96    18    44
  368    70    60    86
  369    49    30    56
  370    59    67    93
  371    93    26    52
  372    38    62    88
  373    80    47    73
  374    96    66    91
  375    78    66    91
  376     9    57    82
  377    33     5    30
  378     3    19    44
  379    61    49    74
  380    50    58    83
  381    68    74    99
  382    36     8    33
  383    52    69    94
  384    91    69    94
  385    51    66    91
  386    83    43    68
  387    24    57    81
  388    80    10    34
  389    22    64    88
  390    26    49    73
  391    30    26    50
  392    17    44    68
  393    10    39    62
  394    47    76    99
  395    42    39    62
  396    55    53    76
  397    24    41    64
  398   100    61    84
  399    87    39    62
  400    25    58    81
  401    43    39    62
  402    95    71    94
  403    34    68    91
  404    16    73    96
  405    99    67    90
  406    12    72    95
  407    28     3    26
  408    34    70    92
  409    98    49    71
  410    69    22    44
  411    67    45    67
  412    96    54    76
  413    65    51    73
  414    84    42    64
  415    55    54    76
  416    60    58    80
  417    60    69    90
  418    66    21    42
  419    76    24    45
  420    95    19    40
  421    75    44    65
  422    34    40    61
  423    13    63    84
  424    79    47    68
  425     6    60    81
  426    63    18    39
  427    11    66    87
  428    95    60    81
  429    59    12    33
  430    75    74    95
  431     9    71    92
  432     2    39    59
  433    36    52    72
  434    25     7    27
  435    68    78    98
  436    97    26    46
  437     3    66    86
  438     1    59    79
  439    48    22    42
  440     3    79    99
  441    33    70    90
  442    70    73    93
  443    45    60    80
  444    29    70    90
  445    53    14    34
  446    58    71    91
  447    81    79    99
  448    85    69    89
  449    19    63    83
  450     4    70    89
  451    49    51    70
  452    29    18    37
  453    93    67    86
  454    54    15    34
  455    77    30    49
  456    18    14    33
  457    55    78    97
  458    53    10    29
  459    54    63    82
  460    99    47    66
  461    66    13    32
  462     3    43    62
  463    51    69    88
  464    45    11    30
  465     1    47    66
  466    36    66    85
  467    11    76    94
  468    78    16    34
  469    71    54    72
  470    67    68    86
  471    53    78    96
  472    49    72    90
  473     2    12    30
  474    98    33    51
  475    27    72    90
  476    66    38    56
  477    82    31    49
  478    39    68    86
  479    29    34    52
  480    95    53    71
  481    10    53    70
  482    29    10    27
  483    75    64    81
  484     4    64    81
  485    56     2    19
  486    45    41    58
  487    81    13    30
  488    10    70    87
  489    35    79    96
  490    69    38    55
  491    36    74    91
  492     7    54    71
  493    43    72    89
  494    70    24    41
  495    83    71    88
  496    94    65    82
  497     5    59    76
  498    33    15    31
  499    32    32    48
  500    91    78    94
  501    93    83    99
  502    11    39    55
  503    43    41    57
  504    64    33    49
  505    45    73    89
  506    91    40    56
  507    26    81    97
  508    60    71    87
  509    55    64    80
  510    48    83    99
  511    39    76    92
  512    27    49    65
  513    38    76    92
  514    46     3    18
  515    73    77    92
  516    75    83    98
  517    62    81    96
  518    81     5    20
  519    52    64    79
  520    70    63    78
  521   100    20    35
  522    64    72    87
  523    57    34    49
  524    78    82    97
  525    15    30    45
  526    52     3    18
  527    77    73    88
  528    66    84    99
  529    19    49    64
  530    18    41    55
  531    92    72    86
  532    28    32    46
  533    94    38    52
  534    53    34    48
  535    89    45    59
  536    69    62    76
  537    19    67    81
  538    60    54    68
  539    88    81    95
  540    83    75    89
  541    20    50    64
  542    10    13    27
  543    93    75    89
  544    66    22    36
  545    30    84    98
  546     5    45    59
  547    31    71    85
  548    63    77    91
  549    99    65    79
  550     8    75    88
  551    44    67    80
  552    33    76    89
  553    47    67    80
  554    52    47    60
  555     9    81    94
  556    50     2    15
  557    24    56    69
  558    17    52    65
  559   100    86    99
  560    26    57    70
  561    45    86    99
  562    26    72    85
  563    51    85    98
  564    39    45    58
  565    30    76    89
  566    35    54    67
  567    63    71    84
  568    70    65    78
  569    25    70    82
  570    51    79    91
  571    51    81    93
  572    55    28    40
  573     9     9    21
  574     9    37    49
  575     5    81    93
  576    69    65    77
  577    31    67    79
  578    36    45    57
  579    34    73    85
  580    15    79    91
  581     2    71    83
  582    12    84    96
  583    66     1    13
  584    25     7    19
  585    85    74    86
  586     6    76    88
  587    74    73    85
  588    33    33    45
  589    86    83    95
  590    14    57    69
  591    71    68    80
  592    71    31    43
  593    17    77    89
  594    21    40    52
  595    78    56    68
  596    97    88    99
  597    17    82    93
  598    12     1    12
  599    44    77    88
  600    64    80    91
  601    22    82    93
  602    77    83    94
  603    93    79    90
  604     3    84    95
  605    35    21    32
  606     1    19    30
  607    18    85    96
  608    56    84    95
  609    10    63    74
  610     5    78    89
  611    62    37    48
  612    45    74    85
  613    71    49    60
  614    26    81    92
  615    52    73    84
  616    45    74    85
  617    11     5    16
  618    46    26    37
  619    16    60    71
  620    33    82    93
  621     3    76    87
  622    41    88    99
  623    57     5    16
  624    48    81    92
  625    41    76    87
  626    81    60    71
  627    18    44    54
  628    39    63    73
  629    53    64    74
  630    46    83    93
  631    55    84    94
  632    63    25    35
  633    58    10    20
  634    51    86    96
  635    86    55    65
  636    20     3    13
  637    73    70    80
  638    27    65    75
  639    24    15    25
  640    51    70    80
  641    98    35    45
  642    95    73    83
  643     6    52    62
  644    80    32    42
  645    35    65    75
  646    31    74    84
  647    12    54    64
  648    96    86    96
  649     8    78    88
  650    35    67    77
  651    80    84    94
  652     8    82    92
  653    68    45    55
  654    80    59    69
  655    91    36    46
  656    85    72    82
  657    91    34    44
  658    28    89    99
  659    67    34    43
  660     3    81    90
  661    14    64    73
  662     9    35    44
  663    62    71    80
  664    38    58    67
  665    83    87    96
  666    76    85    94
  667    82    67    76
  668    33    83    92
  669    95    83    92
  670    78    15    24
  671    92    82    91
  672    42    53    62
  673    33    86    95
  674    69    52    61
  675    78    89    98
  676    99    74    83
  677    69    85    93
  678    76    77    85
  679    17    40    48
  680    61    59    67
  681    84    61    69
  682    96    14    22
  683    10    85    93
  684    99    87    95
  685    25    74    82
  686    86    62    70
  687    80    86    94
  688    28    67    75
  689    59    33    41
  690    89    63    71
  691    78    45    53
  692    91    88    96
  693    86     7    15
  694    64    87    95
  695    87     2    10
  696    64    90    98
  697    56    52    60
  698    28    72    80
  699    56    80    88
  700    43    40    48
  701    95    55    62
  702    37    86    93
  703     7    80    87
  704    59    13    20
  705    81    62    69
  706    38    48    55
  707    82    88    95
  708    14     5    12
  709    26    10    17
  710    69    34    41
  711    26    86    93
  712    85    92    99
  713    21    92    99
  714    46    59    66
  715    73    39    45
  716    43    27    33
  717     8     7    13
  718     9    82    88
  719    53    59    65
  720    56    26    32
  721    43    64    70
  722    82    34    40
  723    35    49    55
  724    51    81    87
  725    70    71    77
  726    85    93    99
  727    82    74    80
  728    94    15    21
  729    58    46    52
  730    18    29    35
  731    55    11    17
  732    32    54    60
  733    81    89    95
  734    75    84    90
  735    82    78    84
  736    24    71    76
  737    50    73    78
  738     7    47    52
  739    98    38    43
  740    26    86    91
  741    75    16    21
  742    42    94    99
  743    15    72    77
  744    25     6    11
  745    58    85    90
  746    75    94    99
  747    71    81    86
  748    58    78    83
  749    18    93    98
  750    38    85    90
  751    79    33    38
  752    45    70    75
  753    70     2     7
  754     5    53    58
  755    37    53    58
  756    10    41    46
  757    12    85    90
  758    64    79    84
  759    47    86    91
  760    87    94    99
  761    91    54    59
  762     8    52    57
  763    16    94    99
  764    30    69    74
  765    72    94    99
  766    35    61    66
  767    81    85    90
  768    54    86    91
  769    28    93    98
  770    12    84    89
  771    25    90    95
  772    55    92    96
  773    13    77    81
  774    15    69    73
  775     6    70    74
  776    48    94    98
  777     5    86    90
  778    47    46    50
  779    31    74    78
  780    22    11    15
  781    11    81    85
  782    36    12    16
  783    19    85    89
  784    70    94    98
  785    55    12    16
  786    15    33    37
  787    39    37    41
  788    17    87    91
  789    32    76    80
  790    89    77    81
  791     3    91    95
  792    51    79    83
  793     9    13    17
  794    91    14    18
  795     3    50    54
  796    34    80    84
  797     8    28    32
  798    73    16    20
  799    61    90    94
  800    33    70    74
  801    49    10    14
  802    45    59    63
  803    68    88    92
  804    99    86    90
  805    89    55    59
  806    28    89    93
  807    96    34    38
  808    89    79    83
  809    25    47    51
  810    34    71    75
  811    19    66    69
  812    15    86    89
  813    43    96    99
  814    44    83    86
  815    47    52    55
  816    95    95    98
  817    11    95    98
  818    52    89    92
  819    29    85    88
  820    37    56    59
  821    48    95    98
  822    99    93    96
  823    77    74    77
  824    32    45    48
  825    77    93    96
  826    66    62    65
  827    61    72    75
  828    98    85    88
  829    31    59    62
  830    24    28    31
  831    87    20    23
  832    23    25    28
  833    90    85    88
  834    90    79    82
  835    78    83    86
  836    34     9    12
  837    81    74    77
  838     5    47    50
  839    49    64    67
  840    42    96    99
  841    59    89    92
  842     3    95    98
  843   100    50    53
  844    67    94    97
  845    89    96    99
  846    94    94    97
  847    70    93    96
  848    50    93    95
  849    32    94    96
  850    81    27    29
  851    68    23    25
  852    84    89    91
  853    37    28    30
  854    36    52    54
  855    41    46    48
  856     8    55    57
  857    49    89    91
  858    95    59    61
  859     7    87    89
  860    59    73    75
  861    25    58    60
  862    63    95    97
  863    37    69    71
  864    60    92    94
  865    54    96    98
  866     8    38    40
  867    25    76    78
  868    95    80    82
  869    95    44    46
  870    14    81    83
  871    86     7     9
  872    66    90    92
  873    71    68    70
  874    41    94    96
  875    28    77    79
  876    21    79    81
  877    24    97    99
  878    36    93    95
  879    91    97    99
  880    82    86    88
  881    72    58    60
  882    50    90    92
  883    49    97    99
  884    79    95    97
  885    13    97    99
  886    27    92    94
  887    13    94    96
  888    35    82    84
  889     2     7     9
  890    54    92    94
  891    48    93    95
  892    60    62    63
  893    95    98    99
  894    32    78    79
  895    16    77    78
  896    94    62    63
  897    80    97    98
  898    82    98    99
  899    76    93    94
  900    91    80    81
  901     2    81    82
  902    66    71    72
  903    31    92    93
  904    57     6     7
  905    42    98    99
  906    87    98    99
  907    51    98    99
  908    59    98    99
  909    36    96    97
  910     5    17    18
  911    97    49    50
  912    49    96    97
  913    42    90    91
  914    24    75    76
  915    99    98    99
  916    67    89    90
  917    42    55    56
  918    97    86    87
  919    12    92    93
  920     5    93    94
  921    75    98    99
  922    77    98    99
  923    99    35    36
  924    40    89    90
  925    64    97    98
  926    33    32    33
  927   100    88    89
  928    67    83    84
  929    50    49    50
  930    93    94    95
  931    27    87    88
  932    30    98    99
  933    95    98    99
  934    74    93    94
  935    20    96    97
  936    46    28    29
  937    14    93    94
  938    48    72    73
  939    64    69    70
  940    44    70    71
  941    54    95    96
  942    73   100   100
  943    74    85    85
  944    86    77    77
  945    84    97    97
  946    80    79    79
  947     9    95    95
  948     4    79    79
  949    59   100   100
  950    96    61    61
  951    69    92    92
  952    35    99    99
  953    13    71    71
  954    56    85    85
  955    43    71    71
  956     9    99    99
  957    57    73    73
  958    97    71    71
  959    21    43    43
  960    67    93    93
  961    80    77    77
  962    40    97    97
  963    85    17    17
  964     7   100   100
  965    92    32    32
  966    50    83    83
  967    69   100   100
  968    95    94    94
  969    17    97    97
  970    42    99    99
  971    72    38    38
  972    78   100   100
  973    82    67    67
  974   100    79    79
  975    23    98    98
  976    19   100   100
  977    54    98    98
  978    88   100   100
  979    97    96    96
  980    84    99    99
  981    28    94    94
  982    20    37    37
  983    61    97    97
  984    86   100   100
  985   100    99    99
  986     2    98    98
  987    30    93    93
  988    44    70    70
  989    19    13    13
  990    45    99    99
  991    76    15    15
  992    68    26    26
  993    23    96    96
  994   100    91    91
  995    34    41    41
  996    41    99    99
  997    29   100   100
  998    49    42    42
  999    32    98    98
  100