  500
    0    13     3    98
    1    56     5    97
    2    96     3    93
    3    77     8    96
    4    88     5    92
    5    56    11    97
    6    90     9    95
    7    35    13    96
    8    40    15    96
    9    77    17    96
   10    12     8    84
   11    66    24    99
   12    86     1    75
   13    20    11    85
   14    58    13    86
   15    99    10    83
   16    70    17    89
   17    95    16    87
   18    64    28    98
   19    37    22    92
   20     7    28    98
   21    57     3    72
   22    90    26    94
   23    87    20    86
   24    61    21    86
   25    92    23    88
   26    59     6    71
   27    11    34    98
   28    59    30    93
   29    29     2    65
   30    77    29    90
   31    41    16    76
   32    34    27    87
   33    66     1    60
   34    54     2    61
   35    23    39    97
   36    17    20    78
   37     7    30    88
   38    25    16    74
   39    74    29    86
   40    79    26    83
   41    25    43    99
   42    95    38    94
   43     2     1    57
   44    45    10    66
   45    26    18    74
   46    80    27    82
   47    36    33    88
   48    83    37    92
   49    48     3    57
   50    17    32    85
   51    54     2    55
   52    84     7    60
   53    56    39    92
   54   100     7    59
   55    57    37    89
   56    71    25    76
   57    63    19    70
   58    34    38    89
   59    68    18    69
   60    82    38    89
   61    30    43    94
   62    24    41    92
   63     2    34    84
   64    42    45    95
   65    16    23    73
   66    53    38    87
   67    75    48    97
   68     9    33    82
   69    29    21    70
   70    81    18    66
   71    56    26    74
   72    41    32    79
   73    12     8    55
   74    90    28    74
   75    24    26    72
   76    24    37    83
   77    96    51    97
   78    96    30    75
   79    32    17    61
   80    39    34    78
   81    66    36    80
   82    63     4    48
   83    14    10    54
   84    92    32    76
   85    14    36    79
   86    38    43    86
   87    41    11    53
   88    56     1    43
   89    32    34    76
   90    68    57    98
   91    53     7    48
   92     1    40    81
   93    88    30    71
   94    36    39    79
   95    68    32    72
   96    68    50    90
   97    76    37    77
   98    44    52    92
   99    98    45    85
  100    97    32    72
  101    45    59    99
  102    93    54    93
  103    80    49    88
  104    20    43    82
  105    44    26    65
  106    61     6    44
  107    87    52    90
  108    94    40    77
  109    91    61    98
  110    39    60    97
  111    57    49    86
  112    79    53    90
  113    66    50    86
  114    48     5    41
  115    90    48    84
  116    46    22    58
  117    21    30    66
  118    93    39    75
  119     4    21    57
  120    46    16    52
  121    78    26    61
  122    12    43    78
  123    62    45    80
  124    21    41    76
  125    24    22    57
  126    67    40    74
  127    28    21    55
  128    93    49    83
  129    63    64    98
  130    73     5    39
  131    73    45    79
  132    17    62    96
  133    61    34    67
  134    14    61    94
  135    14    16    49
  136    61    38    71
  137    30    27    60
  138    25    67    99
  139    79    62    94
  140    47    24    56
  141    31    39    71
  142    48    26    58
  143    85    62    93
  144    96    34    65
  145    58    40    71
  146    68    42    73
  147    49    35    66
  148    42    46    76
  149    31    66    96
  150    85    28    58
  151    93    64    94
  152    98    59    89
  153    75    62    92
  154    26    44    74
  155    87    52    81
  156    98    38    67
  157    49    26    54
  158    56    68    96
  159    13    40    68
  160     9    63    91
  161     9    24    52
  162    53    39    66
  163    32    50    77
  164    85     1    28
  165    28    42    69
  166    43    43    70
  167     3    20    47
  168    98    71    98
  169     5    61    88
  170    66    46    73
  171    10     7    34
  172    17    68    94
  173    20    44    70
  174    69    12    38
  175     9    59    85
  176    69    69    95
  177     5    24    50
  178    37    44    69
  179    68    53    78
  180    56    56    81
  181    93     5    30
  182    80    17    42
  183    73    34    59
  184    54    20    44
  185    22    20    44
  186    59    73    97
  187    43     6    30
  188    35     2    26
  189    91     4    28
  190    84    67    91
  191    31    27    50
  192    59    14    37
  193    39    62    85
  194    91    40    63
  195    16    34    57
  196     5    42    65
  197    60    71    94
  198    14    54    77
  199    80    52    74
  200    13    20    42
  201    49    57    79
  202    92    11    33
  203    34    52    74
  204    31    76    98
  205    53    69    91
  206    93    27    49
  207    51    35    57
  208    75    36    58
  209    77    69    91
  210    75     4    26
  211   100    75    96
  212    79    78    99
  213     6    19    40
  214    55    40    61
  215    25    69    90
  216    26    75    96
  217    80    63    84
  218     5    46    67
  219    18    76    97
  220    77    31    52
  221    43    59    80
  222    97    28    49
  223    65    76    97
  224    83     5    26
  225    82    74    94
  226    44    28    48
  227    67    62    82
  228    55    10    30
  229    73     2    22
  230    28    65    85
  231    43    22    42
  232    93    37    57
  233    72    53    72
  234    54    74    93
  235    39    44    63
  236    38    77    95
  237    75    68    86
  238    48    71    89
  239    85     3    20
  240    56    74    91
  241    34    34    51
  242    94    67    84
  243    72     5    22
  244    46    27    44
  245    23    59    76
  246    71    10    27
  247    29    79    95
  248    84    43    59
  249    86    40    56
  250    42    30    46
  251    46     7    23
  252    69    75    91
  253    90    61    77
  254    87    74    90
  255    75    50    65
  256    72    78    93
  257    72    81    96
  258    57    47    62
  259    50    82    97
  260    47    56    71
  261    79    45    60
  262    59    40    55
  263     4    80    95
  264    14    55    69
  265    67    46    60
  266    43    77    91
  267    77    49    63
  268    28    59    73
  269    21    76    90
  270    32    81    95
  271    57    37    51
  272    86    72    86
  273    75    75    89
  274    33    40    54
  275    93    49    63
  276    26    37    51
  277    95    83    96
  278    88    59    72
  279    94    50    63
  280    87     5    18
  281    32    74    87
  282    68    54    67
  283    18    86    99
  284    40    70    83
  285    47    77    90
  286    22    35    48
  287    76    27    40
  288   100    65    78
  289    68    78    90
  290    16    29    41
  291    56    26    38
  292    44    39    51
  293    74    73    85
  294    58    30    42
  295    77    34    46
  296    63    80    92
  297    38    14    26
  298    33    81    93
  299     6    71    83
  300    11    11    23
  301    39    52    64
  302     6    57    68
  303    14    21    32
  304    33    37    48
  305    59    39    50
  306    51    86    97
  307    73    47    58
  308    23    83    94
  309    63    12    22
  310    41    71    81
  311    39    82    92
  312    60    87    97
  313    77    87    97
  314    48    87    97
  315    37    40    50
  316    17    32    42
  317    31    61    71
  318    65    84    94
  319    25    47    57
  320    56    86    96
  321    57    84    93
  322    32    20    29
  323    75    88    97
  324    86    21    30
  325    65    37    46
  326     4     9    18
  327    52    59    68
  328    99    86    95
  329    28    88    97
  330     4    33    42
  331    22    28    37
  332    33    67    76
  333    93    80    89
  334     5    62    71
  335    40    88    97
  336    69    90    99
  337    66    49    58
  338    42    79    88
  339    23    79    88
  340    57    83    91
  341    60    83    91
  342    89    90    98
  343    78    71    79
  344   100    89    97
  345    91    89    97
  346    87    57    65
  347    58    56    64
  348    42    62    70
  349    10    53    61
  350    75    91    99
  351    70    38    46
  352    31     3    11
  353    84    41    49
  354    87    67    74
  355    94    82    89
  356    14    85    92
  357    82    22    29
  358    21    71    78
  359    77    58    65
  360    56    57    64
  361    61    33    40
  362    41    89    96
  363    19    70    77
  364    67    35    42
  365    44    89    96
  366    98    83    90
  367    91    88    95
  368    93    74    81
  369    13    32    39
  370    12    61    68
  371    79    29    36
  372    98    57    63
  373     9    41    47
  374     3     6    12
  375     8     9    15
  376    22    59    65
  377    13    26    32
  378    32    87    93
  379    63    73    79
  380    52    12    18
  381    30    80    86
  382    64    15    21
  383    74    17    22
  384    39    73    78
  385    93    82    87
  386    48    59    64
  387    77    86    91
  388    92    88    93
  389    43    92    97
  390    55    81    86
  391     9    88    93
  392    94    76    81
  393     9    73    78
  394    22    78    83
  395    97    29    34
  396    84    82    87
  397    45    46    51
  398    37    22    27
  399    61    69    74
  400    99    93    98
  401    75    86    90
  402    29    93    97
  403    29    89    93
  404    30    57    61
  405    75    75    79
  406    75    95    99
  407    33    92    96
  408    82    91    95
  409     4    60    64
  410    61     2     6
  411    23    79    82
  412    54    61    64
  413    57    93    96
  414     1    79    82
  415    62    64    67
  416   100    93    96
  417    10     8    11
  418    70    90    93
  419    38    93    96
  420    80    96    99
  421    45    92    95
  422    85    86    89
  423    34    20    23
  424    93    92    95
  425    37    37    40
  426    64    91    93
  427    37    36    38
  428     5    43    45
  429    87    87    89
  430    95    96    98
  431    78    56    58
  432    17    89    91
  433     6    97    99
  434    26    58    60
  435    82    92    94
  436    92    43    45
  437    93    97    99
  438    88    35    37
  439    44    72    74
  440    92    85    87
  441    95    67    69
  442    98    89    91
  443    96    94    96
  444    16    85    87
  445    75    82    84
  446    38    83    85
  447    52    97    99
  448    51    84    86
  449    25     7     9
  450    24    90    92
  451    16    88    90
  452    78    87    88
  453    13    93    94
  454    80    88    89
  455    15    86    87
  456     4    78    79
  457    67    81    82
  458    87    98    99
  459    28    74    75
  460    55    97    98
  461    96    69    70
  462     7    95    96
  463     9    87    88
  464    75    98    99
  465    36    96    97
  466    32    71    72
  467     3    98    99
  468    52    68    69
  469    34    39    40
  470    66    99    99
  471     4    99    99
  472    79    60    60
  473    68    79    79
  474    89    88    88
  475    70    99    99
  476    13    65    65
  477    47    46    46
  478    81    74    74
  479    99    97    97
  480    23    90    90
  481    54    57    57
  482     2    91    91
  483    43   100   100
  484    31    98    98
  485    43    68    68
  486    79    35    35
  487    86   100   100
  488    86    94    94
  489    92     5     5
  490    99    10    10
  491    45    96    96
  492    49    99    99
  493    18    89    89
  494    46    84    84
  495    94    95    95
  496    41    47    47
  497    28    23    23
  498    34    95    95
  499    58   100   100
  100