  500
    0    13     3    94
    1    17     7    98
    2    14     4    94
    3    17     7    97
    4    19     9    99
    5    17     7    93
    6    14     4    89
    7    22    12    95
    8    16     6    89
    9    14     4    85
   10    17     7    88
   11    21    11    92
   12    12     2    80
   13    15     5    82
   14    28    18    95
   15    26    16    91
   16    22    12    87
   17    12     2    77
   18    24    14    88
   19    30    20    93
   20    34    24    97
   21    27    17    90
   22    29    19    91
   23    27    17    89
   24    14     4    76
   25    20    10    82
   26    22    12    84
   27    15     5    75
   28    38    28    98
   29    19     9    79
   30    31    21    91
   31    14     4    73
   32    19     9    77
   33    40    30    97
   34    42    32    99
   35    16     6    73
   36    39    29    95
   37    15     5    71
   38    34    24    89
   39    13     3    68
   40    29    19    83
   41    31    21    85
   42    44    34    98
   43    38    28    91
   44    38    28    91
   45    31    21    84
   46    16     6    69
   47    16     6    68
   48    23    13    75
   49    36    26    88
   50    19     9    70
   51    17     7    68
   52    48    38    98
   53    26    16    76
   54    42    32    92
   55    40    30    90
   56    15     5    64
   57    40    30    89
   58    37    27    84
   59    16     6    63
   60    49    39    94
   61    30    20    74
   62    18     8    62
   63    25    15    69
   64    33    23    77
   65    53    43    97
   66    46    36    89
   67    29    19    72
   68    54    44    97
   69    35    25    78
   70    18     8    61
   71    44    34    86
   72    53    43    95
   73    50    40    92
   74    56    46    97
   75    25    15    66
   76    38    28    78
   77    28    18    68
   78    42    32    82
   79    27    17    66
   80    58    48    97
   81    48    38    87
   82    60    50    99
   83    26    16    64
   84    46    36    84
   85    19     9    57
   86    29    19    67
   87    42    32    80
   88    24    14    61
   89    48    38    84
   90    63    53    99
   91    32    22    67
   92    39    29    74
   93    40    30    75
   94    32    22    67
   95    43    33    78
   96    54    44    89
   97    59    49    94
   98    14     4    49
   99    57    47    92
  100    17     7    51
  101    16     6    50
  102    31    21    65
  103    29    19    63
  104    56    46    89
  105    58    48    91
  106    17     7    50
  107    63    53    95
  108    50    40    82
  109    51    41    83
  110    51    41    83
  111    41    31    72
  112    51    41    82
  113    17     7    48
  114    28    18    59
  115    66    56    97
  116    48    38    78
  117    54    44    84
  118    34    24    64
  119    55    45    85
  120    68    58    98
  121    49    39    78
  122    14     4    43
  123    56    46    84
  124    66    56    94
  125    51    41    79
  126    69    59    96
  127    21    11    48
  128    69    59    96
  129    69    59    96
  130    72    62    99
  131    53    43    80
  132    67    57    94
  133    69    59    96
  134    18     8    45
  135    58    48    84
  136    27    17    53
  137    47    37    73
  138    24    14    50
  139    64    54    89
  140    39    29    64
  141    47    37    72
  142    23    13    48
  143    66    56    91
  144    69    59    94
  145    52    42    76
  146    50    40    74
  147    73    63    97
  148    59    49    83
  149    55    45    79
  150    59    49    82
  151    62    52    85
  152    11     1    34
  153    47    37    70
  154    50    40    72
  155    73    63    95
  156    68    58    90
  157    22    12    44
  158    11     1    32
  159    31    21    52
  160    20    10    41
  161    52    42    73
  162    63    53    84
  163    64    54    85
  164    12     2    33
  165    67    57    87
  166    70    60    90
  167    71    61    91
  168    56    46    76
  169    57    47    77
  170    43    33    63
  171    33    23    52
  172    41    31    60
  173    16     6    35
  174    80    70    99
  175    32    22    51
  176    42    32    61
  177    63    53    81
  178    50    40    68
  179    31    21    49
  180    69    59    87
  181    39    29    57
  182    11     1    29
  183    64    54    82
  184    74    64    92
  185    73    63    90
  186    59    49    76
  187    30    20    47
  188    11     1    28
  189    71    61    88
  190    77    67    94
  191    25    15    42
  192    14     4    31
  193    66    56    83
  194    68    58    85
  195    77    67    93
  196    74    64    90
  197    23    13    39
  198    78    68    94
  199    55    45    71
  200    82    72    98
  201    65    55    81
  202    61    51    77
  203    67    57    82
  204    45    35    60
  205    25    15    40
  206    75    65    90
  207    81    71    96
  208    39    29    54
  209    80    70    95
  210    70    60    85
  211    81    71    96
  212    78    68    93
  213    51    41    66
  214    58    48    73
  215    66    56    80
  216    16     6    30
  217    23    13    37
  218    33    23    47
  219    82    72    96
  220    50    40    64
  221    16     6    30
  222    44    34    58
  223    80    70    93
  224    52    42    65
  225    83    73    96
  226    41    31    54
  227    55    45    68
  228    37    27    50
  229    33    23    46
  230    64    54    77
  231    84    74    96
  232    39    29    51
  233    77    67    89
  234    85    75    97
  235    83    73    95
  236    87    77    99
  237    77    67    88
  238    65    55    76
  239    62    52    73
  240    81    71    91
  241    56    46    66
  242    86    76    96
  243    65    55    75
  244    62    52    72
  245    27    17    36
  246    70    60    79
  247    84    74    93
  248    46    36    55
  249    79    69    88
  250    48    38    57
  251    84    74    93
  252    68    58    77
  253    86    76    94
  254    91    81    99
  255    41    31    49
  256    91    81    99
  257    58    48    66
  258    81    71    89
  259    29    19    37
  260    64    54    72
  261    60    50    67
  262    81    71    88
  263    64    54    71
  264    65    55    72
  265    65    55    72
  266    58    48    65
  267    76    66    83
  268    33    23    40
  269    55    45    62
  270    57    47    64
  271    45    35    51
  272    93    83    99
  273    84    74    90
  274    90    80    96
  275    66    56    72
  276    87    77    93
  277    39    29    44
  278    94    84    99
  279    88    78    93
  280    73    63    78
  281    16     6    21
  282    73    63    78
  283    94    84    98
  284    41    31    45
  285    92    82    96
  286    20    10    24
  287    48    38    52
  288    95    85    99
  289    91    81    95
  290    90    80    94
  291    70    60    74
  292    49    39    53
  293    35    25    39
  294    92    82    96
  295    38    28    41
  296    77    67    80
  297    83    73    86
  298    94    84    97
  299    51    41    54
  300    91    81    94
  301    58    48    60
  302    27    17    29
  303    88    78    90
  304    12     2    14
  305    35    25    37
  306    86    76    88
  307    51    41    52
  308    24    14    25
  309    95    85    96
  310    79    69    80
  311    96    86    97
  312    35    25    36
  313    83    73    84
  314    62    52    63
  315    58    48    58
  316    78    68    78
  317    96    86    96
  318    97    87    97
  319    61    51    61
  320    91    81    91
  321    11     1    11
  322    60    50    60
  323    85    75    85
  324    13     3    13
  325    94    84    93
  326    33    23    32
  327    85    75    84
  328    97    87    96
  329    45    35    44
  330    56    46    55
  331    86    76    85
  332    58    48    57
  333    90    80    89
  334    75    65    74
  335    65    55    64
  336    79    69    77
  337    89    79    87
  338    94    84    92
  339    72    62    70
  340    75    65    73
  341    97    87    95
  342    99    89    97
  343    98    88    96
  344    74    64    71
  345   100    90    97
  346    73    63    70
  347   101    91    98
  348    58    48    55
  349    95    85    92
  350    93    83    90
  351    92    82    89
  352    94    84    91
  353    73    63    70
  354    82    72    79
  355    60    50    57
  356    94    84    91
  357    68    58    64
  358    63    53    59
  359    96    86    92
  360    96    86    92
  361    64    54    60
  362   103    93    99
  363    85    75    81
  364    60    50    56
  365    46    36    42
  366    81    71    77
  367    98    88    94
  368    41    31    37
  369   102    92    98
  370    78    68    74
  371    96    86    92
  372    66    56    62
  373    37    27    32
  374    47    37    42
  375    79    69    74
  376   104    94    99
  377    42    32    37
  378    64    54    59
  379    48    38    43
  380    96    86    91
  381    57    47    52
  382    96    86    91
  383   103    93    98
  384    62    52    57
  385   102    92    97
  386    95    85    90
  387    14     4     9
  388    90    80    85
  389    92    82    87
  390    99    89    94
  391    15     5     9
  392   104    94    98
  393   101    91    95
  394    96    86    90
  395    57    47    51
  396    34    24    28
  397    89    79    83
  398    62    52    56
  399   100    90    94
  400   104    94    98
  401   101    91    95
  402    76    66    70
  403    33    23    27
  404    31    21    25
  405    78    68    71
  406   103    93    96
  407   105    95    98
  408   100    90    93
  409    17     7    10
  410    66    56    59
  411    99    89    92
  412   104    94    97
  413   104    94    97
  414   100    90    93
  415    54    44    46
  416   106    96    98
  417    91    81    83
  418   106    96    98
  419   103    93    95
  420    85    75    77
  421    80    70    72
  422   103    93    95
  423    73    63    65
  424    49    39    41
  425   103    93    95
  426    66    56    58
  427   106    96    98
  428   106    96    98
  429    94    84    86
  430    73    63    65
  431   106    96    98
  432    72    62    64
  433    60    50    52
  434   104    94    96
  435   107    97    98
  436    70    60    61
  437    64    54    55
  438    86    76    77
  439   107    97    98
  440    79    69    70
  441    98    88    89
  442    98    88    89
  443    96    86    87
  444    26    16    17
  445    26    16    17
  446    61    51    52
  447   105    95    96
  448    31    21    22
  449   107    97    98
  450   105    95    96
  451    76    66    67
  452    19     9    10
  453    79    69    70
  454    36    26    27
  455    57    47    48
  456    59    49    50
  457    40    30    31
  458   108    98    99
  459   104    94    95
  460   104    94    95
  461   103    93    94
  462   108    98    98
  463   109    99    99
  464    91    81    81
  465   101    91    91
  466   110   100   100
  467   106    96    96
  468    85    75    75
  469    91    81    81
  470    97    87    87
  471   110   100   100
  472    97    87    87
  473    18     8     8
  474    54    44    44
  475    80    70    70
  476    99    89    89
  477   106    96    96
  478    87    77    77
  479   107    97    97
  480   109    99    99
  481   108    98    98
  482   109    99    99
  483   109    99    99
  484    56    46    46
  485    94    84    84
  486    44    34    34
  487    72    62    62
  488   110   100   100
  489   107    97    97
  490   110   100   100
  491   110   100   100
  492    53    43    43
  493   110   100   100
  494   109    99    99
  495   108    98    98
  496    86    76    76
  497    95    85    85
  498   102    92    92
  499    81    71    71
  100