  100
    0     1    11    84
    1     9    19    88
    2    10    20    89
    3     4    14    82
    4     2    12    78
    5    14    24    88
    6    17    27    86
    7    16    26    85
    8    36    46    95
    9    12    22    70
   10    35    45    92
   11    23    33    80
   12     4    14    60
   13    17    27    73
   14    38    48    93
   15    24    34    79
   16    13    23    68
   17    29    39    84
   18    25    35    78
   19     2    12    55
   20    43    53    95
   21    15    25    67
   22    12    22    63
   23    22    32    73
   24    20    30    69
   25    32    42    80
   26    15    25    63
   27    17    27    63
   28    47    57    89
   29    27    37    69
   30    17    27    58
   31    53    63    94
   32    57    67    96
   33    35    45    72
   34    59    69    93
   35    53    63    87
   36    32    42    66
   37    47    57    80
   38    39    49    71
   39    10    20    42
   40    29    39    61
   41    11    21    42
   42    25    35    56
   43    42    52    73
   44    58    68    88
   45    52    62    81
   46    32    42    60
   47    52    62    80
   48    44    54    71
   49    43    53    69
   50    49    59    75
   51    63    73    89
   52    63    73    89
   53    46    56    72
   54    27    37    52
   55    19    29    43
   56    68    78    91
   57    25    35    48
   58    70    80    93
   59    65    75    88
   60    66    76    88
   61    19    29    41
   62    44    54    65
   63    69    79    89
   64    53    63    73
   65    42    52    61
   66    77    87    96
   67    59    69    78
   68    64    74    83
   69    63    73    81
   70    15    25    33
   71    58    68    75
   72    78    88    95
   73    64    74    81
   74    22    32    39
   75    49    59    66
   76    28    38    45
   77    63    73    79
   78    65    75    80
   79    65    75    80
   80    76    86    91
   81    83    93    98
   82    49    59    63
   83    61    71    75
   84    81    91    94
   85    86    96    98
   86    83    93    95
   87    87    97    98
   88    88    98    99
   89    91   100   100
   90    91   100   100
   91    96   100   100
   92    98   100   100
   93    82    92    92
   94    97   100   100
   95    91   100   100
   96    54    64    64
   97    90   100   100
   98    90   100   100
   99    97   100   100
  100