  500
    0     3    13    96
    1     2    12    94
    2     3    13    92
    3     5    15    91
    4     3    13    89
    5     7    17    92
    6    12    22    96
    7    17    27    98
    8     8    18    88
    9    19    29    99
   10    15    25    95
   11    14    24    92
   12     2    12    79
   13    20    30    97
   14     6    16    83
   15    14    24    91
   16    10    20    86
   17    21    31    97
   18    20    30    96
   19     3    13    78
   20    22    32    96
   21     4    14    78
   22    22    32    93
   23     7    17    78
   24    24    34    94
   25     2    12    71
   26     8    18    76
   27    25    35    93
   28     6    16    74
   29    32    42    99
   30    13    23    80
   31     3    13    68
   32    31    41    95
   33    18    28    82
   34    14    24    78
   35    18    28    81
   36    35    45    98
   37    28    38    91
   38     8    18    70
   39    35    45    97
   40    38    48    98
   41    20    30    79
   42    20    30    79
   43    22    32    81
   44    23    33    82
   45    23    33    82
   46    32    42    90
   47     5    15    63
   48    33    43    91
   49    12    22    69
   50    24    34    81
   51    41    51    96
   52    35    45    90
   53    31    41    86
   54    26    36    81
   55    17    27    71
   56     6    16    60
   57    26    36    80
   58    37    47    91
   59    43    53    96
   60    44    54    97
   61    12    22    65
   62    34    44    86
   63     7    17    59
   64    21    31    73
   65    10    20    62
   66    20    30    71
   67    30    40    81
   68    33    43    84
   69    12    22    63
   70    20    30    71
   71    46    56    96
   72    20    30    70
   73    17    27    67
   74    23    33    72
   75    45    55    94
   76    14    24    63
   77    39    49    88
   78    30    40    79
   79    12    22    61
   80    27    37    75
   81    18    28    66
   82    15    25    63
   83    20    30    68
   84    42    52    89
   85    11    21    58
   86    49    59    96
   87    40    50    86
   88    18    28    64
   89    28    38    73
   90    44    54    89
   91    19    29    64
   92    44    54    89
   93    12    22    57
   94    44    54    89
   95    34    44    79
   96    51    61    95
   97    19    29    63
   98    49    59    93
   99    18    28    62
  100    33    43    76
  101    39    49    82
  102    35    45    78
  103    29    39    71
  104    55    65    97
  105    48    58    90
  106    46    56    87
  107     9    19    50
  108    18    28    59
  109    19    29    59
  110    25    35    65
  111    20    30    60
  112     2    12    42
  113    38    48    78
  114    48    58    87
  115    10    20    49
  116    59    69    98
  117    60    70    99
  118     3    13    42
  119    47    57    86
  120    30    40    69
  121    31    41    69
  122    46    56    84
  123    24    34    62
  124    11    21    49
  125    19    29    57
  126     3    13    40
  127    39    49    76
  128    18    28    55
  129    30    40    67
  130    45    55    82
  131    50    60    87
  132    56    66    93
  133    62    72    99
  134    44    54    81
  135    50    60    87
  136    55    65    92
  137    62    72    99
  138    62    72    99
  139    30    40    67
  140    42    52    79
  141    31    41    67
  142    33    43    69
  143    60    70    96
  144    58    68    94
  145    18    28    54
  146    39    49    75
  147    45    55    81
  148    41    51    77
  149    60    70    96
  150    36    46    71
  151    37    47    72
  152    57    67    92
  153    46    56    81
  154    12    22    46
  155     5    15    39
  156    42    52    76
  157    29    39    63
  158    12    22    46
  159    42    52    76
  160    25    35    59
  161    63    73    96
  162    36    46    69
  163    65    75    98
  164    20    30    53
  165    20    30    53
  166    33    43    66
  167    10    20    43
  168    32    42    64
  169    40    50    72
  170    35    45    67
  171    51    61    83
  172    15    25    47
  173    49    59    81
  174     2    12    34
  175    63    73    95
  176    28    38    60
  177    45    55    77
  178    11    21    42
  179    24    34    55
  180    38    48    69
  181    46    56    77
  182    37    47    68
  183    39    49    69
  184    13    23    43
  185    60    70    90
  186    45    55    75
  187     2    12    32
  188    55    65    85
  189    56    66    86
  190    47    57    77
  191    45    55    75
  192    52    62    81
  193    68    78    97
  194    65    75    94
  195    67    77    96
  196    57    67    86
  197    59    69    88
  198    38    48    67
  199    37    47    66
  200    71    81    99
  201    35    45    63
  202    11    21    39
  203    65    75    93
  204    47    57    75
  205    47    57    75
  206    70    80    98
  207     8    18    35
  208    58    68    85
  209    71    81    98
  210    63    73    90
  211    65    75    92
  212    58    68    85
  213    33    43    60
  214    48    58    75
  215    72    82    99
  216    73    83    99
  217    70    80    96
  218    21    31    47
  219    42    52    68
  220    10    20    36
  221    55    65    81
  222    70    80    96
  223    60    70    86
  224     7    17    33
  225    10    20    36
  226    30    40    56
  227    71    81    97
  228    52    62    77
  229    56    66    81
  230    74    84    99
  231    71    81    96
  232    64    74    89
  233    62    72    87
  234    56    66    81
  235    15    25    40
  236     7    17    32
  237    50    60    74
  238    29    39    53
  239     3    13    27
  240    37    47    61
  241    75    85    99
  242    32    42    56
  243    70    80    94
  244    74    84    98
  245    28    38    51
  246    72    82    95
  247    71    81    94
  248     5    15    28
  249    33    43    56
  250    71    81    94
  251     9    19    32
  252    41    51    64
  253    58    68    81
  254    75    85    98
  255    27    37    50
  256    65    75    88
  257    75    85    97
  258    31    41    53
  259    66    76    88
  260    45    55    67
  261    71    81    93
  262    39    49    61
  263    38    48    60
  264    75    85    97
  265    61    71    83
  266    28    38    50
  267    70    80    92
  268    75    85    97
  269    50    60    72
  270    73    83    95
  271    32    42    53
  272    77    87    98
  273    69    79    90
  274    71    81    92
  275    77    87    98
  276    40    50    61
  277    36    46    57
  278    73    83    94
  279     5    15    26
  280    21    31    42
  281    78    88    99
  282    72    82    93
  283    77    87    98
  284    48    58    69
  285    58    68    79
  286    76    86    96
  287    72    82    92
  288    74    84    94
  289    78    88    98
  290    61    71    81
  291    16    26    36
  292    70    80    90
  293    75    85    95
  294    71    81    91
  295    56    66    75
  296    77    87    96
  297    79    89    98
  298    71    81    90
  299    75    85    94
  300    37    47    56
  301    72    82    91
  302    49    59    68
  303    77    87    96
  304    73    83    92
  305    63    73    82
  306    63    73    82
  307    33    43    51
  308    65    75    83
  309    77    87    95
  310    76    86    94
  311    53    63    71
  312    64    74    82
  313    72    82    90
  314    81    91    99
  315    37    47    55
  316    22    32    40
  317    78    88    96
  318    80    90    98
  319    75    85    93
  320    76    86    94
  321     4    14    22
  322    65    75    83
  323    35    45    53
  324    75    85    92
  325    63    73    80
  326     9    19    26
  327    56    66    73
  328    60    70    77
  329    58    68    75
  330    70    80    87
  331    78    88    95
  332    57    67    74
  333    82    92    99
  334    65    75    82
  335    23    33    39
  336    81    91    97
  337    71    81    87
  338    35    45    51
  339     2    12    18
  340    82    92    98
  341    66    76    82
  342    22    32    38
  343    73    83    89
  344    21    31    37
  345    73    83    89
  346    28    38    43
  347    14    24    29
  348    75    85    90
  349    16    26    31
  350    28    38    43
  351    47    57    62
  352    46    56    61
  353    84    94    99
  354    53    63    68
  355    70    80    85
  356    84    94    99
  357    68    78    83
  358    74    84    89
  359    32    42    47
  360     5    15    20
  361    77    87    92
  362    61    71    75
  363    84    94    98
  364    85    95    99
  365    73    83    87
  366    67    77    81
  367    80    90    94
  368    85    95    99
  369    84    94    98
  370    82    92    96
  371    85    95    99
  372    50    60    64
  373    83    93    97
  374    36    46    50
  375    76    86    90
  376    61    71    74
  377    85    95    98
  378    68    78    81
  379    18    28    31
  380    39    49    52
  381    62    72    75
  382    72    82    85
  383    36    46    49
  384    86    96    99
  385    43    53    55
  386    40    50    52
  387    63    73    75
  388    11    21    23
  389    77    87    89
  390    87    97    99
  391    70    80    82
  392    84    94    96
  393    42    52    54
  394    73    83    85
  395    79    89    91
  396    80    90    92
  397    87    97    99
  398    84    94    96
  399    73    83    84
  400    87    97    98
  401    88    98    99
  402    82    92    93
  403    10    20    21
  404    85    95    96
  405    51    61    62
  406    83    93    94
  407    82    92    93
  408    72    82    83
  409    61    71    72
  410    13    23    24
  411    82    92    93
  412    61    71    72
  413    64    74    75
  414    54    64    65
  415    87    97    98
  416    41    51    52
  417    74    84    85
  418    85    95    96
  419    90   100   100
  420    92   100   100
  421    90   100   100
  422    91   100   100
  423    98   100   100
  424    98   100   100
  425    92   100   100
  426    98   100   100
  427    96   100   100
  428    91   100   100
  429    97   100   100
  430    92   100   100
  431    83    93    93
  432    97   100   100
  433   100   100   100
  434    97   100   100
  435    96   100   100
  436    78    88    88
  437    84    94    94
  438    59    69    69
  439    50    60    60
  440    89    99    99
  441    89    99    99
  442    93   100   100
  443    91   100   100
  444   100   100   100
  445    99   100   100
  446    92   100   100
  447   100   100   100
  448    88    98    98
  449    97   100   100
  450    99   100   100
  451    89    99    99
  452    95   100   100
  453    89    99    99
  454    93   100   100
  455    91   100   100
  456    90   100   100
  457    99   100   100
  458    99   100   100
  459    96   100   100
  460   100   100   100
  461    94   100   100
  462    95   100   100
  463    97   100   100
  464    91   100   100
  465    89    99    99
  466    92   100   100
  467    90   100   100
  468    90   100   100
  469    86    96    96
  470    98   100   100
  471    90   100   100
  472    92   100   100
  473    89    99    99
  474    95   100   100
  475    96   100   100
  476    91   100   100
  477    93   100   100
  478    93   100   100
  479    93   100   100
  480    91   100   100
  481    93   100   100
  482   100   100   100
  483    92   100   100
  484    88    98    98
  485    99   100   100
  486    96   100   100
  487    93   100   100
  488    81    91    91
  489    99   100   100
  490    22    32    32
  491    97   100   100
  492    92   100   100
  493    83    93    93
  494    32    42    42
  495    95   100   100
  496    97   100   100
  497    15    25    25
  498    99   100   100
  499    87    97    97
  100