  500
    0    36     8    97
    1    56     3    92
    2    71     3    89
    3    98     7    93
    4    26     2    87
    5    31     2    83
    6    29    16    96
    7    11    20    99
    8    56    19    98
    9     2    16    94
   10    22    11    89
   11    59    11    88
   12    14    14    91
   13    19    15    91
   14    24     3    79
   15    65    16    92
   16    98    10    86
   17    93    11    86
   18    49    19    93
   19    92    13    87
   20    50     6    79
   21     9    27    99
   22    19    11    81
   23    89    24    93
   24    40     2    71
   25    57    25    93
   26    35     1    69
   27    49    15    82
   28    18     8    75
   29    71    11    78
   30    83    13    80
   31    66    25    91
   32    93    27    93
   33    48    20    84
   34     5    19    83
   35    87    32    96
   36    92    33    96
   37    79     6    69
   38    97    15    77
   39    90     4    66
   40    91    10    72
   41    96    13    75
   42    11    19    79
   43    21    24    84
   44    53    17    77
   45    40    39    98
   46    21    25    84
   47    43    21    80
   48     6     3    62
   49    40    32    90
   50    60    20    78
   51    48    27    85
   52    56    22    79
   53    43    36    93
   54    32     9    65
   55    91    30    86
   56    22    39    94
   57    30    17    72
   58    73    16    71
   59     7    38    93
   60     6    33    88
   61    41    23    77
   62    97     9    63
   63    48    13    67
   64    84    43    97
   65    28    14    68
   66     5    33    86
   67    77    18    71
   68    73    45    97
   69    58    40    92
   70    14    29    81
   71    90    19    70
   72    40    35    86
   73    81    40    91
   74    56     2    53
   75    30    18    69
   76    94    41    92
   77    85    19    69
   78     8    48    98
   79    45    35    84
   80    59    27    76
   81    82    14    63
   82     3    44    93
   83     4    33    82
   84    77    16    65
   85    35    41    89
   86    39     7    55
   87    67    34    82
   88    83     9    57
   89    61    26    74
   90    55    38    85
   91     5    43    90
   92    46    52    99
   93    95    42    89
   94    35    21    68
   95     5    30    77
   96    84    24    70
   97    70    16    62
   98    15    37    83
   99    96    53    99
  100    47    37    83
  101    27    50    95
  102    16    38    83
  103    39    25    70
  104    57     8    53
  105     8    28    72
  106    55    52    96
  107    74    41    85
  108    73    53    96
  109    18    37    80
  110    89    56    99
  111    37    11    54
  112     7    26    68
  113    98    52    94
  114    77    31    73
  115    73    50    92
  116    21    21    63
  117    69    52    94
  118    70    35    76
  119    48     3    44
  120    29    56    97
  121    99    51    92
  122    58    30    71
  123    52    37    77
  124    46    12    52
  125     9    14    54
  126    48    51    90
  127    20    50    89
  128    98    10    49
  129    37    43    82
  130    62     4    42
  131    86    17    55
  132    23    35    73
  133    88    46    84
  134    33    20    58
  135    88    58    95
  136    19    44    81
  137    19    18    54
  138    96    13    49
  139    75     3    39
  140     6    26    62
  141    63    60    96
  142    20    38    74
  143    34    44    79
  144    40    15    50
  145    46    55    90
  146    41    43    78
  147    34     2    37
  148    31    58    93
  149    87    34    68
  150    19     6    40
  151    21    43    77
  152    47    52    86
  153     8    55    89
  154    34    53    87
  155    91    14    47
  156    28    52    85
  157    86     9    42
  158    93    32    65
  159     9     3    35
  160    57    64    96
  161    22    31    63
  162    41    62    94
  163    43    66    98
  164    25    66    98
  165   100    30    62
  166    69     8    39
  167    56     6    37
  168    13    22    53
  169    85    61    92
  170    11     5    36
  171    64    64    95
  172    80     5    36
  173    41    27    58
  174    77    52    82
  175     9    53    83
  176     6    33    62
  177    24    49    78
  178    16    64    93
  179    83    68    97
  180    99    50    78
  181    60    16    44
  182     3    19    47
  183    42    51    79
  184    56    59    87
  185     3    59    87
  186    81    28    55
  187    64    63    90
  188     6     7    33
  189    36    73    99
  190    91    59    85
  191    95    43    69
  192    63    21    47
  193    95    52    78
  194    57    66    92
  195    48    62    87
  196    27     9    34
  197    63    53    78
  198    95    61    86
  199    93    30    55
  200    65    67    92
  201     7    56    81
  202    65    71    96
  203    28    68    93
  204    22    34    58
  205    17    35    59
  206     9    42    66
  207     3    19    43
  208    41    56    80
  209    61    69    92
  210    92     3    26
  211     2    58    81
  212    96    11    34
  213     3    71    93
  214     2    74    96
  215     9    74    96
  216    65    39    61
  217    79    68    90
  218    59    21    43
  219    37    65    87
  220    13    16    37
  221    82     5    26
  222    65    65    86
  223    12     7    28
  224    37    70    91
  225     6    60    81
  226     7    20    41
  227    25    74    95
  228    93    61    82
  229    13    52    73
  230    12    36    57
  231    27    67    88
  232    99    32    53
  233    26    72    93
  234    28    77    97
  235    23    79    99
  236    55    72    92
  237    27    75    95
  238    56    71    91
  239    68    41    61
  240    69    77    97
  241     1    60    80
  242    85    72    91
  243     3    74    93
  244    52    24    43
  245    21    80    99
  246    58    33    52
  247    79    78    97
  248    72    77    96
  249    94    13    32
  250    36    42    61
  251    62    65    83
  252    91    56    74
  253    36    40    58
  254    68    34    52
  255    30    25    43
  256    38    39    57
  257    28    18    36
  258    45    64    82
  259    72    73    91
  260    30    38    56
  261    62    71    88
  262    40    50    67
  263    83    28    45
  264    67    76    93
  265    71    56    73
  266    72    45    62
  267    35    37    54
  268    62     4    21
  269    45    33    50
  270    17    12    29
  271   100    81    97
  272     5    57    73
  273    72     5    21
  274    71    32    48
  275    49    82    98
  276    52    35    51
  277    33    26    42
  278    77    67    83
  279    57     5    21
  280   100    58    74
  281    87    58    74
  282     3    56    72
  283    86     2    18
  284    37    39    54
  285    66    24    39
  286    69    16    31
  287    67    66    81
  288    49    13    28
  289    18    44    59
  290     1    79    94
  291    34    49    64
  292     3    83    98
  293    98    68    83
  294    88    84    99
  295    82    76    91
  296    97    59    73
  297    26    84    98
  298    97    58    72
  299    88    33    47
  300    22    54    68
  301    63    73    87
  302    24    83    96
  303    89     2    15
  304    53    42    55
  305    56    72    85
  306    11    42    55
  307    54    77    90
  308    52    25    38
  309    86    57    70
  310    84    21    34
  311    23    61    74
  312    88    62    74
  313    19    44    56
  314    25    67    79
  315    82    78    90
  316    94    44    56
  317    10    25    37
  318   100    29    41
  319    96    63    75
  320    49    26    38
  321    77    65    77
  322    37    69    81
  323    16    24    36
  324    67     9    21
  325    86    18    30
  326    91    88    99
  327    69    78    89
  328    84    52    63
  329    48    86    97
  330    46    46    57
  331    25    51    62
  332    88    57    68
  333    49    85    96
  334    45    44    55
  335    98    62    73
  336     6    87    98
  337    74    16    26
  338    58    81    91
  339    90    87    97
  340    93    89    99
  341    77    63    73
  342    33    86    96
  343     2    75    85
  344    60    57    67
  345    73    85    95
  346    24    85    95
  347     1    66    76
  348    57    86    95
  349     3    88    97
  350    35    44    53
  351    42    49    58
  352    23    82    91
  353    76    90    99
  354    18    89    98
  355    41    25    34
  356    88    40    48
  357    17    83    91
  358    54     8    16
  359     3    56    64
  360    87    39    47
  361    69    12    20
  362    75    19    27
  363    41    87    95
  364    58    85    93
  365    24    25    33
  366    73    41    49
  367    38    80    88
  368    94    88    96
  369    82    88    95
  370    50    91    98
  371    54    67    74
  372    35    72    79
  373    75    13    20
  374    89    88    95
  375     8    85    92
  376    74    33    40
  377    61    86    93
  378    80    19    26
  379     7    82    89
  380    38    81    88
  381    89    75    82
  382    90    92    98
  383    16    42    48
  384    76    60    66
  385     8    67    73
  386    76    53    59
  387    21    85    91
  388    83    61    67
  389    62    84    90
  390    69    90    96
  391    71    90    96
  392    13    11    17
  393    47    20    26
  394    65    92    98
  395    60    76    82
  396    13    77    83
  397    96    77    82
  398    46    44    49
  399    21    70    75
  400   100    19    24
  401    89    89    94
  402    64    94    99
  403    28    70    75
  404    18    87    92
  405    75    88    93
  406    59    69    74
  407    83    21    26
  408    15    93    98
  409    99    88    93
  410     4    94    99
  411    78    53    58
  412     8    93    98
  413    51    60    65
  414    30    93    98
  415    37    94    98
  416    48    91    95
  417    46    91    95
  418    55    52    56
  419   100    95    99
  420    10    87    91
  421    32    60    64
  422    93    12    16
  423    42    80    84
  424    70    85    89
  425    38    82    86
  426    32    91    95
  427    16    70    74
  428    67    40    44
  429    68    10    14
  430    45     9    13
  431    27    23    27
  432    31    79    82
  433    46    76    79
  434    16    31    34
  435    58    79    82
  436    97    50    53
  437    17    86    89
  438    23    59    62
  439    15    36    39
  440    62    96    99
  441    68    50    53
  442    81    88    91
  443    63     8    11
  444    85    83    86
  445    97    85    88
  446    86    45    48
  447    67    88    91
  448    48    18    20
  449    25    80    82
  450    30    85    87
  451    95    66    68
  452    29    96    98
  453    64    97    99
  454   100    84    86
  455    94    95    97
  456    83    64    66
  457    83    68    70
  458    35    93    95
  459    67    75    77
  460    43    82    84
  461    43    94    95
  462    61    94    95
  463    32    12    13
  464    79    95    96
  465    93    38    39
  466    92    97    98
  467    92    81    82
  468    81    90    91
  469    73    51    52
  470    66    25    26
  471    67    74    75
  472    49    93    94
  473    18    36    37
  474    96    21    22
  475     9    46    47
  476    28    95    96
  477    13    93    94
  478     4    90    91
  479    16    98    99
  480    38    97    98
  481    88   100   100
  482    77   100   100
  483    23    87    87
  484    11    98    98
  485    90    97    97
  486    95    99    99
  487     1    95    95
  488    95    94    94
  489    92    99    99
  490    81    28    28
  491    41    99    99
  492    11    88    88
  493    79    87    87
  494    43    99    99
  495    25    88    88
  496    30    79    79
  497    53    51    51
  498    93    91    91
  499    61     1     1
  100