  500
    0    11     5    99
    1     6     8    97
    2    14     7    93
    3     3    12    98
    4     4     3    87
    5     2     1    85
    6    14     7    88
    7     1     5    86
    8    19    17    98
    9     7    15    96
   10    21    19    99
   11     1     3    83
   12    12    16    96
   13    16    20    99
   14    18     8    85
   15     3    11    87
   16     1     2    77
   17    27    24    97
   18    31    26    99
   19    20    21    94
   20    17    15    86
   21     9    16    87
   22    18    10    80
   23     9     6    73
   24     1     2    69
   25    19    18    83
   26    32    27    92
   27    12     8    73
   28    11    17    80
   29    43    33    96
   30    13    11    74
   31    14    12    75
   32    17    26    89
   33    21    25    86
   34    29    29    90
   35     1     3    63
   36    15    10    69
   37    41    38    97
   38    30    23    82
   39    28    18    77
   40    36    40    99
   41    20    11    70
   42    22    14    71
   43    42    37    94
   44     7     2    58
   45    23    13    69
   46    26    35    91
   47    11    16    71
   48    47    37    91
   49    14     7    60
   50    29    26    79
   51    43    38    90
   52     1     6    58
   53    25    15    67
   54     1     3    54
   55    52    48    98
   56    42    47    97
   57    15    18    68
   58    31    26    76
   59    21    23    73
   60    28    35    85
   61     7     6    55
   62    32    37    86
   63     2    11    60
   64    47    44    93
   65    20    14    62
   66    22    24    72
   67    39    33    79
   68    43    50    96
   69    17    21    67
   70    17    16    62
   71    29    39    84
   72    31    21    66
   73    19    20    65
   74    51    41    84
   75    65    56    99
   76    15    14    57
   77    43    51    93
   78    36    27    69
   79    49    43    85
   80    42    43    85
   81    45    45    86
   82    52    47    88
   83    14    20    61
   84    50    46    87
   85    54    56    96
   86     4     1    41
   87    40    39    79
   88    50    47    87
   89    60    54    94
   90    57    59    99
   91    44    53    92
   92    48    49    88
   93    22    21    60
   94    66    58    97
   95    12     2    41
   96    33    23    61
   97    55    50    88
   98    21    17    55
   99    53    47    85
  100    65    60    98
  101    57    59    97
  102    40    30    68
  103    66    58    96
  104    25    35    72
  105    28    21    58
  106    49    46    83
  107    54    44    80
  108    34    24    60
  109    48    53    89
  110    36    33    69
  111     1     7    43
  112    38    32    68
  113    41    40    75
  114    43    44    79
  115    51    46    81
  116    64    59    94
  117    49    49    84
  118    12    19    53
  119    41    50    84
  120     1     7    41
  121    60    56    90
  122    10     5    39
  123    35    39    73
  124    16    12    46
  125     1     7    41
  126    69    64    98
  127    55    58    91
  128    40    31    64
  129    29    20    53
  130    56    57    90
  131    72    66    98
  132    47    48    80
  133    34    35    67
  134     8     6    38
  135    14     8    40
  136    64    62    94
  137    34    44    76
  138    18    14    45
  139    57    52    83
  140    71    62    93
  141    56    56    87
  142    32    24    55
  143    21    28    59
  144     4    12    42
  145    44    45    75
  146    57    63    93
  147    40    45    75
  148    34    24    54
  149    43    44    73
  150     2     5    34
  151    62    57    86
  152     7    11    39
  153    53    54    82
  154    66    71    99
  155    53    59    87
  156    76    66    94
  157    36    38    66
  158    53    62    89
  159    24    28    55
  160    71    61    88
  161    64    62    89
  162    16    24    51
  163    48    42    69
  164    65    72    99
  165    69    70    96
  166    13     9    35
  167    56    60    86
  168     1     5    31
  169    45    52    78
  170    62    59    85
  171    11     9    35
  172    55    49    75
  173    38    37    63
  174     1     1    27
  175    47    38    63
  176    80    73    98
  177    15    16    41
  178    61    71    96
  179    61    71    95
  180    12    10    34
  181    81    74    98
  182    70    75    99
  183    18    10    34
  184    68    65    89
  185     4     8    32
  186    69    72    96
  187    64    54    78
  188    56    62    85
  189    73    75    98
  190    79    70    93
  191    58    50    73
  192    16    20    42
  193    79    70    92
  194    77    76    98
  195    75    73    95
  196    48    38    60
  197    78    73    95
  198    68    60    82
  199    71    75    97
  200    64    58    80
  201    78    77    98
  202    70    75    96
  203    39    32    53
  204    45    40    61
  205    66    65    86
  206    47    51    72
  207    68    68    89
  208    75    65    86
  209    49    50    71
  210    75    68    89
  211    74    69    90
  212    39    47    67
  213     8    18    38
  214    55    59    79
  215    64    67    87
  216    53    48    68
  217    81    73    93
  218    73    70    89
  219    70    78    97
  220    30    39    58
  221    63    59    78
  222    70    77    96
  223    74    76    95
  224    72    79    98
  225    63    65    84
  226    40    34    53
  227    51    42    60
  228    64    72    90
  229    60    57    75
  230    59    55    73
  231    52    49    67
  232    76    68    86
  233     3     2    20
  234    67    70    88
  235    75    72    90
  236    57    61    79
  237    34    27    45
  238    19    29    47
  239    13    10    28
  240    81    80    98
  241    50    45    63
  242    80    82    99
  243    44    38    55
  244    83    81    98
  245    36    36    53
  246    28    38    55
  247    58    62    79
  248    61    52    68
  249    50    59    75
  250    89    80    96
  251    43    42    58
  252    59    65    81
  253    26    29    45
  254    33    27    43
  255    44    37    53
  256    67    60    76
  257     1     9    24
  258    77    83    98
  259    19    13    28
  260    30    37    52
  261    73    66    81
  262    63    62    77
  263    62    60    75
  264    24    15    30
  265    74    84    99
  266    20    28    43
  267    69    59    74
  268    51    41    55
  269    20    27    41
  270    80    72    86
  271    75    79    93
  272    64    74    88
  273    36    42    56
  274    42    51    65
  275    37    38    52
  276    77    78    92
  277    21    13    26
  278    92    84    97
  279    44    35    48
  280    21    29    42
  281    67    67    80
  282    70    75    88
  283    68    70    83
  284    86    86    99
  285    77    81    94
  286    95    85    98
  287    81    81    94
  288    86    85    97
  289    81    73    85
  290    37    44    56
  291    79    78    90
  292    64    73    85
  293    93    87    99
  294    77    74    86
  295    63    61    73
  296    80    71    83
  297    36    31    43
  298    65    74    86
  299    77    83    95
  300    59    66    78
  301    82    87    98
  302    61    64    75
  303    72    65    76
  304     2     6    17
  305    77    79    90
  306    46    44    55
  307    72    62    73
  308    90    86    97
  309    53    59    70
  310    80    83    94
  311    48    41    52
  312    75    73    84
  313    37    32    42
  314    33    37    47
  315    21    30    40
  316    75    74    84
  317    54    56    66
  318    70    75    85
  319    85    75    85
  320    75    83    93
  321    49    49    59
  322    13    19    29
  323    73    78    88
  324    90    87    96
  325    89    86    95
  326    54    50    59
  327    48    43    52
  328    33    41    50
  329    87    86    95
  330    76    66    75
  331    35    35    44
  332    75    72    81
  333    43    53    61
  334    93    89    97
  335    66    65    73
  336    39    30    38
  337    75    84    92
  338    17    11    19
  339     8     9    17
  340    71    80    88
  341    41    32    40
  342    75    77    85
  343    72    79    87
  344    60    62    70
  345    19    19    27
  346    77    78    86
  347    38    38    46
  348    16    20    28
  349    16     9    17
  350     6    13    21
  351    22    32    39
  352    43    44    51
  353    53    49    56
  354    97    89    96
  355    66    64    71
  356    73    76    83
  357    75    83    90
  358    72    68    75
  359    76    82    89
  360    73    63    70
  361    69    67    74
  362    72    62    69
  363    72    79    86
  364    40    33    40
  365    54    44    51
  366    74    83    90
  367    70    79    85
  368    85    88    94
  369    51    60    66
  370    82    84    90
  371    79    83    89
  372    90    90    96
  373     2     9    15
  374    67    71    77
  375    34    35    41
  376    78    87    93
  377    90    85    91
  378    70    71    77
  379    77    84    90
  380    77    76    82
  381    92    89    95
  382    91    88    94
  383    21    12    17
  384    33    35    40
  385    60    64    69
  386    63    60    65
  387   100    92    97
  388    62    70    75
  389    59    67    72
  390    65    56    61
  391    86    86    91
  392    76    85    90
  393    96    94    99
  394    23    30    35
  395    71    72    77
  396    78    79    84
  397     1     5    10
  398    97    93    98
  399    42    32    37
  400    63    71    76
  401     9     6    11
  402    61    66    71
  403    54    54    59
  404    96    87    92
  405    54    54    58
  406    51    50    54
  407    57    49    53
  408    92    82    86
  409     1     6    10
  410    94    93    97
  411    81    89    93
  412     2    11    15
  413    68    74    78
  414    79    83    87
  415    82    90    94
  416    25    29    33
  417    86    91    95
  418    90    92    96
  419    95    90    94
  420    10    18    22
  421    89    86    90
  422    85    92    96
  423    93    89    93
  424    26    23    27
  425   102    95    99
  426    51    47    51
  427    97    95    98
  428    84    89    92
  429    76    68    71
  430    86    92    95
  431    21    26    29
  432    64    69    72
  433    96    87    90
  434    85    82    85
  435    83    87    90
  436    94    89    92
  437    93    93    96
  438     8     7    10
  439    82    83    86
  440    82    88    91
  441    37    40    43
  442    60    68    71
  443    41    46    49
  444   101    93    96
  445    57    65    67
  446    77    85    87
  447    94    93    95
  448    80    90    92
  449    22    15    17
  450     3    12    14
  451    94    84    86
  452    45    42    44
  453    87    93    95
  454    59    66    68
  455    17    22    24
  456    53    62    64
  457    66    60    62
  458    13    22    24
  459    68    75    77
  460    96    95    96
  461    53    46    47
  462    49    39    40
  463    40    48    49
  464    87    87    88
  465    61    59    60
  466   107    98    99
  467   100    95    96
  468    93    85    86
  469   101    98    99
  470    99    94    95
  471    84    94    95
  472    59    66    67
  473    41    43    44
  474    64    67    68
  475    31    26    27
  476    92    91    92
  477    87    97    97
  478    98    99    99
  479    88    88    88
  480    91   100   100
  481    77    82    82
  482   108    99    99
  483    77    71    71
  484    97    87    87
  485    89    95    95
  486    85    82    82
  487   105   100   100
  488   100    99    99
  489   109    99    99
  490    94   100   100
  491    66    56    56
  492    93    95    95
  493    40    41    41
  494     9     2     2
  495    86    94    94
  496    82    76    76
  497    92    89    89
  498   107   100   100
  499    93    99    99
  100