 1000
    0     3     3    96
    1     4     4    97
    2     8     8    98
    3     4     4    94
    4     9     9    99
    5    10    10    98
    6     7     7    95
    7     4     4    91
    8    10    10    96
    9     3     3    88
   10    13    13    96
   11    12    12    95
   12     4     4    87
   13     5     5    87
   14    16    16    98
   15     5     5    87
   16     9     9    91
   17    18    18    99
   18    12    12    92
   19     5     5    85
   20     8     8    87
   21     2     2    81
   22     6     6    85
   23     9     9    88
   24     6     6    84
   25     2     2    80
   26    17    17    94
   27     7     7    84
   28     8     8    84
   29     8     8    84
   30    23    23    99
   31    16    16    91
   32    21    21    95
   33     5     5    79
   34    13    13    86
   35    20    20    93
   36    15    15    88
   37    12    12    85
   38    27    27    99
   39    17    17    89
   40     4     4    75
   41    15    15    86
   42     9     9    79
   43     2     2    71
   44    21    21    90
   45    19    19    87
   46    27    27    95
   47    15    15    83
   48    18    18    86
   49    32    32    99
   50    15    15    82
   51    18    18    85
   52     7     7    74
   53    28    28    95
   54    28    28    95
   55    16    16    83
   56    19    19    86
   57    27    27    93
   58    12    12    77
   59    20    20    85
   60     2     2    67
   61     3     3    68
   62     1     1    66
   63    30    30    95
   64    25    25    89
   65    24    24    88
   66    25    25    89
   67    26    26    90
   68    26    26    90
   69    33    33    97
   70    29    29    93
   71    31    31    95
   72     3     3    67
   73     7     7    70
   74    11    11    74
   75     8     8    71
   76    30    30    93
   77    33    33    96
   78    14    14    76
   79    34    34    96
   80     2     2    63
   81     4     4    65
   82    20    20    81
   83     6     6    67
   84    37    37    98
   85    31    31    92
   86    27    27    88
   87    10    10    71
   88    20    20    81
   89    19    19    80
   90    36    36    96
   91    23    23    83
   92    29    29    89
   93    23    23    83
   94    26    26    86
   95    32    32    91
   96    38    38    97
   97    15    15    74
   98    34    34    93
   99     1     1    60
  100    27    27    86
  101    32    32    91
  102    23    23    81
  103    37    37    95
  104    14    14    72
  105     8     8    66
  106    19    19    76
  107    35    35    92
  108     2     2    59
  109    27    27    84
  110     1     1    58
  111     3     3    59
  112    16    16    72
  113    27    27    83
  114    38    38    93
  115    31    31    86
  116    33    33    88
  117    24    24    78
  118     4     4    58
  119    30    30    84
  120    13    13    67
  121    10    10    64
  122    41    41    95
  123    34    34    88
  124     1     1    54
  125    34    34    87
  126    12    12    65
  127    15    15    68
  128     6     6    59
  129    42    42    95
  130    34    34    86
  131     7     7    59
  132    18    18    70
  133    34    34    86
  134    17    17    69
  135     6     6    58
  136    26    26    77
  137    41    41    92
  138    43    43    94
  139    29    29    80
  140    23    23    74
  141    47    47    98
  142    32    32    82
  143    15    15    65
  144    24    24    74
  145    13    13    63
  146    26    26    76
  147    29    29    79
  148    24    24    73
  149    25    25    74
  150    49    49    98
  151    42    42    91
  152    39    39    88
  153    27    27    76
  154    40    40    88
  155    38    38    86
  156    11    11    59
  157    31    31    79
  158    44    44    92
  159    34    34    82
  160    38    38    86
  161    12    12    60
  162    44    44    92
  163    15    15    62
  164    11    11    58
  165    28    28    75
  166    49    49    96
  167    36    36    83
  168    43    43    90
  169     9     9    55
  170    40    40    86
  171    35    35    81
  172    24    24    70
  173    30    30    75
  174    13    13    58
  175    54    54    99
  176    30    30    75
  177     5     5    50
  178    16    16    61
  179     4     4    49
  180    18    18    63
  181    13    13    58
  182    17    17    62
  183    26    26    71
  184     3     3    47
  185    46    46    90
  186    12    12    56
  187    18    18    62
  188    24    24    68
  189    49    49    93
  190     6     6    50
  191     2     2    46
  192    11    11    55
  193     2     2    46
  194    51    51    94
  195    40    40    83
  196    43    43    86
  197     3     3    46
  198    41    41    84
  199    41    41    84
  200    37    37    79
  201    48    48    90
  202    38    38    80
  203    51    51    93
  204    18    18    60
  205    29    29    71
  206    22    22    64
  207    37    37    79
  208    55    55    97
  209    52    52    94
  210    27    27    68
  211    46    46    87
  212     9     9    50
  213    55    55    96
  214    44    44    85
  215    43    43    84
  216    18    18    59
  217    47    47    88
  218    40    40    81
  219     1     1    42
  220    50    50    91
  221    42    42    83
  222    21    21    61
  223    42    42    82
  224    37    37    77
  225    50    50    90
  226    42    42    82
  227    58    58    98
  228    32    32    71
  229    34    34    73
  230    44    44    83
  231    29    29    68
  232    55    55    94
  233    40    40    79
  234    58    58    96
  235     8     8    46
  236    50    50    88
  237    32    32    70
  238    58    58    96
  239    58    58    96
  240    49    49    87
  241    43    43    81
  242    27    27    65
  243    53    53    91
  244    37    37    75
  245    43    43    81
  246    55    55    93
  247    12    12    49
  248    31    31    68
  249    19    19    56
  250    32    32    69
  251    35    35    72
  252    34    34    71
  253    36    36    73
  254    52    52    89
  255    32    32    68
  256    48    48    84
  257    10    10    46
  258    23    23    59
  259    51    51    87
  260    56    56    92
  261    53    53    89
  262    49    49    84
  263    19    19    54
  264    15    15    50
  265    40    40    75
  266    11    11    46
  267    48    48    83
  268    50    50    85
  269    28    28    63
  270    19    19    54
  271    58    58    93
  272    14    14    49
  273    64    64    99
  274    22    22    57
  275     7     7    42
  276    41    41    75
  277    60    60    94
  278     5     5    39
  279    30    30    64
  280     5     5    39
  281    53    53    87
  282    38    38    72
  283    27    27    61
  284    14    14    48
  285    63    63    96
  286    46    46    79
  287    58    58    91
  288    14    14    47
  289    55    55    88
  290    51    51    84
  291    62    62    95
  292    26    26    59
  293    45    45    78
  294    49    49    82
  295    64    64    97
  296    48    48    81
  297    60    60    93
  298    44    44    76
  299    17    17    49
  300    46    46    78
  301    48    48    80
  302    40    40    72
  303    11    11    43
  304    41    41    73
  305    10    10    41
  306    36    36    67
  307    57    57    88
  308    48    48    79
  309    53    53    84
  310    17    17    48
  311    49    49    79
  312    28    28    58
  313    60    60    90
  314    19    19    49
  315    44    44    74
  316    47    47    77
  317    58    58    88
  318    65    65    95
  319    28    28    58
  320    44    44    74
  321    12    12    42
  322    62    62    92
  323    34    34    64
  324    39    39    69
  325    49    49    79
  326    44    44    73
  327    17    17    46
  328    50    50    79
  329    24    24    53
  330    11    11    40
  331    53    53    82
  332    70    70    99
  333    41    41    70
  334    61    61    90
  335    41    41    69
  336     6     6    34
  337    47    47    75
  338    56    56    84
  339     3     3    31
  340    40    40    68
  341    11    11    39
  342    20    20    48
  343    50    50    78
  344    30    30    58
  345    71    71    99
  346    66    66    94
  347    60    60    88
  348    12    12    40
  349    37    37    65
  350    54    54    82
  351    41    41    69
  352    37    37    64
  353    19    19    46
  354    36    36    63
  355    57    57    84
  356    54    54    81
  357    70    70    97
  358    10    10    37
  359    10    10    37
  360    14    14    41
  361    68    68    95
  362    32    32    59
  363    31    31    58
  364    64    64    91
  365    40    40    67
  366    30    30    56
  367    53    53    79
  368    45    45    71
  369    32    32    58
  370    57    57    83
  371     8     8    34
  372    31    31    57
  373    60    60    86
  374    15    15    41
  375    57    57    83
  376     6     6    32
  377    61    61    87
  378    26    26    52
  379    62    62    88
  380    59    59    85
  381    63    63    89
  382    54    54    80
  383    70    70    95
  384    70    70    95
  385    69    69    94
  386    72    72    97
  387    66    66    91
  388    74    74    99
  389    39    39    64
  390    44    44    69
  391    74    74    99
  392    28    28    53
  393    58    58    83
  394    27    27    52
  395    72    72    96
  396    63    63    87
  397    29    29    53
  398    38    38    62
  399    75    75    99
  400    43    43    67
  401    37    37    61
  402    54    54    78
  403    53    53    77
  404    41    41    65
  405     2     2    26
  406    68    68    92
  407    42    42    66
  408    50    50    74
  409    38    38    62
  410    57    57    81
  411    37    37    61
  412    61    61    85
  413    51    51    75
  414    74    74    98
  415    57    57    81
  416    53    53    77
  417    18    18    42
  418    47    47    70
  419     2     2    25
  420    53    53    76
  421    71    71    94
  422    75    75    98
  423     1     1    24
  424    69    69    92
  425    41    41    64
  426    65    65    88
  427    34    34    57
  428     6     6    29
  429    59    59    82
  430    28    28    51
  431    55    55    78
  432    24    24    46
  433    13    13    35
  434    74    74    96
  435    65    65    87
  436    74    74    96
  437    61    61    83
  438     6     6    28
  439    75    75    97
  440    63    63    85
  441    47    47    69
  442    77    77    99
  443    65    65    86
  444    14    14    35
  445    78    78    99
  446    74    74    95
  447    51    51    72
  448    70    70    91
  449    71    71    92
  450    52    52    73
  451     6     6    27
  452    36    36    57
  453    27    27    48
  454    61    61    82
  455    15    15    36
  456    73    73    94
  457    68    68    89
  458    77    77    98
  459    16    16    37
  460    23    23    44
  461     4     4    24
  462    76    76    96
  463    79    79    99
  464    61    61    81
  465    31    31    51
  466    69    69    89
  467    73    73    93
  468    59    59    79
  469    38    38    58
  470    14    14    34
  471    11    11    31
  472    41    41    61
  473    43    43    63
  474    34    34    54
  475    60    60    80
  476    60    60    80
  477    32    32    51
  478    76    76    95
  479    80    80    99
  480    38    38    57
  481    57    57    76
  482    78    78    97
  483    56    56    75
  484    72    72    91
  485     8     8    27
  486    57    57    76
  487    62    62    81
  488    78    78    96
  489    63    63    81
  490    17    17    35
  491    22    22    40
  492    71    71    89
  493    26    26    44
  494    47    47    65
  495     5     5    23
  496    65    65    83
  497    44    44    62
  498    60    60    78
  499     4     4    22
  500    69    69    87
  501    74    74    92
  502    62    62    80
  503    53    53    70
  504    81    81    98
  505    65    65    82
  506    52    52    69
  507    18    18    35
  508    64    64    81
  509    77    77    94
  510    43    43    60
  511    78    78    95
  512    77    77    94
  513    12    12    29
  514    30    30    47
  515    76    76    93
  516    58    58    75
  517    74    74    91
  518    67    67    84
  519    64    64    80
  520    45    45    61
  521    75    75    91
  522    18    18    34
  523    62    62    78
  524    80    80    96
  525    63    63    79
  526     9     9    25
  527    45    45    61
  528    83    83    99
  529    76    76    92
  530    18    18    34
  531    68    68    84
  532     3     3    19
  533    65    65    81
  534    40    40    56
  535    60    60    76
  536    66    66    81
  537    24    24    39
  538    62    62    77
  539    83    83    98
  540    40    40    55
  541    83    83    98
  542    13    13    28
  543    58    58    73
  544     9     9    24
  545    74    74    89
  546    71    71    86
  547    56    56    71
  548    75    75    89
  549    71    71    85
  550    82    82    96
  551    77    77    91
  552    55    55    69
  553    72    72    86
  554    79    79    93
  555    70    70    84
  556    37    37    51
  557    84    84    98
  558    80    80    94
  559    53    53    67
  560    59    59    73
  561    71    71    85
  562    51    51    65
  563    57    57    70
  564    53    53    66
  565    12    12    25
  566    86    86    99
  567    85    85    98
  568    82    82    95
  569    71    71    84
  570    76    76    89
  571    22    22    35
  572    31    31    44
  573    82    82    95
  574    68    68    81
  575    75    75    88
  576    56    56    69
  577    76    76    89
  578    51    51    64
  579    36    36    49
  580    61    61    74
  581    84    84    97
  582     5     5    18
  583    47    47    60
  584    48    48    61
  585    79    79    92
  586    41    41    54
  587    41    41    54
  588    77    77    90
  589    84    84    97
  590    29    29    42
  591    84    84    96
  592    82    82    94
  593    13    13    25
  594    73    73    85
  595    80    80    92
  596    13    13    25
  597    75    75    87
  598    73    73    85
  599     6     6    18
  600    74    74    86
  601    55    55    67
  602    70    70    82
  603     8     8    20
  604    72    72    84
  605    57    57    69
  606    61    61    73
  607    54    54    66
  608    48    48    60
  609    56    56    68
  610    50    50    62
  611    66    66    77
  612    15    15    26
  613    58    58    69
  614    55    55    66
  615    57    57    68
  616    75    75    86
  617    21    21    32
  618    70    70    81
  619    76    76    87
  620    69    69    80
  621    81    81    92
  622    71    71    82
  623    46    46    57
  624    44    44    55
  625    85    85    96
  626    61    61    72
  627    35    35    46
  628    44    44    55
  629    54    54    65
  630    58    58    69
  631    46    46    57
  632    18    18    29
  633    78    78    89
  634    77    77    88
  635    35    35    46
  636    79    79    90
  637    85    85    96
  638     9     9    20
  639    27    27    37
  640    23    23    33
  641    86    86    96
  642    85    85    95
  643    69    69    79
  644    61    61    71
  645    89    89    99
  646    16    16    26
  647    88    88    98
  648    39    39    49
  649    79    79    89
  650    66    66    76
  651    76    76    86
  652    84    84    94
  653    66    66    76
  654    19    19    29
  655    76    76    86
  656    87    87    97
  657    68    68    77
  658    77    77    86
  659    84    84    93
  660    35    35    44
  661    78    78    87
  662    90    90    99
  663    87    87    96
  664     9     9    18
  665    79    79    88
  666    64    64    73
  667    18    18    27
  668    78    78    87
  669    32    32    41
  670    80    80    89
  671    84    84    93
  672    82    82    91
  673    81    81    90
  674    38    38    47
  675    77    77    85
  676    72    72    80
  677    82    82    90
  678    80    80    88
  679    18    18    26
  680    69    69    77
  681    49    49    57
  682    83    83    91
  683     1     1     9
  684    84    84    92
  685    75    75    83
  686    41    41    49
  687    83    83    91
  688    45    45    53
  689    91    91    99
  690    87    87    95
  691    66    66    74
  692    39    39    47
  693    34    34    42
  694    84    84    92
  695    62    62    70
  696    34    34    42
  697    88    88    96
  698    73    73    81
  699    72    72    80
  700    30    30    38
  701     8     8    15
  702    75    75    82
  703    37    37    44
  704    91    91    98
  705    88    88    95
  706    82    82    89
  707    78    78    85
  708    88    88    95
  709    64    64    71
  710    69    69    76
  711    87    87    94
  712    64    64    71
  713    54    54    61
  714    92    92    99
  715    89    89    96
  716    47    47    54
  717    91    91    98
  718    70    70    77
  719    23    23    30
  720    89    89    96
  721    85    85    92
  722     7     7    14
  723     1     1     7
  724    77    77    83
  725    91    91    97
  726    34    34    40
  727    82    82    88
  728    87    87    93
  729    87    87    93
  730    88    88    94
  731    62    62    68
  732    50    50    56
  733    26    26    32
  734    84    84    90
  735    88    88    94
  736    88    88    94
  737    20    20    26
  738     2     2     8
  739    68    68    74
  740    71    71    77
  741    84    84    90
  742     6     6    12
  743    63    63    69
  744    92    92    98
  745    47    47    53
  746    90    90    96
  747    73    73    79
  748     5     5    11
  749    74    74    80
  750    33    33    39
  751     5     5    11
  752    63    63    69
  753    87    87    93
  754    70    70    76
  755    16    16    21
  756    92    92    97
  757    68    68    73
  758    10    10    15
  759    62    62    67
  760    10    10    15
  761    84    84    89
  762    55    55    60
  763    16    16    21
  764    49    49    54
  765    29    29    34
  766    84    84    89
  767    80    80    85
  768    80    80    85
  769    92    92    97
  770    57    57    62
  771    78    78    83
  772    34    34    39
  773    89    89    94
  774     6     6    11
  775    49    49    54
  776    85    85    90
  777    70    70    75
  778    92    92    97
  779     7     7    12
  780     6     6    11
  781    87    87    92
  782    11    11    16
  783    94    94    99
  784    66    66    71
  785    87    87    91
  786    83    83    87
  787    56    56    60
  788    95    95    99
  789    93    93    97
  790    92    92    96
  791    48    48    52
  792    65    65    69
  793    83    83    87
  794    95    95    99
  795    89    89    93
  796    67    67    71
  797    91    91    95
  798    38    38    42
  799    72    72    76
  800    21    21    25
  801    83    83    87
  802    95    95    99
  803    65    65    69
  804    70    70    74
  805    83    83    87
  806    91    91    95
  807    89    89    93
  808    27    27    31
  809    57    57    61
  810    76    76    80
  811    92    92    96
  812    40    40    44
  813    92    92    95
  814    77    77    80
  815    83    83    86
  816    96    96    99
  817    51    51    54
  818    95    95    98
  819    95    95    98
  820    12    12    15
  821    73    73    76
  822    86    86    89
  823    12    12    15
  824    90    90    93
  825    74    74    77
  826    94    94    97
  827    93    93    96
  828    92    92    95
  829    94    94    97
  830    63    63    66
  831    89    89    92
  832    76    76    79
  833    93    93    96
  834    82    82    85
  835    24    24    27
  836    87    87    90
  837    91    91    94
  838    73    73    76
  839    67    67    70
  840    96    96    99
  841    96    96    99
  842    59    59    62
  843    37    37    40
  844    94    94    97
  845    77    77    80
  846    51    51    54
  847    96    96    99
  848    84    84    87
  849    81    81    84
  850    46    46    49
  851    93    93    96
  852    93    93    95
  853    85    85    87
  854    74    74    76
  855    96    96    98
  856    90    90    92
  857    81    81    83
  858    35    35    37
  859    90    90    92
  860    80    80    82
  861    90    90    92
  862    24    24    26
  863    88    88    90
  864    42    42    44
  865    93    93    95
  866    58    58    60
  867    93    93    95
  868    92    92    94
  869    81    81    83
  870    63    63    65
  871    87    87    89
  872    61    61    63
  873    51    51    53
  874    88    88    90
  875    97    97    99
  876    89    89    91
  877    94    94    96
  878    44    44    46
  879    86    86    88
  880     3     3     5
  881    83    83    85
  882    88    88    90
  883    40    40    42
  884    26    26    28
  885    86    86    88
  886    74    74    76
  887    57    57    59
  888    58    58    60
  889    97    97    99
  890    67    67    69
  891    35    35    37
  892    35    35    37
  893    98    98    99
  894    85    85    86
  895    97    97    98
  896    89    89    90
  897    97    97    98
  898    85    85    86
  899    90    90    91
  900    53    53    54
  901    74    74    75
  902    98    98    99
  903    92    92    93
  904    98    98    99
  905    46    46    47
  906    90    90    91
  907    89    89    90
  908    93    93    94
  909    97    97    98
  910    97    97    98
  911    87    87    88
  912    62    62    63
  913    60    60    61
  914    83    83    84
  915    87    87    88
  916    98    98    99
  917    83    83    84
  918    95    95    96
  919    95    95    96
  920    95    95    96
  921    86    86    87
  922    90    90    91
  923    92    92    93
  924    94    94    95
  925    96    96    97
  926    94    94    95
  927    86    86    87
  928    83    83    84
  929    84    84    85
  930    87    87    88
  931    69    69    70
  932   100   100   100
  933    27    27    27
  934   100   100   100
  935    97    97    97
  936    84    84    84
  937    99    99    99
  938     3     3     3
  939    82    82    82
  940    98    98    98
  941    99    99    99
  942    99    99    99
  943    79    79    79
  944    90    90    90
  945    96    96    96
  946    39    39    39
  947    77    77    77
  948    98    98    98
  949    99    99    99
  950   100   100   100
  951    95    95    95
  952    70    70    70
  953   100   100   100
  954    83    83    83
  955    96    96    96
  956   100   100   100
  957    37    37    37
  958    92    92    92
  959    94    94    94
  960    72    72    72
  961    97    97    97
  962    15    15    15
  963    52    52    52
  964    99    99    99
  965    96    96    96
  966    75    75    75
  967    80    80    80
  968    99    99    99
  969    80    80    80
  970    78    78    78
  971    67    67    67
  972    64    64    64
  973    97    97    97
  974   100   100   100
  975   100   100   100
  976    99    99    99
  977    65    65    65
  978    99    99    99
  979     3     3     3
  980    69    69    69
  981    19    19    19
  982    92    92    92
  983    97    97    97
  984    97    97    97
  985    94    94    94
  986    45    45    45
  987    95    95    95
  988    98    98    98
  989    81    81    81
  990   100   100   100
  991   100   100   100
  992    97    97    97
  993    74    74    74
  994    99    99    99
  995   100   100   100
  996    13    13    13
  997    25    25    25
  998    66    66    66
  999   100   100   100
  100