  500
    0    14     4    98
    1    13     3    90
    2    14     4    88
    3    11     1    85
    4    21    11    92
    5    25    15    95
    6    28    18    97
    7    27    17    93
    8    28    18    93
    9    19     9    83
   10    35    25    98
   11    11     1    74
   12    18     8    80
   13    17     7    79
   14    33    23    94
   15    37    27    97
   16    19     9    78
   17    20    10    79
   18    34    24    92
   19    34    24    92
   20    31    21    88
   21    27    17    84
   22    33    23    89
   23    14     4    70
   24    43    33    98
   25    38    28    93
   26    42    32    96
   27    30    20    84
   28    26    16    80
   29    45    35    98
   30    21    11    73
   31    20    10    72
   32    38    28    89
   33    38    28    89
   34    20    10    70
   35    26    16    76
   36    43    33    93
   37    20    10    70
   38    36    26    86
   39    49    39    98
   40    32    22    81
   41    32    22    81
   42    49    39    97
   43    34    24    82
   44    26    16    74
   45    24    14    71
   46    38    28    85
   47    32    22    79
   48    48    38    94
   49    27    17    72
   50    28    18    73
   51    30    20    75
   52    43    33    88
   53    14     4    59
   54    46    36    91
   55    24    14    68
   56    28    18    72
   57    11     1    55
   58    17     7    61
   59    41    31    85
   60    44    34    87
   61    49    39    92
   62    15     5    58
   63    35    25    77
   64    35    25    77
   65    46    36    87
   66    55    45    96
   67    31    21    72
   68    45    35    86
   69    11     1    51
   70    36    26    76
   71    23    13    63
   72    21    11    61
   73    29    19    69
   74    38    28    77
   75    28    18    67
   76    51    41    90
   77    52    42    91
   78    21    11    60
   79    42    32    81
   80    46    36    84
   81    58    48    96
   82    16     6    54
   83    43    33    81
   84    56    46    94
   85    45    35    83
   86    52    42    89
   87    42    32    79
   88    53    43    89
   89    18     8    54
   90    28    18    64
   91    58    48    94
   92    20    10    55
   93    32    22    67
   94    63    53    98
   95    34    24    69
   96    45    35    80
   97    48    38    82
   98    30    20    64
   99    65    55    99
  100    44    34    77
  101    63    53    96
  102    51    41    84
  103    12     2    45
  104    66    56    98
  105    50    40    82
  106    34    24    66
  107    14     4    46
  108    30    20    62
  109    53    43    85
  110    39    29    71
  111    45    35    76
  112    48    38    79
  113    27    17    58
  114    13     3    43
  115    46    36    76
  116    53    43    83
  117    59    49    89
  118    37    27    66
  119    58    48    87
  120    44    34    73
  121    16     6    45
  122    57    47    85
  123    61    51    89
  124    34    24    62
  125    41    31    69
  126    33    23    61
  127    50    40    77
  128    46    36    73
  129    70    60    97
  130    52    42    79
  131    54    44    80
  132    73    63    99
  133    64    54    90
  134    41    31    66
  135    16     6    41
  136    46    36    70
  137    23    13    47
  138    36    26    60
  139    52    42    76
  140    60    50    83
  141    52    42    75
  142    53    43    76
  143    59    49    82
  144    54    44    77
  145    27    17    50
  146    77    67    99
  147    12     2    34
  148    57    47    79
  149    60    50    82
  150    36    26    58
  151    18     8    39
  152    70    60    91
  153    11     1    31
  154    44    34    64
  155    47    37    67
  156    61    51    81
  157    40    30    60
  158    31    21    51
  159    28    18    47
  160    72    62    91
  161    75    65    94
  162    40    30    59
  163    22    12    40
  164    65    55    83
  165    73    63    91
  166    78    68    96
  167    79    69    97
  168    11     1    29
  169    73    63    91
  170    12     2    30
  171    60    50    78
  172    16     6    34
  173    51    41    69
  174    30    20    47
  175    40    30    57
  176    60    50    77
  177    31    21    48
  178    59    49    75
  179    81    71    97
  180    72    62    88
  181    66    56    82
  182    37    27    53
  183    77    67    93
  184    21    11    37
  185    39    29    55
  186    71    61    87
  187    82    72    98
  188    50    40    65
  189    73    63    88
  190    54    44    69
  191    79    69    94
  192    61    51    76
  193    72    62    87
  194    72    62    86
  195    66    56    80
  196    49    39    63
  197    41    31    55
  198    83    73    97
  199    46    36    60
  200    51    41    65
  201    40    30    54
  202    39    29    53
  203    57    47    70
  204    86    76    99
  205    47    37    60
  206    40    30    53
  207    16     6    29
  208    50    40    63
  209    86    76    98
  210    86    76    98
  211    79    69    91
  212    80    70    92
  213    75    65    87
  214    24    14    36
  215    59    49    71
  216    26    16    37
  217    60    50    71
  218    49    39    60
  219    52    42    63
  220    13     3    24
  221    42    32    52
  222    21    11    31
  223    88    78    98
  224    44    34    54
  225    72    62    82
  226    55    45    65
  227    56    46    66
  228    43    33    53
  229    80    70    90
  230    11     1    21
  231    86    76    96
  232    53    43    63
  233    88    78    97
  234    46    36    55
  235    79    69    88
  236    88    78    97
  237    65    55    74
  238    57    47    66
  239    75    65    84
  240    53    43    62
  241    57    47    66
  242    84    74    93
  243    87    77    95
  244    68    58    76
  245    82    72    90
  246    84    74    92
  247    79    69    87
  248    62    52    70
  249    82    72    89
  250    82    72    89
  251    87    77    94
  252    75    65    82
  253    89    79    96
  254    71    61    78
  255    65    55    72
  256    73    63    79
  257    70    60    76
  258    66    56    72
  259    80    70    86
  260    51    41    57
  261    82    72    88
  262    18     8    24
  263    40    30    46
  264    84    74    90
  265    65    55    70
  266    93    83    98
  267    76    66    81
  268    15     5    20
  269    77    67    82
  270    94    84    99
  271    46    36    51
  272    73    63    77
  273    91    81    95
  274    87    77    91
  275    54    44    58
  276    61    51    65
  277    82    72    86
  278    73    63    77
  279    83    73    87
  280    49    39    53
  281    93    83    96
  282    40    30    43
  283    73    63    76
  284    96    86    99
  285    91    81    94
  286    66    56    69
  287    21    11    24
  288    96    86    99
  289    57    47    60
  290    65    55    68
  291    40    30    43
  292    28    18    30
  293    12     2    14
  294    36    26    38
  295    90    80    92
  296    96    86    98
  297    95    85    97
  298    57    47    59
  299    81    71    83
  300    92    82    94
  301    94    84    96
  302    49    39    51
  303    19     9    21
  304    94    84    95
  305    38    28    39
  306    96    86    97
  307    47    37    48
  308    76    66    77
  309    74    64    75
  310    85    75    86
  311    67    57    68
  312    66    56    67
  313    88    78    88
  314    15     5    15
  315    90    80    90
  316    55    45    55
  317    88    78    88
  318    27    17    27
  319    67    57    67
  320    79    69    79
  321    76    66    76
  322    45    35    45
  323    89    79    89
  324    96    86    95
  325   100    90    99
  326    90    80    89
  327    60    50    59
  328    95    85    94
  329    92    82    91
  330    46    36    45
  331    22    12    21
  332    85    75    84
  333    59    49    58
  334    88    78    87
  335    59    49    57
  336    96    86    94
  337    99    89    97
  338    89    79    87
  339    83    73    81
  340    41    31    39
  341    22    12    20
  342    94    84    92
  343    93    83    91
  344    99    89    97
  345    81    71    79
  346    12     2    10
  347    64    54    62
  348   101    91    99
  349    56    46    53
  350    91    81    88
  351    94    84    91
  352    88    78    85
  353   102    92    99
  354    53    43    50
  355    79    69    76
  356    80    70    77
  357   100    90    97
  358    76    66    73
  359    65    55    62
  360    76    66    73
  361   101    91    98
  362    79    69    76
  363    83    73    80
  364    91    81    87
  365    96    86    92
  366    75    65    71
  367    61    51    57
  368    58    48    54
  369    44    34    40
  370   103    93    99
  371    94    84    90
  372    77    67    73
  373    78    68    74
  374    37    27    33
  375    96    86    92
  376   102    92    97
  377    93    83    88
  378    86    76    81
  379    89    79    84
  380    98    88    93
  381    66    56    61
  382    80    70    75
  383    24    14    19
  384    84    74    79
  385    70    60    65
  386    92    82    87
  387    97    87    92
  388    82    72    77
  389    61    51    56
  390    56    46    51
  391   105    95    99
  392   102    92    96
  393    98    88    92
  394    71    61    65
  395    84    74    78
  396    49    39    43
  397   102    92    96
  398    96    86    90
  399    37    27    31
  400    88    78    82
  401   102    92    96
  402    86    76    80
  403   105    95    99
  404   102    92    96
  405    48    38    42
  406    96    86    90
  407   104    94    98
  408    52    42    46
  409    48    38    42
  410    97    87    90
  411    20    10    13
  412   104    94    97
  413    92    82    85
  414    76    66    69
  415   104    94    97
  416    87    77    80
  417    53    43    46
  418   104    94    97
  419    90    80    83
  420   102    92    95
  421   102    92    95
  422    96    86    89
  423   106    96    99
  424   105    95    98
  425   104    94    97
  426    30    20    23
  427   105    95    98
  428    92    82    84
  429    61    51    53
  430    83    73    75
  431    75    65    67
  432    36    26    28
  433    12     2     4
  434    76    66    68
  435    81    71    73
  436   102    92    94
  437   107    97    99
  438   103    93    95
  439    73    63    65
  440   106    96    97
  441   106    96    97
  442   100    90    91
  443    30    20    21
  444    56    46    47
  445    58    48    49
  446   106    96    97
  447   104    94    95
  448    92    82    83
  449    96    86    87
  450   108    98    99
  451   106    96    97
  452    80    70    71
  453   104    94    95
  454    94    84    85
  455    65    55    56
  456   104    94    95
  457   108    98    99
  458   103    93    94
  459    86    76    77
  460    73    63    63
  461    99    89    89
  462   101    91    91
  463    82    72    72
  464    97    87    87
  465   109    99    99
  466    90    80    80
  467    97    87    87
  468    83    73    73
  469   104    94    94
  470   108    98    98
  471   101    91    91
  472   109    99    99
  473    95    85    85
  474    61    51    51
  475    86    76    76
  476   108    98    98
  477    96    86    86
  478   106    96    96
  479   107    97    97
  480   101    91    91
  481   110   100   100
  482   109    99    99
  483   105    95    95
  484   107    97    97
  485   109    99    99
  486   109    99    99
  487   107    97    97
  488    56    46    46
  489   108    98    98
  490   106    96    96
  491   110   100   100
  492   107    97    97
  493   109    99    99
  494   110   100   100
  495   109    99    99
  496   105    95    95
  497   107    97    97
  498   101    91    91
  499    86    76    76
  100