 1000
    0    11     1    99
    1    15     5    99
    2    12     2    91
    3    19     9    97
    4    16     6    94
    5    17     7    94
    6    16     6    92
    7    15     5    90
    8    20    10    95
    9    21    11    96
   10    21    11    95
   11    22    12    95
   12    11     1    84
   13    21    11    93
   14    22    12    94
   15    21    11    93
   16    11     1    82
   17    24    14    95
   18    20    10    90
   19    27    17    95
   20    23    13    90
   21    14     4    81
   22    18     8    84
   23    31    21    96
   24    34    24    99
   25    18     8    83
   26    26    16    91
   27    15     5    79
   28    19     9    83
   29    29    19    92
   30    11     1    74
   31    30    20    93
   32    22    12    85
   33    35    25    98
   34    31    21    93
   35    25    15    87
   36    33    23    95
   37    17     7    78
   38    34    24    95
   39    30    20    91
   40    33    23    94
   41    39    29    99
   42    33    23    92
   43    14     4    73
   44    39    29    97
   45    13     3    71
   46    18     8    76
   47    21    11    79
   48    23    13    81
   49    22    12    79
   50    27    17    84
   51    40    30    96
   52    35    25    91
   53    11     1    66
   54    37    27    92
   55    44    34    99
   56    40    30    95
   57    38    28    92
   58    23    13    77
   59    37    27    91
   60    45    35    99
   61    13     3    67
   62    28    18    82
   63    37    27    90
   64    27    17    80
   65    42    32    95
   66    37    27    90
   67    17     7    69
   68    41    31    93
   69    31    21    83
   70    47    37    99
   71    18     8    70
   72    36    26    87
   73    13     3    64
   74    44    34    95
   75    37    27    88
   76    34    24    84
   77    49    39    99
   78    38    28    88
   79    43    33    93
   80    33    23    83
   81    48    38    98
   82    38    28    88
   83    12     2    62
   84    45    35    94
   85    38    28    87
   86    15     5    64
   87    39    29    88
   88    14     4    63
   89    23    13    72
   90    44    34    93
   91    43    33    91
   92    11     1    59
   93    19     9    67
   94    38    28    86
   95    25    15    73
   96    50    40    98
   97    50    40    98
   98    13     3    61
   99    41    31    89
  100    34    24    82
  101    42    32    90
  102    48    38    96
  103    47    37    95
  104    31    21    79
  105    36    26    83
  106    51    41    98
  107    23    13    70
  108    48    38    95
  109    33    23    79
  110    31    21    77
  111    45    35    91
  112    29    19    75
  113    36    26    82
  114    48    38    93
  115    41    31    86
  116    27    17    72
  117    19     9    64
  118    29    19    74
  119    31    21    76
  120    30    20    75
  121    54    44    99
  122    24    14    68
  123    17     7    61
  124    46    36    90
  125    36    26    79
  126    28    18    71
  127    52    42    95
  128    48    38    91
  129    18     8    61
  130    18     8    61
  131    49    39    91
  132    37    27    79
  133    17     7    59
  134    25    15    67
  135    40    30    81
  136    31    21    72
  137    50    40    91
  138    46    36    87
  139    54    44    95
  140    54    44    95
  141    14     4    55
  142    12     2    52
  143    58    48    98
  144    50    40    90
  145    25    15    65
  146    30    20    70
  147    27    17    67
  148    27    17    67
  149    55    45    94
  150    41    31    80
  151    39    29    78
  152    59    49    98
  153    52    42    91
  154    33    23    72
  155    33    23    72
  156    60    50    99
  157    36    26    74
  158    18     8    56
  159    33    23    71
  160    58    48    96
  161    28    18    66
  162    45    35    83
  163    26    16    64
  164    35    25    73
  165    57    47    95
  166    54    44    92
  167    47    37    85
  168    60    50    97
  169    12     2    49
  170    42    32    79
  171    45    35    82
  172    37    27    74
  173    18     8    55
  174    12     2    49
  175    56    46    93
  176    20    10    56
  177    30    20    66
  178    54    44    90
  179    14     4    50
  180    14     4    50
  181    36    26    72
  182    56    46    92
  183    15     5    50
  184    55    45    90
  185    55    45    90
  186    36    26    71
  187    56    46    91
  188    63    53    98
  189    45    35    80
  190    61    51    96
  191    37    27    72
  192    61    51    95
  193    48    38    82
  194    47    37    81
  195    30    20    64
  196    49    39    83
  197    44    34    78
  198    18     8    51
  199    42    32    75
  200    41    31    74
  201    53    43    86
  202    65    55    98
  203    12     2    45
  204    31    21    64
  205    32    22    65
  206    55    45    88
  207    51    41    84
  208    56    46    89
  209    48    38    81
  210    62    52    94
  211    45    35    77
  212    16     6    48
  213    35    25    67
  214    63    53    95
  215    34    24    66
  216    51    41    83
  217    41    31    73
  218    27    17    58
  219    43    33    74
  220    34    24    65
  221    12     2    43
  222    64    54    95
  223    55    45    86
  224    64    54    94
  225    36    26    66
  226    34    24    64
  227    59    49    89
  228    17     7    47
  229    20    10    50
  230    41    31    71
  231    34    24    64
  232    34    24    64
  233    70    60    99
  234    70    60    99
  235    45    35    74
  236    65    55    94
  237    69    59    98
  238    32    22    61
  239    40    30    69
  240    18     8    46
  241    47    37    75
  242    40    30    68
  243    70    60    98
  244    58    48    86
  245    61    51    89
  246    26    16    54
  247    69    59    97
  248    38    28    66
  249    48    38    75
  250    56    46    83
  251    49    39    76
  252    53    43    80
  253    44    34    71
  254    58    48    85
  255    14     4    41
  256    20    10    46
  257    66    56    92
  258    32    22    58
  259    34    24    60
  260    60    50    86
  261    44    34    70
  262    71    61    96
  263    32    22    57
  264    22    12    47
  265    63    53    88
  266    68    58    93
  267    61    51    85
  268    55    45    79
  269    12     2    36
  270    59    49    83
  271    69    59    93
  272    17     7    41
  273    71    61    95
  274    65    55    89
  275    72    62    96
  276    35    25    59
  277    69    59    92
  278    66    56    89
  279    27    17    50
  280    26    16    49
  281    54    44    77
  282    58    48    81
  283    32    22    55
  284    75    65    98
  285    47    37    70
  286    41    31    64
  287    58    48    81
  288    65    55    88
  289    71    61    93
  290    52    42    74
  291    30    20    52
  292    39    29    61
  293    52    42    74
  294    51    41    73
  295    77    67    99
  296    77    67    99
  297    65    55    87
  298    62    52    84
  299    19     9    41
  300    50    40    72
  301    65    55    87
  302    48    38    69
  303    63    53    84
  304    15     5    36
  305    46    36    67
  306    76    66    97
  307    52    42    73
  308    68    58    89
  309    51    41    72
  310    31    21    52
  311    25    15    46
  312    68    58    89
  313    76    66    97
  314    62    52    83
  315    62    52    83
  316    72    62    93
  317    48    38    68
  318    53    43    73
  319    34    24    54
  320    13     3    33
  321    62    52    82
  322    78    68    98
  323    74    64    94
  324    11     1    31
  325    56    46    76
  326    69    59    89
  327    53    43    72
  328    68    58    87
  329    22    12    41
  330    45    35    64
  331    59    49    78
  332    42    32    61
  333    51    41    70
  334    63    53    82
  335    55    45    74
  336    55    45    74
  337    50    40    69
  338    48    38    66
  339    50    40    68
  340    24    14    42
  341    34    24    52
  342    47    37    65
  343    80    70    98
  344    71    61    89
  345    80    70    98
  346    80    70    97
  347    48    38    65
  348    70    60    87
  349    60    50    77
  350    40    30    57
  351    48    38    65
  352    43    33    60
  353    70    60    87
  354    68    58    85
  355    39    29    56
  356    68    58    85
  357    59    49    76
  358    27    17    44
  359    80    70    97
  360    76    66    92
  361    80    70    96
  362    82    72    98
  363    58    48    74
  364    54    44    70
  365    50    40    66
  366    74    64    90
  367    60    50    76
  368    34    24    50
  369    59    49    75
  370    83    73    99
  371    79    69    95
  372    66    56    82
  373    52    42    68
  374    48    38    64
  375    61    51    77
  376    76    66    92
  377    11     1    27
  378    43    33    59
  379    70    60    85
  380    79    69    94
  381    14     4    29
  382    62    52    77
  383    68    58    83
  384    84    74    99
  385    72    62    87
  386    73    63    88
  387    68    58    83
  388    41    31    56
  389    84    74    99
  390    29    19    44
  391    12     2    27
  392    26    16    41
  393    50    40    65
  394    82    72    97
  395    20    10    35
  396    36    26    51
  397    56    46    70
  398    77    67    91
  399    85    75    99
  400    38    28    52
  401    47    37    61
  402    63    53    77
  403    72    62    86
  404    20    10    34
  405    75    65    89
  406    74    64    87
  407    32    22    45
  408    79    69    92
  409    75    65    88
  410    78    68    91
  411    82    72    95
  412    41    31    54
  413    28    18    41
  414    17     7    30
  415    72    62    85
  416    29    19    42
  417    74    64    87
  418    27    17    40
  419    55    45    68
  420    72    62    85
  421    53    43    66
  422    62    52    75
  423    39    29    52
  424    85    75    98
  425    60    50    73
  426    15     5    27
  427    74    64    86
  428    87    77    99
  429    18     8    30
  430    11     1    23
  431    53    43    65
  432    43    33    55
  433    58    48    70
  434    82    72    94
  435    77    67    89
  436    19     9    31
  437    63    53    75
  438    81    71    93
  439    42    32    54
  440    57    47    68
  441    51    41    62
  442    13     3    24
  443    58    48    69
  444    41    31    52
  445    75    65    86
  446    63    53    74
  447    14     4    25
  448    16     6    27
  449    35    25    46
  450    88    78    99
  451    72    62    83
  452    72    62    83
  453    57    47    68
  454    87    77    98
  455    49    39    60
  456    74    64    85
  457    66    56    77
  458    75    65    86
  459    74    64    84
  460    35    25    45
  461    31    21    41
  462    35    25    45
  463    77    67    87
  464    47    37    57
  465    79    69    89
  466    46    36    56
  467    37    27    47
  468    81    71    91
  469    81    71    91
  470    37    27    47
  471    70    60    80
  472    38    28    48
  473    56    46    66
  474    70    60    80
  475    76    66    86
  476    41    31    50
  477    87    77    96
  478    44    34    53
  479    60    50    69
  480    45    35    54
  481    45    35    54
  482    89    79    98
  483    84    74    93
  484    79    69    88
  485    50    40    59
  486    65    55    74
  487    30    20    39
  488    82    72    91
  489    87    77    96
  490    77    67    86
  491    75    65    84
  492    66    56    75
  493    63    53    72
  494    76    66    85
  495    68    58    77
  496    84    74    93
  497    82    72    91
  498    54    44    62
  499    69    59    77
  500    55    45    63
  501    79    69    87
  502    46    36    54
  503    85    75    93
  504    56    46    64
  505    17     7    25
  506    64    54    72
  507    71    61    79
  508    31    21    39
  509    84    74    92
  510    78    68    86
  511    70    60    78
  512    76    66    84
  513    29    19    37
  514    67    57    75
  515    21    11    28
  516    24    14    31
  517    70    60    77
  518    29    19    36
  519    24    14    31
  520    63    53    70
  521    83    73    90
  522    28    18    35
  523    79    69    86
  524    38    28    45
  525    88    78    95
  526    36    26    43
  527    74    64    81
  528    20    10    27
  529    12     2    19
  530    37    27    44
  531    69    59    75
  532    88    78    94
  533    35    25    41
  534    93    83    99
  535    24    14    30
  536    38    28    44
  537    39    29    45
  538    45    35    51
  539    87    77    93
  540    53    43    59
  541    15     5    21
  542    67    57    73
  543    87    77    93
  544    77    67    83
  545    36    26    42
  546    89    79    95
  547    83    73    89
  548    88    78    94
  549    76    66    82
  550    32    22    37
  551    91    81    96
  552    42    32    47
  553    61    51    66
  554    55    45    60
  555    41    31    46
  556    86    76    91
  557    71    61    76
  558    72    62    77
  559    58    48    63
  560    66    56    71
  561    81    71    85
  562    52    42    56
  563    84    74    88
  564    88    78    92
  565    61    51    65
  566    78    68    82
  567    45    35    49
  568    52    42    56
  569    88    78    92
  570    32    22    36
  571    90    80    94
  572    86    76    90
  573    87    77    91
  574    81    71    85
  575    40    30    44
  576    25    15    29
  577    69    59    73
  578    89    79    92
  579    12     2    15
  580    44    34    47
  581    44    34    47
  582    49    39    52
  583    76    66    79
  584    90    80    93
  585    56    46    59
  586    54    44    57
  587    28    18    31
  588    82    72    85
  589    95    85    98
  590    53    43    56
  591    60    50    63
  592    69    59    72
  593    85    75    88
  594    78    68    81
  595    86    76    89
  596    76    66    79
  597    79    69    82
  598    94    84    97
  599    69    59    72
  600    63    53    66
  601    47    37    49
  602    35    25    37
  603    88    78    90
  604    47    37    49
  605    66    56    68
  606    81    71    83
  607    68    58    70
  608    84    74    86
  609    77    67    79
  610    69    59    71
  611    91    81    93
  612    83    73    85
  613    52    42    54
  614    87    77    89
  615    89    79    91
  616    29    19    31
  617    75    65    77
  618    60    50    62
  619    96    86    98
  620    75    65    77
  621    81    71    83
  622    94    84    96
  623    81    71    82
  624    14     4    15
  625    76    66    77
  626    40    30    41
  627    48    38    49
  628    17     7    18
  629    91    81    92
  630    77    67    78
  631    51    41    52
  632    93    83    94
  633    63    53    64
  634    74    64    75
  635    95    85    96
  636    75    65    76
  637    77    67    78
  638    55    45    56
  639    54    44    55
  640    79    69    80
  641    43    33    44
  642    27    17    28
  643    54    44    55
  644    69    59    70
  645    55    45    56
  646    98    88    99
  647    88    78    89
  648    90    80    91
  649    97    87    98
  650    78    68    79
  651    12     2    13
  652    85    75    86
  653    76    66    77
  654    56    46    56
  655    98    88    98
  656    96    86    96
  657    90    80    90
  658    27    17    27
  659    62    52    62
  660    90    80    90
  661    55    45    55
  662    84    74    84
  663    65    55    65
  664    98    88    98
  665    61    51    61
  666    52    42    52
  667    38    28    38
  668    76    66    76
  669    52    42    52
  670    85    75    85
  671    90    80    89
  672    23    13    22
  673    89    79    88
  674    17     7    16
  675   100    90    99
  676    50    40    49
  677    98    88    97
  678    94    84    93
  679    70    60    69
  680    37    27    36
  681    97    87    96
  682    97    87    96
  683    96    86    95
  684    99    89    98
  685    75    65    74
  686    42    32    41
  687    46    36    45
  688    95    85    94
  689    96    86    95
  690    83    73    82
  691    11     1    10
  692    37    27    36
  693    95    85    94
  694    31    21    29
  695    96    86    94
  696    99    89    97
  697   101    91    99
  698    97    87    95
  699    73    63    71
  700    94    84    92
  701    72    62    70
  702    73    63    71
  703   100    90    98
  704    83    73    81
  705    78    68    76
  706   100    90    98
  707    87    77    85
  708    58    48    56
  709    91    81    89
  710    39    29    37
  711    74    64    72
  712    89    79    87
  713    75    65    73
  714    66    56    64
  715    82    72    80
  716    97    87    95
  717    85    75    83
  718   101    91    99
  719    14     4    12
  720    46    36    44
  721    40    30    38
  722    98    88    96
  723    71    61    68
  724    39    29    36
  725   100    90    97
  726   100    90    97
  727    92    82    89
  728    46    36    43
  729    50    40    47
  730    85    75    82
  731    96    86    93
  732    71    61    68
  733    78    68    75
  734    53    43    50
  735   100    90    97
  736    84    74    81
  737    13     3    10
  738    90    80    87
  739    67    57    64
  740   100    90    97
  741   100    90    97
  742    87    77    84
  743    95    85    92
  744    56    46    53
  745    58    48    55
  746    91    81    88
  747    65    55    62
  748   101    91    98
  749    93    83    90
  750    87    77    84
  751    89    79    86
  752    54    44    50
  753    91    81    87
  754    85    75    81
  755    50    40    46
  756    84    74    80
  757    24    14    20
  758    52    42    48
  759    81    71    77
  760   103    93    99
  761    54    44    50
  762    24    14    20
  763    36    26    32
  764    51    41    47
  765   102    92    98
  766    99    89    95
  767   102    92    98
  768    74    64    70
  769   103    93    99
  770   102    92    98
  771    71    61    67
  772    97    87    93
  773    79    69    75
  774   102    92    98
  775    97    87    93
  776    98    88    94
  777    98    88    94
  778    76    66    72
  779   102    92    98
  780    95    85    91
  781    91    81    87
  782    90    80    86
  783    59    49    55
  784    79    69    75
  785    29    19    24
  786    97    87    92
  787    80    70    75
  788    28    18    23
  789    68    58    63
  790   103    93    98
  791   103    93    98
  792    36    26    31
  793    41    31    36
  794    89    79    84
  795    94    84    89
  796    14     4     9
  797    83    73    78
  798    73    63    68
  799   103    93    98
  800   103    93    98
  801    95    85    90
  802    60    50    55
  803    82    72    77
  804   102    92    97
  805    90    80    85
  806   102    92    97
  807   100    90    95
  808    15     5    10
  809    55    45    49
  810    54    44    48
  811    95    85    89
  812    22    12    16
  813    99    89    93
  814    81    71    75
  815    66    56    60
  816    81    71    75
  817    50    40    44
  818    68    58    62
  819    27    17    21
  820    95    85    89
  821    13     3     7
  822   105    95    99
  823    35    25    29
  824   100    90    94
  825    56    46    50
  826   100    90    94
  827    33    23    27
  828    98    88    92
  829   105    95    99
  830    96    86    90
  831    24    14    18
  832   103    93    97
  833    20    10    14
  834    65    55    59
  835    11     1     5
  836   101    91    95
  837    62    52    56
  838    98    88    92
  839    73    63    66
  840   106    96    99
  841    79    69    72
  842    28    18    21
  843    86    76    79
  844    25    15    18
  845   104    94    97
  846    67    57    60
  847   105    95    98
  848    89    79    82
  849    42    32    35
  850    90    80    83
  851   103    93    96
  852    98    88    91
  853    98    88    91
  854    91    81    84
  855    87    77    80
  856    95    85    88
  857    37    27    30
  858    42    32    35
  859   101    91    94
  860   102    92    95
  861   106    96    99
  862   104    94    97
  863    93    83    86
  864    99    89    91
  865   107    97    99
  866    93    83    85
  867    70    60    62
  868    28    18    20
  869    33    23    25
  870   107    97    99
  871    28    18    20
  872   106    96    98
  873    90    80    82
  874   104    94    96
  875    23    13    15
  876    47    37    39
  877    71    61    63
  878    59    49    51
  879   107    97    99
  880   106    96    98
  881    98    88    90
  882   107    97    99
  883    61    51    53
  884    74    64    66
  885    95    85    87
  886   107    97    99
  887    94    84    86
  888    16     6     8
  889   102    92    94
  890    34    24    26
  891    58    48    50
  892   105    95    97
  893    96    86    88
  894    85    75    77
  895    64    54    56
  896    87    77    79
  897   107    97    99
  898    83    73    75
  899   106    96    98
  900   105    95    97
  901    28    18    20
  902   104    94    96
  903   106    96    98
  904   104    94    96
  905    89    79    81
  906    24    14    16
  907   106    96    98
  908    36    26    28
  909    58    48    49
  910   108    98    99
  911    54    44    45
  912   102    92    93
  913   107    97    98
  914    93    83    84
  915   108    98    99
  916    35    25    26
  917   108    98    99
  918    97    87    88
  919    51    41    42
  920    67    57    58
  921   105    95    96
  922    65    55    56
  923    29    19    20
  924    37    27    28
  925    88    78    79
  926    65    55    56
  927   106    96    97
  928    42    32    33
  929    23    13    14
  930   108    98    99
  931   103    93    94
  932    85    75    76
  933   107    97    98
  934    55    45    46
  935    97    87    88
  936   104    94    95
  937   103    93    94
  938    91    81    82
  939    57    47    48
  940   100    90    91
  941    69    59    60
  942   103    93    94
  943    76    66    67
  944   106    96    97
  945    91    81    81
  946   110   100   100
  947    88    78    78
  948   109    99    99
  949    98    88    88
  950   110   100   100
  951   110   100   100
  952   109    99    99
  953   106    96    96
  954   109    99    99
  955   110   100   100
  956   106    96    96
  957    81    71    71
  958   110   100   100
  959   103    93    93
  960   105    95    95
  961   109    99    99
  962   107    97    97
  963   109    99    99
  964   109    99    99
  965   106    96    96
  966   110   100   100
  967   109    99    99
  968   109    99    99
  969    89    79    79
  970    74    64    64
  971    87    77    77
  972   107    97    97
  973    90    80    80
  974    85    75    75
  975   109    99    99
  976    77    67    67
  977    97    87    87
  978   110   100   100
  979    95    85    85
  980    93    83    83
  981   109    99    99
  982    85    75    75
  983   109    99    99
  984    41    31    31
  985    88    78    78
  986   108    98    98
  987    88    78    78
  988    32    22    22
  989   108    98    98
  990   109    99    99
  991   109    99    99
  992   110   100   100
  993    12     2     2
  994   105    95    95
  995   109    99    99
  996    96    86    86
  997   103    93    93
  998   109    99    99
  999    81    71    71
  100