 1000
    0     5     5    99
    1     1     1    93
    2     8     8    99
    3     5     5    96
    4     7     7    97
    5     7     7    96
    6     1     1    89
    7    11    11    99
    8     5     5    93
    9     5     5    91
   10    13    13    99
   11     3     3    89
   12     8     8    92
   13     8     8    92
   14     7     7    89
   15    13    13    95
   16    15    15    96
   17     8     8    88
   18     6     6    86
   19    20    20    99
   20    11    11    89
   21    15    15    93
   22    16    16    93
   23    12    12    88
   24    13    13    89
   25    17    17    92
   26     8     8    83
   27    20    20    95
   28    14    14    88
   29    25    25    99
   30    18    18    91
   31    16    16    89
   32    22    22    95
   33    10    10    83
   34     4     4    76
   35    22    22    94
   36     9     9    80
   37    26    26    97
   38     2     2    73
   39     8     8    79
   40    18    18    89
   41    13    13    84
   42    13    13    84
   43    23    23    94
   44     2     2    72
   45    24    24    94
   46    21    21    91
   47     1     1    70
   48    26    26    95
   49     8     8    76
   50    18    18    86
   51    28    28    96
   52     3     3    71
   53    18    18    86
   54    14    14    82
   55    29    29    96
   56     1     1    68
   57     7     7    74
   58    15    15    82
   59    29    29    96
   60    22    22    89
   61    26    26    92
   62     3     3    69
   63     5     5    71
   64    20    20    86
   65     9     9    75
   66     2     2    68
   67     7     7    72
   68    33    33    98
   69    19    19    84
   70    20    20    85
   71    19    19    83
   72    14    14    78
   73    12    12    76
   74    34    34    98
   75    34    34    98
   76    20    20    83
   77     1     1    64
   78    31    31    94
   79    15    15    78
   80    17    17    80
   81     9     9    71
   82    37    37    99
   83    13    13    75
   84    26    26    88
   85    19    19    81
   86    26    26    87
   87    24    24    84
   88    31    31    91
   89    13    13    73
   90     4     4    64
   91    14    14    74
   92    11    11    70
   93    34    34    93
   94    30    30    89
   95    35    35    94
   96    23    23    82
   97    20    20    78
   98    19    19    77
   99     6     6    64
  100    36    36    94
  101    28    28    86
  102    19    19    77
  103    41    41    99
  104    31    31    88
  105    17    17    74
  106    23    23    80
  107    35    35    92
  108    20    20    77
  109    30    30    87
  110     1     1    57
  111    16    16    72
  112     5     5    61
  113    15    15    71
  114     9     9    64
  115    26    26    81
  116    30    30    85
  117    42    42    97
  118    22    22    77
  119    20    20    75
  120    34    34    88
  121     3     3    57
  122    33    33    87
  123    41    41    95
  124    22    22    76
  125    19    19    73
  126    20    20    74
  127    18    18    72
  128    24    24    78
  129    39    39    92
  130    35    35    88
  131    26    26    79
  132    15    15    68
  133     3     3    56
  134    37    37    90
  135    19    19    72
  136    43    43    96
  137    33    33    86
  138    13    13    66
  139    35    35    88
  140    44    44    97
  141    22    22    75
  142    30    30    83
  143    33    33    85
  144    42    42    94
  145    29    29    81
  146     9     9    61
  147    22    22    73
  148    36    36    87
  149    41    41    92
  150     4     4    55
  151    48    48    98
  152    33    33    83
  153    38    38    88
  154    34    34    84
  155    49    49    99
  156    36    36    86
  157    48    48    97
  158    34    34    83
  159    27    27    76
  160    43    43    92
  161    40    40    89
  162     3     3    52
  163     1     1    49
  164    20    20    68
  165    38    38    86
  166    25    25    73
  167    30    30    78
  168     9     9    57
  169    43    43    90
  170    48    48    95
  171    34    34    81
  172    44    44    91
  173    43    43    89
  174    53    53    99
  175    30    30    76
  176    46    46    92
  177    48    48    94
  178    50    50    96
  179    16    16    62
  180    49    49    95
  181    38    38    84
  182    39    39    85
  183     3     3    49
  184    43    43    89
  185    39    39    84
  186    18    18    63
  187     9     9    54
  188    17    17    61
  189    38    38    82
  190     2     2    46
  191    38    38    81
  192    38    38    81
  193    45    45    88
  194    10    10    53
  195    52    52    95
  196    37    37    80
  197    54    54    97
  198    43    43    86
  199    34    34    77
  200    22    22    65
  201    35    35    78
  202    30    30    73
  203    33    33    76
  204    52    52    94
  205    54    54    96
  206    41    41    83
  207    38    38    80
  208    45    45    87
  209    54    54    96
  210    49    49    90
  211    49    49    90
  212    10    10    51
  213    35    35    76
  214     9     9    50
  215    49    49    90
  216    41    41    82
  217    56    56    97
  218    22    22    63
  219    26    26    67
  220    56    56    97
  221    33    33    74
  222    38    38    79
  223    57    57    97
  224    17    17    57
  225    51    51    91
  226    55    55    95
  227     9     9    49
  228    20    20    60
  229    59    59    99
  230    48    48    88
  231    52    52    92
  232    10    10    50
  233    28    28    68
  234    52    52    92
  235    41    41    80
  236    39    39    78
  237    54    54    93
  238    12    12    51
  239    35    35    74
  240    57    57    96
  241    43    43    82
  242     4     4    43
  243    11    11    50
  244    41    41    80
  245    59    59    98
  246    17    17    56
  247    26    26    65
  248    46    46    84
  249    26    26    64
  250    27    27    65
  251    53    53    91
  252    47    47    85
  253    44    44    82
  254    18    18    56
  255    40    40    78
  256     6     6    44
  257    18    18    56
  258    34    34    72
  259    43    43    81
  260     1     1    39
  261     6     6    44
  262    54    54    91
  263    41    41    78
  264     1     1    38
  265    33    33    70
  266    52    52    89
  267    57    57    94
  268    49    49    86
  269    46    46    83
  270    16    16    53
  271    60    60    96
  272    38    38    74
  273     7     7    43
  274    56    56    92
  275    26    26    62
  276    50    50    86
  277     6     6    42
  278    53    53    89
  279    22    22    58
  280    39    39    75
  281    49    49    84
  282    64    64    99
  283    49    49    84
  284    33    33    68
  285    35    35    70
  286    35    35    70
  287    26    26    61
  288    40    40    75
  289    37    37    72
  290    25    25    60
  291    61    61    96
  292    43    43    78
  293    50    50    84
  294    62    62    96
  295    37    37    71
  296    20    20    54
  297    51    51    85
  298     2     2    36
  299    33    33    67
  300    56    56    90
  301    63    63    97
  302    41    41    75
  303    10    10    44
  304    63    63    97
  305    44    44    78
  306    52    52    86
  307    55    55    89
  308    51    51    84
  309    33    33    66
  310     4     4    37
  311    49    49    82
  312    63    63    96
  313    31    31    64
  314    64    64    97
  315    23    23    56
  316    65    65    98
  317    63    63    96
  318    35    35    68
  319    13    13    46
  320    35    35    68
  321    51    51    83
  322    37    37    69
  323    42    42    74
  324    49    49    81
  325    53    53    85
  326    20    20    52
  327    38    38    70
  328    34    34    66
  329    51    51    82
  330    50    50    81
  331    52    52    83
  332    66    66    97
  333    50    50    81
  334    46    46    77
  335    64    64    95
  336    25    25    56
  337    45    45    76
  338    19    19    50
  339    17    17    47
  340     8     8    38
  341    41    41    71
  342    62    62    92
  343    48    48    78
  344    62    62    92
  345    65    65    95
  346    66    66    96
  347    65    65    95
  348    49    49    79
  349    62    62    92
  350    63    63    93
  351     4     4    34
  352    32    32    62
  353    33    33    63
  354    54    54    84
  355    46    46    75
  356    69    69    98
  357    17    17    46
  358    34    34    63
  359    33    33    62
  360    35    35    64
  361    66    66    95
  362    64    64    93
  363    59    59    87
  364    43    43    71
  365    48    48    76
  366    68    68    96
  367    21    21    49
  368    50    50    78
  369    60    60    88
  370    14    14    42
  371    27    27    55
  372     5     5    33
  373     5     5    33
  374    66    66    94
  375    61    61    89
  376    42    42    69
  377    55    55    82
  378    50    50    77
  379    61    61    88
  380    72    72    99
  381    52    52    79
  382    38    38    65
  383    31    31    58
  384    70    70    97
  385    65    65    92
  386    54    54    81
  387    14    14    41
  388     8     8    35
  389    53    53    80
  390    70    70    97
  391    53    53    79
  392    14    14    40
  393    71    71    97
  394    52    52    78
  395    50    50    76
  396    70    70    96
  397    22    22    48
  398    57    57    83
  399    57    57    83
  400    38    38    64
  401    10    10    36
  402     8     8    34
  403    28    28    54
  404    44    44    70
  405    35    35    60
  406    10    10    35
  407    54    54    79
  408     1     1    26
  409    59    59    84
  410     5     5    30
  411    20    20    45
  412    20    20    45
  413    64    64    89
  414    49    49    74
  415     7     7    32
  416    45    45    70
  417    45    45    70
  418    26    26    51
  419    18    18    42
  420    69    69    93
  421    15    15    39
  422    21    21    45
  423    66    66    90
  424    23    23    47
  425    57    57    81
  426    69    69    93
  427    74    74    98
  428    74    74    98
  429    61    61    85
  430     1     1    25
  431    25    25    49
  432    51    51    75
  433     6     6    30
  434    28    28    52
  435    72    72    95
  436     2     2    25
  437    42    42    65
  438     9     9    32
  439    34    34    57
  440     4     4    27
  441    64    64    87
  442    47    47    70
  443    18    18    41
  444    58    58    81
  445    24    24    47
  446    40    40    63
  447    46    46    68
  448    65    65    87
  449    15    15    37
  450    14    14    36
  451    45    45    67
  452    64    64    86
  453    74    74    96
  454    71    71    93
  455    73    73    95
  456    71    71    93
  457    32    32    54
  458    48    48    70
  459    74    74    96
  460    36    36    58
  461    15    15    37
  462    33    33    55
  463    50    50    71
  464    40    40    61
  465    72    72    93
  466    61    61    82
  467    66    66    87
  468    76    76    97
  469    56    56    77
  470    68    68    89
  471    57    57    78
  472    61    61    81
  473    75    75    95
  474    65    65    85
  475    59    59    79
  476    64    64    84
  477    27    27    47
  478    72    72    92
  479    46    46    66
  480    51    51    71
  481    64    64    84
  482    78    78    98
  483    76    76    96
  484    68    68    88
  485    10    10    30
  486    78    78    98
  487    44    44    64
  488    48    48    68
  489    23    23    43
  490     3     3    23
  491    65    65    84
  492    63    63    82
  493    60    60    79
  494    51    51    70
  495    56    56    75
  496    57    57    76
  497    78    78    97
  498    25    25    44
  499    79    79    98
  500    49    49    68
  501    41    41    60
  502    52    52    71
  503    47    47    66
  504    34    34    53
  505    80    80    99
  506    25    25    44
  507    54    54    72
  508    66    66    84
  509    38    38    56
  510    15    15    33
  511    79    79    97
  512    15    15    33
  513    45    45    63
  514    67    67    85
  515    76    76    94
  516    74    74    92
  517    23    23    41
  518    39    39    57
  519    40    40    58
  520    61    61    78
  521    43    43    60
  522    80    80    97
  523    53    53    70
  524    67    67    84
  525    41    41    58
  526    31    31    48
  527     8     8    25
  528    65    65    82
  529    82    82    99
  530    62    62    79
  531    81    81    98
  532    45    45    62
  533    79    79    96
  534    80    80    97
  535    72    72    89
  536    34    34    51
  537    82    82    99
  538    42    42    58
  539    80    80    96
  540    25    25    41
  541    38    38    54
  542    66    66    82
  543    64    64    80
  544    37    37    53
  545    55    55    71
  546    80    80    96
  547    66    66    82
  548    81    81    97
  549     6     6    22
  550    75    75    91
  551    78    78    94
  552    44    44    60
  553    77    77    92
  554    40    40    55
  555    69    69    84
  556    70    70    85
  557    63    63    78
  558    68    68    83
  559    63    63    78
  560    61    61    76
  561     5     5    20
  562    82    82    97
  563    13    13    28
  564    15    15    30
  565    27    27    42
  566    61    61    76
  567    78    78    93
  568    68    68    83
  569    72    72    87
  570    64    64    79
  571    29    29    44
  572    57    57    72
  573    49    49    64
  574    82    82    97
  575    82    82    97
  576    65    65    79
  577    57    57    71
  578    75    75    89
  579    46    46    60
  580    23    23    37
  581    38    38    52
  582    84    84    98
  583    47    47    61
  584    84    84    98
  585    84    84    98
  586    69    69    83
  587    79    79    93
  588    64    64    78
  589    80    80    94
  590    49    49    63
  591    74    74    88
  592    82    82    96
  593    86    86    99
  594    85    85    98
  595    34    34    47
  596    13    13    26
  597    70    70    83
  598    10    10    23
  599    13    13    26
  600    82    82    95
  601    24    24    37
  602    23    23    36
  603    65    65    78
  604    25    25    38
  605    64    64    77
  606    83    83    95
  607    82    82    94
  608    85    85    97
  609    85    85    97
  610    85    85    97
  611    66    66    78
  612    34    34    46
  613    81    81    93
  614    59    59    71
  615    78    78    90
  616    75    75    87
  617    43    43    55
  618     9     9    21
  619    44    44    56
  620    87    87    99
  621    77    77    89
  622    83    83    95
  623    67    67    79
  624    69    69    80
  625    65    65    76
  626    55    55    66
  627    62    62    73
  628    68    68    79
  629    72    72    83
  630    47    47    58
  631    87    87    98
  632    83    83    94
  633    55    55    66
  634    43    43    54
  635    68    68    79
  636    49    49    60
  637    51    51    62
  638    70    70    81
  639    77    77    88
  640    87    87    98
  641    35    35    46
  642    86    86    97
  643    88    88    99
  644    36    36    47
  645    85    85    96
  646    46    46    57
  647    56    56    67
  648    67    67    78
  649    79    79    90
  650    34    34    45
  651    82    82    93
  652    33    33    43
  653    89    89    99
  654    51    51    61
  655    69    69    79
  656    81    81    91
  657    40    40    50
  658    80    80    90
  659    80    80    90
  660    76    76    86
  661    73    73    83
  662    21    21    31
  663    64    64    74
  664    20    20    30
  665    68    68    78
  666    81    81    91
  667    74    74    84
  668    86    86    96
  669    85    85    95
  670    69    69    79
  671    80    80    90
  672    67    67    77
  673    44    44    54
  674    75    75    84
  675    37    37    46
  676    52    52    61
  677    80    80    89
  678    63    63    72
  679    53    53    62
  680    78    78    87
  681    34    34    43
  682    31    31    40
  683    30    30    39
  684    81    81    90
  685    56    56    65
  686    76    76    85
  687    84    84    93
  688    62    62    71
  689    84    84    93
  690    55    55    64
  691    51    51    60
  692    62    62    71
  693    42    42    51
  694    78    78    87
  695    85    85    94
  696    80    80    89
  697    76    76    85
  698    34    34    42
  699    86    86    94
  700    84    84    92
  701    76    76    84
  702    40    40    48
  703    65    65    73
  704    88    88    96
  705    90    90    98
  706    88    88    96
  707    91    91    99
  708    43    43    51
  709    59    59    67
  710    28    28    36
  711    73    73    81
  712    75    75    83
  713    89    89    97
  714    39    39    47
  715    61    61    69
  716    56    56    64
  717     9     9    17
  718    32    32    40
  719    82    82    90
  720    72    72    80
  721    65    65    73
  722    69    69    76
  723    78    78    85
  724    92    92    99
  725    71    71    78
  726    91    91    98
  727    68    68    75
  728     2     2     9
  729    51    51    58
  730    36    36    43
  731    90    90    97
  732    62    62    69
  733    36    36    43
  734    71    71    78
  735    77    77    84
  736    23    23    30
  737    84    84    91
  738    84    84    91
  739    92    92    99
  740    17    17    24
  741    86    86    93
  742    73    73    80
  743    90    90    97
  744    84    84    91
  745    91    91    98
  746    61    61    67
  747    92    92    98
  748    66    66    72
  749    87    87    93
  750    75    75    81
  751    82    82    88
  752    84    84    90
  753    66    66    72
  754    90    90    96
  755    93    93    99
  756    72    72    78
  757    19    19    25
  758    93    93    99
  759    79    79    85
  760    87    87    93
  761    30    30    36
  762    76    76    82
  763    10    10    16
  764    14    14    20
  765    91    91    97
  766    29    29    34
  767    92    92    97
  768    80    80    85
  769    45    45    50
  770    74    74    79
  771    50    50    55
  772    82    82    87
  773    74    74    79
  774    94    94    99
  775    85    85    90
  776    79    79    84
  777    94    94    99
  778    78    78    83
  779    90    90    95
  780    82    82    87
  781    46    46    51
  782    73    73    78
  783    33    33    38
  784    77    77    82
  785    70    70    75
  786    92    92    97
  787    22    22    27
  788    57    57    62
  789    78    78    83
  790    77    77    82
  791    85    85    90
  792    64    64    69
  793     7     7    12
  794    87    87    92
  795    91    91    96
  796    35    35    39
  797    40    40    44
  798    28    28    32
  799    41    41    45
  800    89    89    93
  801    21    21    25
  802    74    74    78
  803    84    84    88
  804    54    54    58
  805    51    51    55
  806    68    68    72
  807    28    28    32
  808    77    77    81
  809    80    80    84
  810    55    55    59
  811    69    69    73
  812    65    65    69
  813    87    87    91
  814    94    94    98
  815    52    52    56
  816    77    77    81
  817    46    46    50
  818    66    66    70
  819    86    86    90
  820    94    94    98
  821    94    94    97
  822    75    75    78
  823    96    96    99
  824    48    48    51
  825    25    25    28
  826    94    94    97
  827    86    86    89
  828    94    94    97
  829    36    36    39
  830    89    89    92
  831    96    96    99
  832    84    84    87
  833    19    19    22
  834    95    95    98
  835    73    73    76
  836    46    46    49
  837    88    88    91
  838    59    59    62
  839    77    77    80
  840    91    91    94
  841    96    96    99
  842    93    93    96
  843    87    87    90
  844    14    14    17
  845    90    90    93
  846    87    87    90
  847    90    90    93
  848     3     3     6
  849    76    76    79
  850    95    95    98
  851    86    86    89
  852    74    74    77
  853    96    96    99
  854    67    67    69
  855    92    92    94
  856    65    65    67
  857    89    89    91
  858    66    66    68
  859    75    75    77
  860    91    91    93
  861    93    93    95
  862    93    93    95
  863    97    97    99
  864    84    84    86
  865    97    97    99
  866    95    95    97
  867    65    65    67
  868    93    93    95
  869    90    90    92
  870    96    96    98
  871    67    67    69
  872    89    89    91
  873    28    28    30
  874    97    97    99
  875    52    52    54
  876    85    85    87
  877    75    75    77
  878    73    73    75
  879    15    15    17
  880    65    65    67
  881    97    97    99
  882    92    92    94
  883    91    91    92
  884    74    74    75
  885    37    37    38
  886    75    75    76
  887    96    96    97
  888    71    71    72
  889    29    29    30
  890    72    72    73
  891    98    98    99
  892    18    18    19
  893    97    97    98
  894    97    97    98
  895    86    86    87
  896    96    96    97
  897    94    94    95
  898    39    39    40
  899    93    93    94
  900    97    97    98
  901    92    92    93
  902    95    95    96
  903    52    52    53
  904    33    33    34
  905    97    97    98
  906    98    98    99
  907    29    29    30
  908    92    92    93
  909    98    98    99
  910    92    92    93
  911    94    94    95
  912    18    18    19
  913    89    89    90
  914    45    45    46
  915    90    90    91
  916    97    97    98
  917    98    98    99
  918    83    83    84
  919    98    98    99
  920    98    98    99
  921    96    96    97
  922    86    86    87
  923    85    85    86
  924    82    82    83
  925    76    76    77
  926    64    64    65
  927    91    91    92
  928    77    77    78
  929    86    86    87
  930    90    90    91
  931    99    99    99
  932    94    94    94
  933    94    94    94
  934    68    68    68
  935    83    83    83
  936    98    98    98
  937    86    86    86
  938    91    91    91
  939    98    98    98
  940    99    99    99
  941    65    65    65
  942    98    98    98
  943    94    94    94
  944   100   100   100
  945     2     2     2
  946    45    45    45
  947    98    98    98
  948    99    99    99
  949    75    75    75
  950   100   100   100
  951    73    73    73
  952    98    98    98
  953    97    97    97
  954     1     1     1
  955   100   100   100
  956    43    43    43
  957    95    95    95
  958    93    93    93
  959    42    42    42
  960    96    96    96
  961    99    99    99
  962    99    99    99
  963    78    78    78
  964    99    99    99
  965    89    89    89
  966    91    91    91
  967    73    73    73
  968    99    99    99
  969    98    98    98
  970    84    84    84
  971    98    98    98
  972    90    90    90
  973    96    96    96
  974    99    99    99
  975   100   100   100
  976    62    62    62
  977    97    97    97
  978    98    98    98
  979    97    97    97
  980    88    88    88
  981    46    46    46
  982    75    75    75
  983   100   100   100
  984    99    99    99
  985    62    62    62
  986    92    92    92
  987    80    80    80
  988    98    98    98
  989    51    51    51
  990    50    50    50
  991    99    99    99
  992    88    88    88
  993    91    91    91
  994   100   100   100
  995    78    78    78
  996    99    99    99
  997    74    74    74
  998    87    87    87
  999    27    27    27
  100