  500
    0     3    13    97
    1    11    21    98
    2     2    12    86
    3     4    14    88
    4    18    28    99
    5    15    25    95
    6    19    29    99
    7     9    19    88
    8    15    25    94
    9    12    22    89
   10    14    24    91
   11    16    26    93
   12    19    29    95
   13     4    14    80
   14    15    25    91
   15     9    19    85
   16     8    18    84
   17     9    19    84
   18     9    19    84
   19    12    22    86
   20    23    33    97
   21    23    33    96
   22     3    13    75
   23    17    27    89
   24    17    27    89
   25    26    36    96
   26     9    19    79
   27    20    30    89
   28    14    24    83
   29     9    19    78
   30    31    41    99
   31    20    30    88
   32    20    30    88
   33    12    22    79
   34    21    31    88
   35    33    43    99
   36    31    41    96
   37    34    44    98
   38    22    32    86
   39     7    17    71
   40    29    39    93
   41    22    32    85
   42    36    46    98
   43    14    24    76
   44    28    38    89
   45    35    45    96
   46    37    47    98
   47    36    46    96
   48    36    46    96
   49    40    50    99
   50    12    22    71
   51    19    29    78
   52    23    33    82
   53    17    27    75
   54    34    44    92
   55    29    39    86
   56    23    33    80
   57    14    24    71
   58    42    52    99
   59    22    32    78
   60    25    35    81
   61     1    11    57
   62    26    36    82
   63    43    53    99
   64    43    53    98
   65    24    34    79
   66    15    25    69
   67    44    54    98
   68    16    26    69
   69    12    22    65
   70    38    48    91
   71     5    15    57
   72    18    28    70
   73    38    48    89
   74    48    58    99
   75    46    56    97
   76    45    55    95
   77     3    13    53
   78    10    20    60
   79    36    46    86
   80    39    49    89
   81    12    22    62
   82    38    48    88
   83    21    31    70
   84    23    33    72
   85     6    16    55
   86    16    26    65
   87    49    59    98
   88    21    31    69
   89     3    13    51
   90    32    42    79
   91    47    57    94
   92    10    20    57
   93     7    17    53
   94    37    47    83
   95    22    32    68
   96    27    37    73
   97    11    21    57
   98    52    62    98
   99     8    18    53
  100    19    29    64
  101    45    55    90
  102    35    45    80
  103    26    36    71
  104    36    46    80
  105    34    44    78
  106     3    13    47
  107    22    32    66
  108    38    48    82
  109    17    27    61
  110    37    47    81
  111    31    41    74
  112    37    47    80
  113    19    29    62
  114    47    57    90
  115     8    18    51
  116    19    29    62
  117    33    43    75
  118    11    21    53
  119    50    60    92
  120    48    58    90
  121    33    43    74
  122    32    42    73
  123    13    23    54
  124    42    52    82
  125    55    65    95
  126    34    44    74
  127    29    39    69
  128    50    60    90
  129    49    59    88
  130    31    41    70
  131    58    68    96
  132    43    53    81
  133    24    34    62
  134    56    66    94
  135     6    16    43
  136    54    64    91
  137    18    28    55
  138    12    22    49
  139    62    72    99
  140    30    40    67
  141    52    62    89
  142    59    69    96
  143    21    31    58
  144    58    68    95
  145     2    12    39
  146    49    59    86
  147    24    34    60
  148    11    21    47
  149    24    34    60
  150    18    28    54
  151    31    41    67
  152    56    66    92
  153    54    64    90
  154    55    65    91
  155    12    22    47
  156    38    48    73
  157    61    71    96
  158    59    69    94
  159    64    74    99
  160    46    56    81
  161    56    66    91
  162    55    65    90
  163    27    37    61
  164    59    69    93
  165    42    52    76
  166    44    54    78
  167    65    75    99
  168    35    45    69
  169    22    32    56
  170    46    56    79
  171    50    60    83
  172    66    76    99
  173    10    20    43
  174    53    63    86
  175    54    64    87
  176    31    41    63
  177    56    66    88
  178    20    30    52
  179    64    74    96
  180    47    57    79
  181    28    38    60
  182    65    75    97
  183     2    12    34
  184    13    23    44
  185    51    61    82
  186    68    78    99
  187    32    42    63
  188    68    78    99
  189     3    13    34
  190    64    74    95
  191    51    61    81
  192    67    77    97
  193    66    76    96
  194    29    39    59
  195    31    41    61
  196    67    77    97
  197    68    78    98
  198    55    65    84
  199    65    75    94
  200    31    41    60
  201    65    75    94
  202    56    66    85
  203    40    50    68
  204    40    50    68
  205    71    81    99
  206    53    63    81
  207    57    67    85
  208    16    26    44
  209    58    68    86
  210     1    11    29
  211    27    37    55
  212    66    76    93
  213    65    75    92
  214    19    29    46
  215     8    18    35
  216    60    70    87
  217    40    50    67
  218    61    71    88
  219    60    70    87
  220    64    74    91
  221    16    26    43
  222    58    68    84
  223    34    44    60
  224    58    68    84
  225    33    43    59
  226    70    80    96
  227    46    56    72
  228    63    73    89
  229    61    71    87
  230     8    18    34
  231    67    77    93
  232    46    56    71
  233    12    22    37
  234    50    60    75
  235    24    34    49
  236    30    40    55
  237    20    30    45
  238    61    71    86
  239    24    34    49
  240    68    78    93
  241    37    47    62
  242    74    84    99
  243    52    62    77
  244    52    62    77
  245    50    60    74
  246    73    83    97
  247    75    85    99
  248    72    82    96
  249    58    68    82
  250    20    30    44
  251    58    68    82
  252    53    63    76
  253     8    18    31
  254    65    75    88
  255    66    76    89
  256    70    80    93
  257    74    84    97
  258    32    42    55
  259    61    71    83
  260    69    79    91
  261    70    80    92
  262    38    48    60
  263    76    86    98
  264    52    62    74
  265    59    69    81
  266    17    27    39
  267    66    76    87
  268    58    68    79
  269    42    52    63
  270    26    36    47
  271    48    58    69
  272    65    75    86
  273    54    64    75
  274    59    69    80
  275    19    29    40
  276    70    80    91
  277    54    64    74
  278    58    68    78
  279    28    38    48
  280    71    81    91
  281    49    59    69
  282    55    65    75
  283    29    39    49
  284     9    19    29
  285    63    73    83
  286    73    83    93
  287    44    54    64
  288    50    60    70
  289    30    40    50
  290    76    86    95
  291    73    83    92
  292    15    25    34
  293    74    84    93
  294    66    76    85
  295    35    45    54
  296    54    64    73
  297    28    38    47
  298    77    87    96
  299    80    90    98
  300    80    90    98
  301    65    75    83
  302    51    61    69
  303     5    15    23
  304    72    82    90
  305    24    34    42
  306    76    86    94
  307    25    35    43
  308    67    77    85
  309    62    72    80
  310    66    76    84
  311    79    89    97
  312    67    77    85
  313    42    52    60
  314    67    77    85
  315     2    12    20
  316    79    89    97
  317    81    91    98
  318    25    35    42
  319    74    84    91
  320    46    56    63
  321    44    54    61
  322    73    83    90
  323    78    88    95
  324    59    69    76
  325    15    25    32
  326    76    86    93
  327    72    82    89
  328    78    88    95
  329    79    89    96
  330    27    37    44
  331    32    42    49
  332    77    87    93
  333    75    85    91
  334    80    90    96
  335    81    91    97
  336    82    92    98
  337    55    65    71
  338    19    29    35
  339    71    81    87
  340    83    93    99
  341    81    91    97
  342    79    89    95
  343    83    93    99
  344    82    92    98
  345    45    55    61
  346    76    86    92
  347    78    88    94
  348    84    94    99
  349    83    93    98
  350    53    63    68
  351    52    62    67
  352    82    92    97
  353    66    76    81
  354    76    86    91
  355    48    58    63
  356    63    73    78
  357    56    66    71
  358    58    68    73
  359    60    70    75
  360    80    90    95
  361    82    92    97
  362    64    74    79
  363    39    49    53
  364    57    67    71
  365    84    94    98
  366    73    83    87
  367    32    42    46
  368    65    75    79
  369    44    54    58
  370    54    64    68
  371    16    26    30
  372    52    62    66
  373    19    29    33
  374    67    77    81
  375    82    92    96
  376    45    55    59
  377    12    22    25
  378    85    95    98
  379    85    95    98
  380    65    75    78
  381    40    50    53
  382    77    87    90
  383    83    93    96
  384    86    96    99
  385    10    20    23
  386    78    88    91
  387    85    95    98
  388    82    92    95
  389    84    94    97
  390    39    49    51
  391    23    33    35
  392    63    73    75
  393    58    68    70
  394    65    75    77
  395    71    81    83
  396    84    94    96
  397    83    93    95
  398    38    48    50
  399    87    97    99
  400    70    80    82
  401    70    80    82
  402    49    59    61
  403    73    83    85
  404    83    93    95
  405    87    97    99
  406    57    67    69
  407    63    73    75
  408    80    90    92
  409    84    94    96
  410    83    93    94
  411    70    80    81
  412     2    12    13
  413    48    58    59
  414    64    74    75
  415    86    96    97
  416    88    98    99
  417    25    35    36
  418    87    97    98
  419    77    87    88
  420    84    94    95
  421    87    97    98
  422    96   100   100
  423    91   100   100
  424    93   100   100
  425    93   100   100
  426    77    87    87
  427    88    98    98
  428    95   100   100
  429    89    99    99
  430    86    96    96
  431    97   100   100
  432    85    95    95
  433    89    99    99
  434    93   100   100
  435    92   100   100
  436    78    88    88
  437    90   100   100
  438    94   100   100
  439    99   100   100
  440    96   100   100
  441    96   100   100
  442    89    99    99
  443    94   100   100
  444    94   100   100
  445    92   100   100
  446    98   100   100
  447    78    88    88
  448    48    58    58
  449    95   100   100
  450    91   100   100
  451    89    99    99
  452    87    97    97
  453    91   100   100
  454    98   100   100
  455    94   100   100
  456    89    99    99
  457    96   100   100
  458    96   100   100
  459    81    91    91
  460    99   100   100
  461    87    97    97
  462    93   100   100
  463    91   100   100
  464    97   100   100
  465    99   100   100
  466   100   100   100
  467    96   100   100
  468    90   100   100
  469    92   100   100
  470    46    56    56
  471    99   100   100
  472    98   100   100
  473    98   100   100
  474    98   100   100
  475    90   100   100
  476    99   100   100
  477    82    92    92
  478    93   100   100
  479    94   100   100
  480    77    87    87
  481    91   100   100
  482    96   100   100
  483    91   100   100
  484    92   100   100
  485    97   100   100
  486    94   100   100
  487    76    86    86
  488    90   100   100
  489    96   100   100
  490    97   100   100
  491    43    53    53
  492    98   100   100
  493    90   100   100
  494   100   100   100
  495    85    95    95
  496   100   100   100
  497    99   100   100
  498    99   100   100
  499    91   100   100
  100