 1000
    0    14     4    98
    1    12     2    92
    2    17     7    96
    3    16     6    94
    4    12     2    90
    5    18     8    95
    6    21    11    96
    7    17     7    92
    8    23    13    98
    9    13     3    87
   10    17     7    91
   11    16     6    89
   12    19     9    91
   13    21    11    93
   14    19     9    90
   15    21    11    92
   16    28    18    98
   17    17     7    87
   18    30    20    99
   19    26    16    93
   20    15     5    81
   21    27    17    93
   22    12     2    78
   23    12     2    78
   24    26    16    92
   25    30    20    96
   26    21    11    87
   27    27    17    93
   28    12     2    77
   29    33    23    98
   30    12     2    77
   31    22    12    86
   32    35    25    98
   33    24    14    86
   34    36    26    97
   35    33    23    94
   36    14     4    74
   37    31    21    91
   38    38    28    98
   39    20    10    80
   40    21    11    80
   41    39    29    98
   42    39    29    97
   43    36    26    94
   44    30    20    88
   45    12     2    69
   46    28    18    85
   47    29    19    86
   48    16     6    72
   49    15     5    71
   50    28    18    84
   51    37    27    93
   52    41    31    97
   53    40    30    96
   54    22    12    77
   55    32    22    87
   56    11     1    66
   57    27    17    82
   58    32    22    87
   59    26    16    80
   60    41    31    95
   61    31    21    85
   62    33    23    87
   63    29    19    82
   64    21    11    74
   65    25    15    78
   66    35    25    88
   67    32    22    85
   68    20    10    73
   69    45    35    97
   70    47    37    99
   71    16     6    67
   72    22    12    73
   73    18     8    69
   74    43    33    94
   75    15     5    66
   76    39    29    90
   77    20    10    70
   78    38    28    88
   79    49    39    99
   80    32    22    82
   81    44    34    94
   82    40    30    89
   83    34    24    83
   84    14     4    63
   85    13     3    61
   86    28    18    76
   87    33    23    81
   88    22    12    69
   89    45    35    92
   90    16     6    63
   91    27    17    74
   92    36    26    83
   93    52    42    98
   94    47    37    93
   95    52    42    98
   96    45    35    91
   97    53    43    98
   98    53    43    98
   99    13     3    58
  100    47    37    92
  101    26    16    71
  102    52    42    97
  103    34    24    79
  104    21    11    65
  105    51    41    95
  106    14     4    58
  107    12     2    56
  108    27    17    71
  109    41    31    84
  110    48    38    91
  111    19     9    62
  112    30    20    73
  113    53    43    96
  114    45    35    88
  115    48    38    90
  116    16     6    58
  117    48    38    90
  118    16     6    57
  119    50    40    91
  120    30    20    71
  121    42    32    83
  122    49    39    90
  123    42    32    83
  124    24    14    65
  125    38    28    79
  126    44    34    84
  127    14     4    54
  128    58    48    98
  129    55    45    95
  130    52    42    92
  131    25    15    65
  132    47    37    87
  133    41    31    80
  134    24    14    63
  135    36    26    75
  136    51    41    90
  137    39    29    78
  138    60    50    99
  139    55    45    94
  140    13     3    52
  141    20    10    59
  142    19     9    57
  143    12     2    50
  144    15     5    53
  145    39    29    77
  146    39    29    77
  147    60    50    97
  148    23    13    60
  149    28    18    65
  150    13     3    50
  151    22    12    59
  152    44    34    81
  153    28    18    65
  154    53    43    90
  155    40    30    77
  156    50    40    86
  157    25    15    61
  158    38    28    74
  159    62    52    98
  160    39    29    75
  161    40    30    76
  162    12     2    48
  163    62    52    98
  164    26    16    62
  165    54    44    89
  166    64    54    99
  167    63    53    98
  168    18     8    53
  169    39    29    74
  170    47    37    82
  171    12     2    47
  172    55    45    90
  173    54    44    89
  174    55    45    90
  175    33    23    67
  176    49    39    83
  177    50    40    84
  178    56    46    90
  179    39    29    73
  180    22    12    56
  181    54    44    88
  182    11     1    45
  183    54    44    88
  184    42    32    76
  185    36    26    70
  186    28    18    61
  187    62    52    95
  188    33    23    66
  189    48    38    81
  190    41    31    74
  191    14     4    47
  192    58    48    91
  193    42    32    74
  194    53    43    85
  195    22    12    54
  196    19     9    51
  197    45    35    77
  198    48    38    80
  199    22    12    54
  200    34    24    65
  201    21    11    52
  202    44    34    75
  203    14     4    45
  204    44    34    75
  205    28    18    59
  206    31    21    62
  207    40    30    70
  208    37    27    67
  209    38    28    68
  210    24    14    54
  211    68    58    98
  212    49    39    79
  213    68    58    98
  214    50    40    80
  215    58    48    88
  216    63    53    93
  217    68    58    97
  218    35    25    64
  219    38    28    67
  220    70    60    99
  221    60    50    89
  222    19     9    48
  223    19     9    48
  224    57    47    86
  225    19     9    48
  226    53    43    82
  227    67    57    96
  228    56    46    85
  229    43    33    72
  230    44    34    72
  231    66    56    94
  232    69    59    97
  233    37    27    65
  234    65    55    93
  235    20    10    48
  236    51    41    79
  237    67    57    95
  238    69    59    97
  239    57    47    85
  240    54    44    82
  241    32    22    60
  242    18     8    45
  243    63    53    90
  244    55    45    82
  245    16     6    43
  246    30    20    57
  247    59    49    86
  248    49    39    76
  249    53    43    80
  250    23    13    50
  251    22    12    49
  252    29    19    56
  253    71    61    98
  254    61    51    88
  255    52    42    79
  256    41    31    67
  257    44    34    70
  258    33    23    59
  259    18     8    44
  260    55    45    81
  261    72    62    98
  262    67    57    93
  263    24    14    50
  264    64    54    90
  265    59    49    84
  266    53    43    78
  267    30    20    55
  268    50    40    75
  269    73    63    98
  270    54    44    79
  271    69    59    94
  272    56    46    81
  273    72    62    97
  274    47    37    71
  275    43    33    67
  276    39    29    63
  277    71    61    95
  278    74    64    98
  279    41    31    65
  280    73    63    97
  281    32    22    56
  282    57    47    81
  283    71    61    95
  284    39    29    63
  285    48    38    72
  286    31    21    55
  287    39    29    62
  288    55    45    78
  289    69    59    92
  290    68    58    91
  291    29    19    52
  292    76    66    99
  293    53    43    76
  294    76    66    99
  295    66    56    89
  296    39    29    62
  297    74    64    97
  298    71    61    94
  299    76    66    99
  300    64    54    87
  301    59    49    82
  302    75    65    98
  303    52    42    74
  304    62    52    84
  305    21    11    43
  306    49    39    71
  307    14     4    36
  308    46    36    68
  309    74    64    96
  310    45    35    67
  311    60    50    82
  312    77    67    99
  313    41    31    63
  314    14     4    36
  315    76    66    98
  316    50    40    72
  317    70    60    92
  318    24    14    45
  319    17     7    38
  320    54    44    75
  321    72    62    93
  322    18     8    39
  323    47    37    68
  324    78    68    99
  325    45    35    66
  326    70    60    91
  327    26    16    46
  328    49    39    69
  329    58    48    78
  330    78    68    98
  331    46    36    66
  332    70    60    90
  333    57    47    77
  334    61    51    81
  335    65    55    85
  336    78    68    98
  337    29    19    49
  338    19     9    39
  339    44    34    64
  340    69    59    88
  341    77    67    96
  342    35    25    54
  343    62    52    81
  344    78    68    97
  345    79    69    98
  346    22    12    41
  347    57    47    76
  348    76    66    95
  349    62    52    81
  350    65    55    84
  351    65    55    84
  352    57    47    76
  353    27    17    45
  354    15     5    33
  355    72    62    90
  356    28    18    46
  357    33    23    51
  358    62    52    80
  359    65    55    83
  360    72    62    90
  361    27    17    45
  362    63    53    81
  363    62    52    80
  364    77    67    95
  365    68    58    86
  366    45    35    62
  367    69    59    86
  368    59    49    76
  369    16     6    33
  370    61    51    78
  371    80    70    97
  372    79    69    96
  373    48    38    65
  374    28    18    45
  375    35    25    51
  376    60    50    76
  377    30    20    46
  378    57    47    73
  379    66    56    82
  380    68    58    84
  381    34    24    50
  382    79    69    95
  383    26    16    42
  384    16     6    32
  385    67    57    83
  386    48    38    64
  387    83    73    99
  388    79    69    95
  389    55    45    71
  390    36    26    52
  391    45    35    60
  392    79    69    94
  393    74    64    89
  394    49    39    64
  395    50    40    65
  396    73    63    88
  397    61    51    76
  398    56    46    71
  399    45    35    60
  400    43    33    58
  401    70    60    84
  402    28    18    42
  403    78    68    92
  404    68    58    82
  405    83    73    97
  406    19     9    33
  407    45    35    59
  408    57    47    70
  409    61    51    74
  410    19     9    32
  411    85    75    98
  412    32    22    45
  413    26    16    39
  414    41    31    54
  415    31    21    44
  416    25    15    38
  417    56    46    69
  418    80    70    93
  419    49    39    62
  420    62    52    75
  421    31    21    44
  422    32    22    45
  423    53    43    66
  424    46    36    59
  425    55    45    68
  426    80    70    93
  427    26    16    38
  428    84    74    96
  429    44    34    56
  430    86    76    98
  431    72    62    84
  432    57    47    69
  433    86    76    98
  434    47    37    59
  435    28    18    40
  436    67    57    79
  437    72    62    84
  438    73    63    85
  439    55    45    67
  440    66    56    78
  441    81    71    93
  442    42    32    54
  443    28    18    40
  444    84    74    96
  445    70    60    82
  446    67    57    78
  447    42    32    53
  448    37    27    48
  449    31    21    42
  450    88    78    99
  451    76    66    87
  452    41    31    52
  453    50    40    61
  454    80    70    91
  455    59    49    70
  456    88    78    99
  457    63    53    74
  458    87    77    98
  459    11     1    22
  460    72    62    83
  461    64    54    75
  462    68    58    79
  463    87    77    97
  464    69    59    79
  465    45    35    55
  466    32    22    42
  467    52    42    62
  468    69    59    79
  469    28    18    38
  470    45    35    55
  471    81    71    91
  472    85    75    95
  473    53    43    63
  474    34    24    44
  475    48    38    57
  476    59    49    68
  477    72    62    81
  478    18     8    27
  479    13     3    22
  480    74    64    83
  481    56    46    65
  482    87    77    96
  483    83    73    92
  484    43    33    52
  485    44    34    53
  486    84    74    93
  487    25    15    34
  488    87    77    96
  489    70    60    79
  490    82    72    91
  491    89    79    98
  492    41    31    50
  493    82    72    91
  494    39    29    48
  495    90    80    99
  496    63    53    72
  497    86    76    95
  498    20    10    28
  499    86    76    94
  500    81    71    89
  501    85    75    93
  502    87    77    95
  503    49    39    57
  504    33    23    41
  505    59    49    67
  506    76    66    84
  507    90    80    97
  508    61    51    68
  509    75    65    82
  510    89    79    96
  511    81    71    88
  512    76    66    83
  513    39    29    46
  514    70    60    77
  515    74    64    81
  516    40    30    47
  517    77    67    84
  518    90    80    97
  519    78    68    85
  520    90    80    97
  521    83    73    90
  522    53    43    59
  523    77    67    83
  524    31    21    37
  525    35    25    41
  526    93    83    99
  527    59    49    65
  528    87    77    93
  529    81    71    87
  530    56    46    62
  531    66    56    72
  532    16     6    22
  533    35    25    41
  534    50    40    56
  535    59    49    64
  536    54    44    59
  537    75    65    80
  538    67    57    72
  539    64    54    69
  540    86    76    91
  541    90    80    95
  542    62    52    67
  543    88    78    93
  544    93    83    98
  545    81    71    86
  546    43    33    48
  547    51    41    56
  548    71    61    76
  549    16     6    21
  550    91    81    96
  551    54    44    59
  552    86    76    91
  553    28    18    33
  554    61    51    66
  555    79    69    84
  556    69    59    73
  557    47    37    51
  558    77    67    81
  559    44    34    48
  560    58    48    62
  561    92    82    96
  562    70    60    74
  563    92    82    96
  564    60    50    64
  565    79    69    83
  566    58    48    62
  567    66    56    70
  568    86    76    90
  569    89    79    93
  570    92    82    96
  571    92    82    96
  572    70    60    74
  573    46    36    50
  574    68    58    72
  575    66    56    69
  576    84    74    87
  577    93    83    96
  578    76    66    79
  579    93    83    96
  580    90    80    93
  581    67    57    70
  582    67    57    70
  583    35    25    38
  584    60    50    63
  585    95    85    98
  586    87    77    90
  587    19     9    22
  588    87    77    90
  589    80    70    83
  590    22    12    25
  591    84    74    87
  592    96    86    99
  593    96    86    99
  594    72    62    75
  595    91    81    94
  596    65    55    68
  597    69    59    72
  598    86    76    89
  599    84    74    87
  600    41    31    44
  601    94    84    96
  602    87    77    89
  603    95    85    97
  604    59    49    61
  605    29    19    31
  606    73    63    75
  607    81    71    83
  608    82    72    84
  609    42    32    44
  610    65    55    67
  611    95    85    97
  612    28    18    30
  613    94    84    96
  614    33    23    35
  615    55    45    57
  616    84    74    86
  617    61    51    63
  618    91    81    93
  619    36    26    38
  620    32    22    34
  621    60    50    62
  622    82    72    84
  623    86    76    88
  624    91    81    92
  625    92    82    93
  626    90    80    91
  627    81    71    82
  628    90    80    91
  629    11     1    12
  630    85    75    86
  631    59    49    60
  632    52    42    53
  633    74    64    75
  634    91    81    92
  635    63    53    64
  636    42    32    43
  637    87    77    88
  638    57    47    58
  639    94    84    95
  640    95    85    96
  641    45    35    46
  642    28    18    29
  643    90    80    91
  644    57    47    58
  645    72    62    73
  646    95    85    95
  647    77    67    77
  648    96    86    96
  649    82    72    82
  650    70    60    70
  651    17     7    17
  652    95    85    95
  653    94    84    94
  654    25    15    25
  655    86    76    86
  656    49    39    49
  657    94    84    94
  658    40    30    40
  659    99    89    99
  660    11     1    11
  661    98    88    98
  662    59    49    59
  663    42    32    42
  664    98    88    98
  665    73    63    73
  666    88    78    88
  667    86    76    85
  668    35    25    34
  669    92    82    91
  670    86    76    85
  671    96    86    95
  672    99    89    98
  673    15     5    14
  674    96    86    95
  675    49    39    48
  676   100    90    99
  677    95    85    94
  678    77    67    76
  679    68    58    67
  680    76    66    75
  681    76    66    75
  682    71    61    70
  683    46    36    45
  684    87    77    86
  685   100    90    99
  686   100    90    99
  687    36    26    35
  688    78    68    76
  689    66    56    64
  690    95    85    93
  691    66    56    64
  692    51    41    49
  693    49    39    47
  694    91    81    89
  695    53    43    51
  696    57    47    55
  697    91    81    89
  698   100    90    98
  699    53    43    51
  700    61    51    59
  701    48    38    46
  702    66    56    64
  703    81    71    79
  704   101    91    99
  705    25    15    23
  706    23    13    21
  707    95    85    93
  708    69    59    67
  709    99    89    97
  710    87    77    85
  711    71    61    69
  712   101    91    99
  713    70    60    68
  714    25    15    22
  715    92    82    89
  716    55    45    52
  717    44    34    41
  718    32    22    29
  719    39    29    36
  720    31    21    28
  721    72    62    69
  722    94    84    91
  723    66    56    63
  724    94    84    91
  725   101    91    98
  726    49    39    46
  727    99    89    96
  728    88    78    85
  729    95    85    92
  730    55    45    52
  731    95    85    92
  732    94    84    90
  733    52    42    48
  734    83    73    79
  735    95    85    91
  736    29    19    25
  737    96    86    92
  738    15     5    11
  739    23    13    19
  740    83    73    79
  741    96    86    92
  742    97    87    93
  743    94    84    90
  744    78    68    74
  745    68    58    64
  746   102    92    98
  747    89    79    85
  748    97    87    93
  749    97    87    93
  750    67    57    63
  751    76    66    72
  752    35    25    31
  753    95    85    91
  754    93    83    89
  755    93    83    89
  756    79    69    74
  757    87    77    82
  758    85    75    80
  759   103    93    98
  760    33    23    28
  761    91    81    86
  762    39    29    34
  763    80    70    75
  764   100    90    95
  765   104    94    99
  766    63    53    58
  767    25    15    20
  768    86    76    81
  769    63    53    58
  770    98    88    93
  771    95    85    90
  772    80    70    75
  773    67    57    62
  774   104    94    99
  775   104    94    99
  776    94    84    89
  777    16     6    11
  778    38    28    33
  779    39    29    34
  780    93    83    88
  781    21    11    16
  782    90    80    85
  783    25    15    19
  784    41    31    35
  785   103    93    97
  786    76    66    70
  787    77    67    71
  788    57    47    51
  789    49    39    43
  790    79    69    73
  791    91    81    85
  792   102    92    96
  793    88    78    82
  794   105    95    99
  795    81    71    75
  796    73    63    67
  797    70    60    64
  798    86    76    80
  799    77    67    71
  800   100    90    94
  801    75    65    69
  802    91    81    85
  803    79    69    73
  804    36    26    30
  805   102    92    96
  806    92    82    86
  807    74    64    68
  808   103    93    97
  809    65    55    59
  810    73    63    67
  811   104    94    98
  812    45    35    39
  813   101    91    95
  814    98    88    92
  815    42    32    36
  816    21    11    15
  817    89    79    83
  818   105    95    99
  819    72    62    66
  820    77    67    71
  821   100    90    93
  822    88    78    81
  823    79    69    72
  824    75    65    68
  825    53    43    46
  826   105    95    98
  827    92    82    85
  828    44    34    37
  829   106    96    99
  830    62    52    55
  831    48    38    41
  832   100    90    93
  833    99    89    92
  834   100    90    93
  835   103    93    96
  836    87    77    80
  837    94    84    87
  838    71    61    64
  839   101    91    94
  840    43    33    36
  841   106    96    99
  842   105    95    98
  843   102    92    95
  844    22    12    15
  845   104    94    97
  846    85    75    78
  847    56    46    49
  848    72    62    65
  849    93    83    86
  850    15     5     8
  851   102    92    95
  852   106    96    99
  853   100    90    93
  854   106    96    99
  855    65    55    57
  856   106    96    98
  857    81    71    73
  858    98    88    90
  859    84    74    76
  860   106    96    98
  861    31    21    23
  862    25    15    17
  863    84    74    76
  864    29    19    21
  865    86    76    78
  866    88    78    80
  867    92    82    84
  868   100    90    92
  869    65    55    57
  870    80    70    72
  871    78    68    70
  872    30    20    22
  873   106    96    98
  874   104    94    96
  875    14     4     6
  876   105    95    97
  877    99    89    91
  878    99    89    91
  879   100    90    92
  880   107    97    99
  881    99    89    91
  882    81    71    73
  883    88    78    80
  884   107    97    99
  885    92    82    84
  886   103    93    95
  887    34    24    26
  888   101    91    93
  889    60    50    52
  890   106    96    97
  891   105    95    96
  892    19     9    10
  893    25    15    16
  894    99    89    90
  895   103    93    94
  896   106    96    97
  897    39    29    30
  898    56    46    47
  899   108    98    99
  900   106    96    97
  901    62    52    53
  902    87    77    78
  903    56    46    47
  904    52    42    43
  905    99    89    90
  906    74    64    65
  907   106    96    97
  908    63    53    54
  909    14     4     5
  910   106    96    97
  911    96    86    87
  912    98    88    89
  913   107    97    98
  914   106    96    97
  915    77    67    68
  916    34    24    25
  917   108    98    99
  918    82    72    73
  919   103    93    94
  920   100    90    91
  921    84    74    75
  922    78    68    69
  923    36    26    27
  924   102    92    93
  925   104    94    95
  926    64    54    55
  927   106    96    97
  928   107    97    98
  929   108    98    99
  930   108    98    99
  931   107    97    98
  932   107    97    98
  933   104    94    94
  934   110   100   100
  935   106    96    96
  936    32    22    22
  937   109    99    99
  938   109    99    99
  939   103    93    93
  940   108    98    98
  941   107    97    97
  942   110   100   100
  943   109    99    99
  944   107    97    97
  945   107    97    97
  946   103    93    93
  947    84    74    74
  948    93    83    83
  949   109    99    99
  950   110   100   100
  951   109    99    99
  952   106    96    96
  953   109    99    99
  954    77    67    67
  955   107    97    97
  956    74    64    64
  957    59    49    49
  958    81    71    71
  959   107    97    97
  960   108    98    98
  961   104    94    94
  962   109    99    99
  963   108    98    98
  964    19     9     9
  965   109    99    99
  966    78    68    68
  967   107    97    97
  968   109    99    99
  969    48    38    38
  970   108    98    98
  971   107    97    97
  972    97    87    87
  973   105    95    95
  974   103    93    93
  975    49    39    39
  976    83    73    73
  977   110   100   100
  978   110   100   100
  979    47    37    37
  980   110   100   100
  981   103    93    93
  982   110   100   100
  983   106    96    96
  984    29    19    19
  985   105    95    95
  986    94    84    84
  987   110   100   100
  988   108    98    98
  989    96    86    86
  990    97    87    87
  991    92    82    82
  992    26    16    16
  993    99    89    89
  994   104    94    94
  995   110   100   100
  996    98    88    88
  997   106    96    96
  998   104    94    94
  999   110   100   100
  100