  100
    0    11     1    84
    1    26    16    95
    2    27    17    87
    3    25    15    83
    4    27    17    84
    5    48    38    99
    6    47    37    93
    7    22    12    67
    8    27    17    72
    9    55    45    99
   10    49    39    92
   11    51    41    88
   12    38    28    72
   13    54    44    87
   14    49    39    81
   15    34    24    65
   16    64    54    95
   17    38    28    68
   18    65    55    93
   19    51    41    78
   20    56    46    83
   21    70    60    95
   22    47    37    70
   23    76    66    99
   24    66    56    89
   25    75    65    98
   26    68    58    89
   27    69    59    90
   28    45    35    66
   29    48    38    69
   30    30    20    51
   31    11     1    31
   32    37    27    56
   33    70    60    89
   34    26    16    44
   35    49    39    66
   36    73    63    90
   37    74    64    91
   38    70    60    86
   39    68    58    82
   40    50    40    63
   41    23    13    35
   42    37    27    48
   43    26    16    37
   44    59    49    70
   45    79    69    89
   46    44    34    54
   47    17     7    27
   48    86    76    96
   49    52    42    61
   50    70    60    79
   51    74    64    82
   52    62    52    67
   53    90    80    95
   54    63    53    68
   55    40    30    45
   56    17     7    21
   57    69    59    73
   58    64    54    67
   59    46    36    49
   60    28    18    30
   61    75    65    77
   62    36    26    38
   63    94    84    95
   64    47    37    48
   65    47    37    48
   66    56    46    57
   67    42    32    41
   68    87    77    86
   69    99    89    98
   70    90    80    88
   71    69    59    67
   72    97    87    95
   73   101    91    98
   74    62    52    58
   75    67    57    63
   76    75    65    71
   77    86    76    82
   78   102    92    98
   79    76    66    70
   80    51    41    45
   81    28    18    22
   82    49    39    43
   83    91    81    85
   84    71    61    65
   85    79    69    72
   86   101    91    94
   87   105    95    97
   88    12     2     4
   89    65    55    57
   90    98    88    90
   91    54    44    46
   92    94    84    85
   93   103    93    94
   94    86    76    77
   95    95    85    86
   96   110   100   100
   97   108    98    98
   98   105    95    95
   99   110   100   100
  100