  100
    0     1     1    94
    1    25    21    97
    2     8    18    88
    3     9     5    75
    4    20    29    95
    5    37    36    98
    6    29    22    83
    7    39    31    91
    8    24    15    74
    9     8    10    67
   10    32    38    95
   11    16    15    71
   12     1     8    62
   13    54    47    98
   14    37    34    85
   15    45    49    97
   16    38    31    79
   17     1     2    50
   18    28    36    81
   19    22    16    60
   20    32    33    75
   21    10    17    57
   22    12     9    49
   23    26    34    73
   24     1     8    46
   25    64    56    94
   26    41    31    68
   27    55    61    98
   28    22    30    67
   29    27    29    64
   30    25    33    67
   31    40    36    69
   32    20    16    49
   33    53    59    91
   34    41    44    74
   35    53    54    83
   36    12     6    35
   37    37    29    57
   38     8    13    39
   39    51    49    73
   40    21    23    47
   41     3     2    25
   42    14    16    39
   43    61    71    94
   44    56    50    72
   45    11    19    40
   46    53    62    81
   47    68    77    96
   48    77    72    91
   49    77    79    97
   50     5     4    22
   51    35    36    54
   52    60    52    70
   53    14    23    40
   54    46    52    69
   55    34    28    44
   56    84    82    98
   57    47    55    70
   58    61    65    79
   59    63    55    68
   60    77    69    81
   61    86    85    97
   62    59    50    62
   63    60    56    68
   64    34    41    52
   65    43    36    47
   66    67    69    80
   67    71    70    80
   68    24    25    35
   69    74    83    90
   70    79    74    81
   71    82    85    92
   72    92    90    97
   73    80    71    78
   74     9     5    12
   75    86    87    93
   76    94    91    97
   77   102    92    98
   78    54    56    60
   79    78    82    86
   80    25    27    31
   81    97    96    99
   82    53    56    59
   83    54    47    50
   84    77    81    84
   85    43    53    56
   86    55    48    51
   87    62    55    58
   88    91    97    99
   89    89    96    98
   90   101    93    95
   91    64    56    58
   92    80    87    88
   93    41    47    48
   94    89    98    99
   95    86    96    97
   96   108    99    99
   97    95   100   100
   98    11    14    14
   99   102   100   100
  100