  500
    0    12     2    96
    1    20    10    99
    2    15     5    90
    3    12     2    87
    4    11     1    85
    5    24    14    98
    6    15     5    88
    7    24    14    95
    8    18     8    88
    9    20    10    85
   10    31    21    96
   11    27    17    92
   12    24    14    88
   13    33    23    96
   14    16     6    79
   15    33    23    96
   16    36    26    99
   17    17     7    79
   18    20    10    82
   19    11     1    73
   20    23    13    84
   21    39    29    99
   22    22    12    81
   23    41    31    99
   24    28    18    86
   25    13     3    69
   26    38    28    94
   27    36    26    91
   28    29    19    84
   29    24    14    79
   30    44    34    98
   31    13     3    67
   32    40    30    94
   33    30    20    84
   34    43    33    97
   35    27    17    80
   36    45    35    98
   37    15     5    68
   38    11     1    64
   39    26    16    79
   40    34    24    86
   41    21    11    72
   42    30    20    81
   43    34    24    85
   44    32    22    83
   45    28    18    78
   46    40    30    90
   47    22    12    71
   48    45    35    94
   49    38    28    87
   50    50    40    99
   51    46    36    95
   52    37    27    85
   53    37    27    85
   54    44    34    92
   55    11     1    59
   56    44    34    92
   57    48    38    95
   58    31    21    78
   59    27    17    74
   60    40    30    86
   61    37    27    83
   62    20    10    66
   63    14     4    59
   64    44    34    88
   65    45    35    89
   66    42    32    86
   67    16     6    60
   68    34    24    78
   69    50    40    94
   70    46    36    90
   71    25    15    68
   72    12     2    54
   73    40    30    81
   74    40    30    81
   75    27    17    68
   76    44    34    85
   77    30    20    71
   78    46    36    86
   79    47    37    87
   80    46    36    85
   81    45    35    84
   82    46    36    85
   83    53    43    91
   84    47    37    85
   85    50    40    87
   86    53    43    90
   87    27    17    64
   88    57    47    94
   89    60    50    96
   90    30    20    66
   91    31    21    67
   92    41    31    77
   93    41    31    77
   94    36    26    72
   95    30    20    65
   96    39    29    74
   97    50    40    85
   98    46    36    81
   99    43    33    78
  100    30    20    65
  101    44    34    78
  102    12     2    45
  103    57    47    90
  104    38    28    71
  105    43    33    76
  106    62    52    94
  107    22    12    54
  108    45    35    77
  109    12     2    44
  110    14     4    46
  111    66    56    98
  112    43    33    74
  113    28    18    59
  114    55    45    86
  115    61    51    92
  116    48    38    79
  117    45    35    75
  118    30    20    60
  119    51    41    81
  120    64    54    94
  121    44    34    73
  122    31    21    59
  123    47    37    75
  124    64    54    92
  125    24    14    52
  126    69    59    97
  127    43    33    71
  128    37    27    65
  129    34    24    62
  130    53    43    80
  131    25    15    52
  132    66    56    93
  133    31    21    58
  134    52    42    78
  135    20    10    46
  136    64    54    90
  137    66    56    92
  138    21    11    47
  139    26    16    51
  140    48    38    73
  141    65    55    90
  142    17     7    42
  143    64    54    89
  144    58    48    83
  145    50    40    75
  146    35    25    60
  147    70    60    95
  148    63    53    88
  149    43    33    67
  150    73    63    97
  151    11     1    35
  152    74    64    98
  153    37    27    61
  154    33    23    57
  155    68    58    92
  156    58    48    81
  157    40    30    63
  158    59    49    82
  159    11     1    34
  160    73    63    95
  161    16     6    38
  162    77    67    99
  163    18     8    40
  164    49    39    71
  165    60    50    82
  166    12     2    34
  167    65    55    86
  168    27    17    48
  169    59    49    79
  170    22    12    42
  171    12     2    32
  172    19     9    39
  173    39    29    59
  174    46    36    66
  175    43    33    63
  176    34    24    53
  177    65    55    84
  178    15     5    34
  179    36    26    55
  180    19     9    38
  181    43    33    62
  182    35    25    54
  183    65    55    83
  184    64    54    82
  185    72    62    90
  186    48    38    66
  187    61    51    79
  188    11     1    29
  189    71    61    89
  190    28    18    46
  191    66    56    84
  192    53    43    70
  193    42    32    59
  194    15     5    32
  195    56    46    73
  196    55    45    72
  197    58    48    75
  198    64    54    81
  199    69    59    86
  200    55    45    72
  201    14     4    30
  202    14     4    30
  203    21    11    37
  204    34    24    50
  205    69    59    85
  206    42    32    58
  207    69    59    85
  208    67    57    83
  209    61    51    77
  210    79    69    95
  211    81    71    96
  212    50    40    65
  213    82    72    97
  214    72    62    87
  215    84    74    99
  216    84    74    98
  217    74    64    88
  218    39    29    53
  219    44    34    58
  220    13     3    27
  221    35    25    49
  222    28    18    42
  223    78    68    91
  224    71    61    84
  225    85    75    98
  226    44    34    57
  227    40    30    52
  228    31    21    43
  229    55    45    67
  230    53    43    65
  231    52    42    64
  232    82    72    94
  233    85    75    97
  234    18     8    29
  235    48    38    59
  236    75    65    86
  237    44    34    55
  238    88    78    99
  239    83    73    94
  240    57    47    68
  241    88    78    98
  242    89    79    99
  243    59    49    69
  244    87    77    97
  245    27    17    37
  246    84    74    94
  247    89    79    99
  248    83    73    93
  249    48    38    58
  250    71    61    81
  251    74    64    84
  252    75    65    85
  253    77    67    86
  254    89    79    98
  255    75    65    84
  256    60    50    69
  257    86    76    95
  258    59    49    68
  259    56    46    65
  260    72    62    81
  261    59    49    67
  262    18     8    26
  263    77    67    85
  264    68    58    76
  265    78    68    86
  266    48    38    56
  267    87    77    95
  268    70    60    78
  269    91    81    99
  270    55    45    63
  271    69    59    77
  272    91    81    99
  273    72    62    80
  274    52    42    59
  275    52    42    59
  276    21    11    28
  277    82    72    89
  278    77    67    84
  279    84    74    91
  280    50    40    57
  281    68    58    75
  282    31    21    38
  283    43    33    49
  284    59    49    65
  285    92    82    98
  286    44    34    50
  287    72    62    78
  288    82    72    88
  289    45    35    51
  290    48    38    54
  291    44    34    50
  292    44    34    49
  293    91    81    96
  294    88    78    93
  295    58    48    63
  296    83    73    88
  297    70    60    75
  298    43    33    48
  299    45    35    50
  300    92    82    97
  301    62    52    67
  302    36    26    41
  303    94    84    99
  304    94    84    99
  305    38    28    43
  306    55    45    59
  307    78    68    82
  308    88    78    92
  309    78    68    82
  310    39    29    43
  311    80    70    84
  312    27    17    31
  313    63    53    67
  314    95    85    98
  315    22    12    25
  316    84    74    87
  317    75    65    78
  318    79    69    82
  319    62    52    65
  320    39    29    42
  321    89    79    92
  322    57    47    60
  323    84    74    87
  324    59    49    61
  325    29    19    31
  326    67    57    69
  327    35    25    37
  328    97    87    99
  329    95    85    97
  330    16     6    18
  331    66    56    68
  332    95    85    97
  333    89    79    91
  334    30    20    32
  335    15     5    17
  336    94    84    96
  337    95    85    97
  338    23    13    24
  339    83    73    84
  340    89    79    90
  341    65    55    66
  342    91    81    92
  343    75    65    76
  344    43    33    44
  345    45    35    45
  346    87    77    87
  347    28    18    28
  348    97    87    97
  349    85    75    85
  350    16     6    16
  351    92    82    92
  352    96    86    96
  353    82    72    82
  354    99    89    99
  355    60    50    59
  356    27    17    26
  357    26    16    25
  358    83    73    82
  359    60    50    59
  360    65    55    64
  361    68    58    67
  362   100    90    99
  363    47    37    45
  364    92    82    90
  365    59    49    57
  366    91    81    89
  367    92    82    90
  368    88    78    86
  369    66    56    64
  370    83    73    81
  371    78    68    76
  372    85    75    83
  373    99    89    97
  374    91    81    89
  375    97    87    95
  376    98    88    96
  377    64    54    62
  378    70    60    68
  379    98    88    96
  380    88    78    86
  381    34    24    31
  382    68    58    65
  383    97    87    94
  384   102    92    99
  385    18     8    15
  386    91    81    88
  387    94    84    91
  388    93    83    90
  389   102    92    99
  390    65    55    62
  391   102    92    98
  392    72    62    68
  393   103    93    99
  394    86    76    82
  395    69    59    65
  396   102    92    98
  397    17     7    13
  398    99    89    95
  399    97    87    93
  400    28    18    24
  401    79    69    74
  402    61    51    56
  403    65    55    60
  404    17     7    12
  405    88    78    83
  406    88    78    83
  407   104    94    99
  408    69    59    64
  409    42    32    37
  410    24    14    19
  411    87    77    82
  412    15     5     9
  413    52    42    46
  414    90    80    84
  415    96    86    90
  416   103    93    97
  417    87    77    81
  418    45    35    39
  419    93    83    87
  420    92    82    86
  421   102    92    96
  422   104    94    98
  423    77    67    71
  424    92    82    86
  425    94    84    88
  426   105    95    98
  427    91    81    84
  428    87    77    80
  429    97    87    90
  430    80    70    73
  431   102    92    95
  432    79    69    72
  433   102    92    95
  434    92    82    85
  435   103    93    96
  436    89    79    82
  437    91    81    84
  438    55    45    48
  439    85    75    78
  440    46    36    39
  441   102    92    95
  442    84    74    76
  443    86    76    78
  444    90    80    82
  445   101    91    93
  446    95    85    87
  447   100    90    92
  448    19     9    11
  449    83    73    75
  450   105    95    97
  451    85    75    77
  452    37    27    29
  453   102    92    94
  454   106    96    98
  455    32    22    24
  456   103    93    95
  457   107    97    99
  458   104    94    96
  459    82    72    74
  460   102    92    94
  461   100    90    92
  462    89    79    80
  463    38    28    29
  464    46    36    37
  465   100    90    91
  466   107    97    98
  467    62    52    53
  468    62    52    53
  469   108    98    99
  470   108    98    99
  471   108    98    99
  472    81    71    72
  473   107    97    98
  474   106    96    97
  475   100    90    91
  476    42    32    33
  477   108    98    99
  478   107    97    98
  479   110   100   100
  480    35    25    25
  481    93    83    83
  482    64    54    54
  483   105    95    95
  484   109    99    99
  485    30    20    20
  486   109    99    99
  487    93    83    83
  488   106    96    96
  489    99    89    89
  490   109    99    99
  491   100    90    90
  492   107    97    97
  493   110   100   100
  494    77    67    67
  495   100    90    90
  496    40    30    30
  497    46    36    36
  498   108    98    98
  499    34    24    24
  100