 1000
    0     2     2    98
    1     2     2    98
    2     4     4    97
    3     5     5    98
    4     4     4    96
    5     5     5    97
    6     7     7    99
    7     1     1    92
    8     7     7    98
    9     1     1    87
   10    10    10    96
   11     6     6    92
   12     4     4    90
   13    10    10    95
   14    14    14    99
   15     3     3    88
   16     6     6    90
   17    16    16    99
   18     7     7    90
   19     4     4    87
   20     4     4    86
   21    11    11    93
   22     9     9    91
   23     1     1    82
   24    16    16    97
   25     5     5    86
   26     9     9    89
   27     8     8    88
   28    16    16    95
   29    11    11    89
   30     7     7    85
   31     5     5    82
   32     7     7    83
   33     1     1    77
   34     3     3    79
   35    14    14    89
   36     9     9    84
   37    20    20    95
   38    16    16    91
   39    17    17    91
   40     3     3    77
   41    13    13    87
   42    18    18    91
   43    11    11    84
   44     4     4    76
   45    10    10    82
   46    10    10    82
   47     4     4    74
   48    22    22    92
   49    19    19    89
   50    27    27    97
   51    19    19    88
   52    29    29    98
   53    26    26    95
   54    18    18    87
   55    21    21    90
   56     1     1    69
   57     2     2    70
   58    24    24    92
   59    22    22    90
   60    20    20    88
   61    24    24    92
   62    15    15    82
   63    28    28    95
   64    19    19    86
   65    24    24    90
   66     1     1    67
   67    18    18    84
   68    32    32    98
   69    26    26    92
   70    26    26    92
   71    23    23    88
   72     8     8    73
   73    14    14    79
   74     9     9    73
   75    20    20    84
   76    13    13    77
   77    21    21    84
   78    29    29    92
   79    21    21    84
   80    30    30    93
   81    31    31    94
   82    10    10    73
   83     2     2    65
   84     8     8    71
   85     3     3    66
   86    26    26    88
   87    17    17    79
   88    24    24    86
   89    23    23    85
   90     7     7    69
   91    28    28    89
   92     7     7    68
   93     1     1    62
   94    12    12    73
   95    35    35    96
   96    24    24    85
   97    12    12    73
   98    37    37    98
   99    28    28    89
  100    36    36    96
  101    15    15    75
  102    10    10    70
  103    15    15    75
  104    22    22    82
  105    33    33    92
  106    19    19    78
  107    29    29    88
  108     4     4    63
  109    27    27    85
  110    19    19    77
  111    22    22    80
  112    10    10    68
  113    36    36    94
  114    39    39    97
  115    27    27    85
  116    19    19    76
  117    23    23    80
  118    27    27    84
  119    29    29    86
  120     9     9    66
  121    43    43    99
  122     7     7    63
  123    23    23    79
  124    14    14    70
  125    30    30    85
  126    42    42    97
  127    16    16    71
  128    43    43    98
  129    34    34    89
  130    39    39    94
  131    17    17    72
  132    39    39    94
  133    43    43    97
  134    17    17    71
  135    25    25    79
  136    38    38    92
  137    43    43    97
  138    28    28    82
  139     4     4    58
  140    27    27    80
  141    29    29    82
  142    36    36    89
  143     2     2    55
  144    46    46    99
  145    39    39    91
  146     9     9    61
  147    13    13    65
  148    45    45    97
  149     8     8    60
  150    42    42    94
  151    13    13    65
  152    40    40    91
  153     3     3    54
  154    44    44    94
  155    49    49    99
  156    16    16    66
  157    36    36    86
  158    27    27    77
  159    33    33    83
  160    35    35    85
  161    35    35    85
  162    30    30    80
  163    49    49    99
  164    45    45    94
  165    15    15    64
  166    21    21    70
  167    33    33    82
  168    24    24    73
  169    47    47    96
  170    48    48    96
  171    46    46    94
  172    46    46    94
  173    24    24    72
  174     6     6    54
  175    23    23    71
  176     8     8    56
  177    41    41    88
  178    52    52    99
  179     4     4    51
  180    51    51    98
  181    45    45    92
  182    45    45    92
  183    44    44    91
  184    47    47    94
  185    48    48    95
  186     5     5    51
  187    36    36    82
  188    29    29    75
  189    40    40    86
  190    49    49    95
  191    43    43    89
  192    34    34    80
  193    50    50    96
  194    35    35    80
  195    10    10    55
  196     2     2    47
  197    18    18    63
  198    53    53    98
  199     4     4    49
  200     1     1    46
  201    49    49    94
  202    21    21    66
  203    50    50    95
  204    48    48    92
  205    27    27    71
  206    13    13    57
  207    31    31    75
  208    52    52    96
  209    50    50    94
  210    34    34    78
  211    25    25    68
  212    32    32    75
  213    49    49    92
  214    12    12    55
  215    35    35    78
  216    27    27    70
  217    26    26    69
  218    55    55    98
  219    42    42    85
  220    11    11    54
  221    49    49    92
  222     2     2    45
  223    37    37    80
  224    38    38    81
  225    54    54    97
  226    49    49    91
  227    55    55    97
  228    54    54    96
  229    56    56    98
  230    45    45    87
  231    45    45    87
  232    30    30    72
  233    56    56    98
  234    48    48    90
  235    47    47    89
  236    51    51    93
  237    18    18    59
  238    26    26    67
  239    28    28    69
  240    56    56    97
  241    17    17    58
  242    54    54    95
  243    44    44    85
  244    50    50    91
  245    49    49    89
  246    37    37    77
  247    43    43    83
  248    43    43    83
  249    13    13    53
  250     1     1    41
  251    38    38    78
  252    28    28    67
  253     2     2    41
  254     2     2    41
  255    42    42    81
  256    43    43    82
  257    35    35    74
  258    56    56    95
  259    24    24    62
  260    39    39    77
  261    12    12    50
  262    52    52    89
  263    36    36    73
  264    54    54    91
  265    62    62    99
  266    51    51    88
  267    13    13    50
  268    25    25    62
  269    12    12    49
  270    39    39    75
  271    52    52    88
  272    54    54    90
  273    18    18    54
  274    49    49    85
  275    58    58    94
  276    20    20    56
  277     2     2    37
  278    40    40    75
  279    12    12    47
  280    55    55    90
  281    60    60    95
  282    57    57    92
  283    29    29    64
  284    17    17    52
  285    21    21    56
  286    21    21    56
  287    16    16    50
  288    32    32    66
  289    34    34    68
  290    46    46    80
  291    57    57    91
  292    24    24    58
  293    55    55    89
  294    26    26    60
  295    11    11    45
  296    42    42    76
  297    64    64    98
  298    38    38    72
  299    64    64    98
  300     8     8    41
  301    38    38    71
  302    52    52    85
  303    10    10    43
  304    20    20    53
  305    18    18    51
  306    43    43    76
  307    65    65    98
  308    62    62    94
  309    60    60    92
  310    67    67    99
  311    56    56    88
  312    41    41    73
  313    12    12    44
  314    58    58    90
  315    44    44    76
  316    27    27    58
  317    68    68    99
  318    49    49    80
  319    64    64    95
  320    31    31    62
  321    45    45    76
  322    54    54    85
  323     2     2    33
  324    60    60    91
  325    64    64    95
  326    16    16    47
  327    36    36    67
  328    68    68    99
  329    29    29    59
  330    45    45    75
  331    69    69    99
  332    13    13    43
  333    32    32    62
  334    17    17    47
  335    65    65    95
  336    58    58    88
  337    17    17    46
  338    56    56    85
  339     7     7    36
  340    50    50    79
  341    59    59    88
  342    48    48    77
  343    32    32    61
  344    12    12    40
  345    59    59    87
  346    63    63    91
  347    71    71    99
  348    38    38    66
  349    67    67    95
  350    26    26    54
  351    53    53    81
  352    48    48    76
  353    14    14    42
  354    22    22    50
  355    62    62    90
  356    57    57    85
  357    28    28    56
  358    65    65    93
  359    69    69    97
  360    58    58    85
  361    59    59    86
  362    10    10    37
  363    33    33    60
  364    52    52    79
  365    49    49    76
  366    33    33    60
  367    10    10    37
  368    62    62    89
  369    50    50    77
  370    43    43    70
  371    39    39    66
  372    70    70    97
  373    44    44    71
  374    47    47    74
  375    36    36    63
  376    42    42    69
  377    21    21    48
  378     1     1    28
  379    55    55    81
  380    69    69    95
  381    55    55    81
  382    14    14    40
  383    70    70    96
  384    71    71    97
  385    57    57    83
  386    55    55    81
  387    41    41    67
  388    58    58    84
  389    41    41    67
  390    73    73    99
  391     2     2    28
  392    49    49    75
  393    45    45    71
  394    73    73    99
  395    29    29    54
  396    43    43    68
  397    74    74    99
  398     7     7    32
  399    69    69    94
  400    52    52    77
  401    45    45    70
  402    25    25    50
  403    71    71    96
  404    72    72    97
  405    53    53    78
  406    19    19    44
  407    69    69    94
  408    17    17    41
  409    47    47    71
  410    39    39    63
  411    61    61    85
  412    43    43    67
  413    75    75    99
  414    71    71    95
  415    65    65    89
  416    10    10    34
  417    32    32    56
  418    68    68    92
  419    47    47    71
  420    60    60    84
  421    67    67    91
  422    74    74    97
  423    63    63    86
  424    37    37    60
  425    31    31    54
  426    27    27    50
  427    59    59    82
  428    68    68    91
  429    60    60    83
  430    50    50    73
  431     9     9    32
  432    62    62    85
  433    51    51    74
  434    65    65    88
  435    43    43    66
  436    73    73    96
  437    66    66    88
  438    72    72    94
  439    71    71    93
  440    18    18    40
  441    43    43    65
  442    72    72    94
  443    50    50    72
  444    42    42    64
  445    44    44    66
  446    70    70    92
  447    56    56    78
  448    74    74    96
  449    50    50    71
  450    31    31    52
  451    56    56    77
  452    77    77    98
  453    65    65    86
  454    38    38    59
  455    61    61    82
  456    73    73    94
  457    57    57    78
  458    57    57    78
  459    26    26    46
  460    60    60    80
  461    77    77    97
  462    46    46    66
  463    57    57    77
  464    59    59    79
  465    75    75    95
  466    42    42    62
  467    15    15    35
  468    54    54    74
  469    70    70    90
  470    45    45    65
  471    65    65    85
  472    66    66    86
  473    72    72    92
  474    57    57    77
  475    19    19    39
  476     6     6    26
  477    48    48    68
  478    76    76    96
  479     8     8    28
  480    35    35    55
  481    74    74    93
  482    78    78    97
  483    43    43    62
  484    67    67    86
  485    55    55    74
  486    49    49    68
  487    72    72    91
  488    33    33    52
  489    50    50    69
  490    35    35    54
  491    40    40    59
  492    79    79    98
  493    79    79    98
  494    65    65    84
  495    77    77    96
  496    75    75    94
  497    65    65    84
  498    62    62    81
  499    71    71    89
  500    17    17    35
  501     3     3    21
  502    36    36    54
  503    62    62    80
  504    64    64    82
  505    71    71    89
  506    59    59    77
  507    81    81    99
  508    53    53    71
  509    55    55    73
  510    74    74    92
  511    43    43    61
  512    67    67    85
  513    75    75    93
  514    73    73    91
  515    78    78    96
  516     1     1    19
  517    70    70    88
  518    17    17    35
  519    77    77    95
  520    76    76    94
  521    59    59    77
  522    38    38    55
  523    37    37    54
  524    73    73    90
  525    48    48    65
  526    24    24    41
  527    65    65    82
  528    60    60    77
  529    78    78    95
  530     2     2    19
  531    75    75    92
  532    34    34    51
  533    53    53    69
  534    34    34    50
  535     2     2    18
  536    73    73    89
  537    56    56    72
  538    65    65    81
  539    47    47    63
  540    64    64    80
  541    72    72    88
  542    56    56    72
  543    55    55    71
  544    26    26    42
  545    49    49    65
  546    13    13    29
  547    57    57    73
  548    61    61    77
  549    12    12    28
  550    31    31    47
  551    70    70    86
  552    60    60    76
  553    63    63    79
  554    46    46    62
  555    65    65    81
  556    67    67    83
  557    82    82    98
  558    56    56    72
  559    62    62    78
  560    78    78    94
  561    63    63    78
  562    39    39    54
  563    35    35    50
  564    66    66    81
  565    34    34    49
  566    77    77    92
  567    20    20    35
  568    39    39    54
  569    54    54    69
  570    67    67    82
  571    47    47    62
  572    80    80    95
  573    61    61    76
  574    53    53    68
  575    52    52    67
  576    80    80    95
  577    39    39    54
  578    38    38    53
  579    73    73    87
  580    77    77    91
  581    85    85    99
  582    58    58    72
  583    71    71    85
  584    49    49    63
  585    83    83    97
  586    83    83    97
  587    18    18    32
  588    58    58    72
  589    79    79    93
  590    68    68    82
  591    25    25    39
  592    12    12    26
  593    83    83    97
  594    47    47    61
  595    31    31    45
  596    77    77    91
  597    72    72    86
  598    85    85    99
  599    64    64    78
  600    42    42    56
  601    11    11    25
  602    45    45    59
  603    11    11    25
  604    46    46    60
  605    66    66    79
  606     4     4    17
  607    73    73    86
  608    81    81    94
  609    40    40    53
  610    84    84    97
  611    51    51    64
  612    86    86    99
  613    84    84    97
  614    35    35    48
  615    77    77    90
  616    44    44    57
  617    62    62    75
  618    86    86    99
  619    87    87    99
  620    40    40    52
  621    73    73    85
  622    71    71    83
  623    65    65    77
  624     6     6    18
  625    69    69    81
  626    82    82    94
  627    55    55    67
  628    82    82    94
  629    32    32    44
  630    77    77    89
  631    75    75    87
  632    79    79    91
  633    83    83    95
  634    85    85    97
  635    17    17    29
  636    82    82    94
  637    78    78    90
  638    71    71    82
  639    80    80    91
  640    59    59    70
  641    30    30    41
  642    53    53    64
  643    37    37    48
  644    84    84    95
  645    62    62    73
  646    50    50    61
  647     5     5    16
  648    55    55    66
  649    85    85    96
  650    57    57    68
  651    37    37    48
  652    71    71    82
  653    77    77    88
  654     1     1    12
  655    84    84    95
  656    74    74    85
  657    85    85    96
  658    71    71    82
  659    22    22    32
  660    87    87    97
  661    88    88    98
  662    76    76    86
  663    34    34    44
  664     2     2    12
  665    79    79    89
  666    86    86    96
  667    63    63    73
  668    64    64    74
  669    88    88    98
  670    80    80    90
  671    88    88    98
  672     5     5    15
  673    61    61    71
  674    79    79    89
  675    81    81    91
  676    32    32    41
  677    77    77    86
  678     6     6    15
  679    37    37    46
  680    32    32    41
  681    15    15    24
  682    83    83    92
  683    90    90    99
  684    85    85    94
  685    87    87    96
  686    84    84    93
  687    80    80    89
  688    78    78    87
  689    62    62    71
  690    35    35    44
  691    80    80    89
  692    83    83    92
  693    85    85    94
  694    39    39    48
  695    35    35    44
  696    86    86    95
  697    49    49    57
  698    77    77    85
  699    61    61    69
  700    86    86    94
  701    73    73    81
  702    68    68    76
  703    76    76    84
  704    32    32    40
  705    31    31    39
  706    76    76    84
  707    68    68    76
  708    46    46    54
  709    86    86    94
  710     6     6    14
  711    26    26    34
  712     8     8    16
  713    55    55    63
  714    80    80    88
  715    34    34    42
  716    90    90    98
  717    84    84    92
  718    86    86    94
  719    70    70    77
  720    43    43    50
  721    92    92    99
  722    71    71    78
  723    83    83    90
  724     9     9    16
  725    84    84    91
  726    20    20    27
  727    66    66    73
  728    45    45    52
  729    78    78    85
  730    83    83    90
  731    81    81    88
  732    65    65    72
  733     6     6    13
  734    91    91    98
  735    69    69    76
  736    81    81    88
  737    20    20    27
  738    22    22    29
  739     8     8    15
  740    24    24    31
  741    47    47    53
  742    83    83    89
  743    79    79    85
  744    16    16    22
  745    88    88    94
  746    88    88    94
  747    85    85    91
  748    66    66    72
  749    86    86    92
  750    38    38    44
  751    72    72    78
  752    93    93    99
  753    76    76    82
  754    90    90    96
  755    88    88    94
  756    84    84    90
  757    56    56    62
  758    91    91    97
  759    90    90    96
  760    67    67    73
  761    35    35    41
  762    92    92    98
  763    39    39    45
  764    67    67    73
  765    32    32    38
  766    48    48    54
  767    88    88    94
  768    70    70    76
  769    26    26    32
  770    87    87    93
  771    92    92    98
  772    66    66    72
  773    66    66    72
  774    92    92    97
  775     8     8    13
  776    94    94    99
  777    70    70    75
  778    68    68    73
  779    58    58    63
  780    43    43    48
  781    89    89    94
  782    89    89    94
  783    40    40    45
  784    87    87    92
  785    69    69    74
  786    94    94    99
  787    82    82    87
  788    90    90    95
  789    70    70    75
  790    38    38    43
  791    68    68    73
  792    75    75    80
  793    48    48    53
  794    93    93    98
  795    65    65    70
  796    57    57    62
  797    45    45    50
  798    91    91    96
  799    20    20    25
  800    88    88    93
  801    85    85    90
  802    86    86    91
  803    59    59    63
  804    89    89    93
  805    92    92    96
  806    28    28    32
  807    91    91    95
  808    94    94    98
  809    88    88    92
  810    90    90    94
  811    83    83    87
  812    32    32    36
  813    94    94    98
  814    26    26    30
  815    78    78    82
  816    56    56    60
  817    94    94    98
  818    31    31    35
  819    91    91    95
  820    54    54    58
  821    87    87    91
  822    73    73    77
  823    72    72    76
  824    89    89    93
  825    88    88    92
  826    90    90    94
  827    95    95    99
  828    95    95    99
  829    27    27    31
  830    96    96    99
  831    92    92    95
  832     7     7    10
  833    14    14    17
  834    69    69    72
  835    90    90    93
  836    96    96    99
  837    89    89    92
  838    94    94    97
  839    57    57    60
  840    54    54    57
  841    90    90    93
  842    67    67    70
  843    96    96    99
  844    43    43    46
  845    67    67    70
  846    94    94    97
  847    96    96    99
  848    95    95    98
  849    49    49    52
  850    94    94    97
  851    43    43    46
  852    57    57    60
  853    87    87    90
  854    92    92    95
  855    71    71    74
  856    95    95    98
  857    89    89    92
  858    79    79    82
  859    60    60    63
  860    37    37    40
  861    50    50    53
  862    82    82    85
  863    95    95    98
  864    41    41    44
  865    38    38    41
  866    80    80    83
  867    65    65    67
  868    89    89    91
  869    93    93    95
  870    35    35    37
  871    53    53    55
  872    96    96    98
  873    62    62    64
  874    65    65    67
  875    42    42    44
  876    88    88    90
  877    94    94    96
  878    75    75    77
  879    97    97    99
  880    88    88    90
  881    77    77    79
  882    94    94    96
  883    82    82    84
  884    77    77    79
  885    92    92    94
  886    77    77    79
  887    87    87    89
  888    57    57    59
  889    87    87    89
  890    11    11    13
  891    96    96    98
  892    27    27    29
  893    89    89    91
  894    97    97    99
  895    51    51    53
  896    97    97    99
  897    23    23    25
  898    82    82    84
  899    94    94    96
  900    97    97    99
  901    96    96    98
  902    96    96    98
  903    97    97    99
  904    49    49    50
  905    89    89    90
  906    78    78    79
  907    83    83    84
  908    98    98    99
  909    92    92    93
  910    74    74    75
  911    98    98    99
  912    97    97    98
  913    98    98    99
  914    95    95    96
  915    94    94    95
  916    75    75    76
  917    98    98    99
  918    98    98    99
  919    86    86    87
  920    87    87    88
  921    95    95    96
  922    42    42    43
  923    97    97    98
  924    78    78    79
  925    84    84    85
  926    84    84    85
  927    87    87    88
  928    15    15    16
  929    57    57    58
  930    95    95    96
  931    98    98    99
  932    35    35    36
  933    84    84    85
  934    98    98    99
  935    96    96    97
  936    98    98    99
  937    96    96    97
  938    68    68    69
  939    97    97    98
  940    73    73    74
  941    54    54    54
  942    97    97    97
  943    99    99    99
  944    99    99    99
  945    82    82    82
  946   100   100   100
  947     9     9     9
  948    84    84    84
  949    66    66    66
  950    68    68    68
  951    90    90    90
  952    99    99    99
  953    75    75    75
  954    96    96    96
  955    96    96    96
  956    71    71    71
  957    52    52    52
  958    99    99    99
  959    98    98    98
  960    13    13    13
  961   100   100   100
  962    63    63    63
  963    84    84    84
  964    98    98    98
  965    68    68    68
  966    89    89    89
  967   100   100   100
  968    84    84    84
  969    82    82    82
  970    98    98    98
  971    96    96    96
  972     7     7     7
  973   100   100   100
  974    86    86    86
  975   100   100   100
  976    99    99    99
  977   100   100   100
  978    96    96    96
  979    93    93    93
  980   100   100   100
  981    99    99    99
  982    77    77    77
  983    99    99    99
  984    95    95    95
  985    99    99    99
  986    94    94    94
  987    95    95    95
  988    95    95    95
  989    96    96    96
  990    89    89    89
  991    94    94    94
  992    70    70    70
  993    96    96    96
  994    87    87    87
  995    33    33    33
  996    49    49    49
  997    90    90    90
  998    94    94    94
  999    94    94    94
  100