 1000
    0    11     1    99
    1    13     3    97
    2    11     1    95
    3    12     2    94
    4    12     2    94
    5    16     6    98
    6    17     7    99
    7    18     8    99
    8    11     1    91
    9    13     3    91
   10    18     8    96
   11    17     7    94
   12    22    12    98
   13    22    12    98
   14    14     4    88
   15    12     2    86
   16    25    15    98
   17    17     7    88
   18    19     9    90
   19    23    13    94
   20    18     8    88
   21    30    20    99
   22    23    13    91
   23    15     5    83
   24    24    14    91
   25    26    16    92
   26    22    12    88
   27    18     8    84
   28    13     3    79
   29    19     9    85
   30    13     3    79
   31    16     6    81
   32    19     9    84
   33    17     7    81
   34    15     5    79
   35    31    21    95
   36    28    18    92
   37    34    24    98
   38    23    13    86
   39    29    19    92
   40    13     3    76
   41    11     1    74
   42    20    10    83
   43    12     2    75
   44    31    21    93
   45    19     9    81
   46    25    15    87
   47    31    21    92
   48    32    22    93
   49    18     8    79
   50    17     7    77
   51    24    14    83
   52    15     5    73
   53    41    31    99
   54    38    28    96
   55    40    30    98
   56    26    16    84
   57    15     5    73
   58    29    19    86
   59    16     6    73
   60    28    18    85
   61    15     5    71
   62    38    28    94
   63    34    24    90
   64    12     2    67
   65    32    22    86
   66    33    23    87
   67    16     6    70
   68    35    25    89
   69    30    20    84
   70    40    30    93
   71    34    24    87
   72    29    19    82
   73    40    30    93
   74    40    30    93
   75    31    21    83
   76    25    15    77
   77    17     7    69
   78    36    26    88
   79    37    27    89
   80    27    17    78
   81    32    22    83
   82    13     3    64
   83    47    37    98
   84    20    10    71
   85    23    13    74
   86    39    29    89
   87    28    18    78
   88    43    33    93
   89    32    22    82
   90    21    11    71
   91    49    39    99
   92    22    12    72
   93    41    31    91
   94    19     9    69
   95    48    38    97
   96    45    35    94
   97    24    14    73
   98    31    21    80
   99    30    20    79
  100    27    17    76
  101    45    35    94
  102    48    38    96
  103    33    23    81
  104    48    38    96
  105    45    35    93
  106    46    36    94
  107    34    24    82
  108    32    22    80
  109    33    23    80
  110    22    12    68
  111    42    32    88
  112    52    42    98
  113    31    21    77
  114    44    34    90
  115    25    15    71
  116    47    37    93
  117    32    22    77
  118    14     4    59
  119    37    27    82
  120    18     8    63
  121    42    32    87
  122    49    39    93
  123    45    35    89
  124    52    42    96
  125    42    32    86
  126    30    20    74
  127    20    10    63
  128    26    16    69
  129    37    27    80
  130    33    23    76
  131    23    13    66
  132    43    33    86
  133    31    21    74
  134    26    16    68
  135    46    36    88
  136    57    47    99
  137    23    13    65
  138    23    13    65
  139    20    10    62
  140    39    29    80
  141    11     1    52
  142    41    31    82
  143    19     9    60
  144    40    30    81
  145    42    32    83
  146    29    19    70
  147    15     5    56
  148    11     1    52
  149    16     6    56
  150    29    19    69
  151    25    15    65
  152    22    12    62
  153    15     5    55
  154    38    28    78
  155    49    39    89
  156    56    46    96
  157    46    36    86
  158    55    45    94
  159    22    12    61
  160    13     3    52
  161    35    25    74
  162    59    49    98
  163    51    41    90
  164    56    46    95
  165    59    49    98
  166    25    15    64
  167    22    12    61
  168    60    50    98
  169    43    33    81
  170    55    45    93
  171    33    23    71
  172    46    36    84
  173    17     7    55
  174    32    22    70
  175    24    14    62
  176    40    30    78
  177    18     8    56
  178    53    43    90
  179    62    52    99
  180    23    13    60
  181    49    39    85
  182    60    50    96
  183    31    21    67
  184    27    17    63
  185    17     7    53
  186    42    32    77
  187    39    29    74
  188    63    53    98
  189    24    14    59
  190    30    20    65
  191    56    46    91
  192    53    43    88
  193    38    28    73
  194    56    46    91
  195    47    37    81
  196    42    32    76
  197    64    54    98
  198    48    38    82
  199    22    12    56
  200    15     5    49
  201    62    52    96
  202    48    38    82
  203    56    46    90
  204    36    26    69
  205    51    41    84
  206    49    39    82
  207    61    51    94
  208    29    19    62
  209    55    45    88
  210    25    15    58
  211    59    49    92
  212    29    19    62
  213    26    16    58
  214    51    41    83
  215    50    40    82
  216    39    29    71
  217    43    33    75
  218    21    11    53
  219    26    16    58
  220    61    51    92
  221    57    47    88
  222    43    33    74
  223    53    43    84
  224    38    28    69
  225    26    16    57
  226    50    40    81
  227    64    54    95
  228    24    14    54
  229    62    52    92
  230    24    14    54
  231    15     5    45
  232    24    14    54
  233    69    59    99
  234    12     2    42
  235    56    46    86
  236    65    55    95
  237    60    50    90
  238    17     7    47
  239    61    51    91
  240    35    25    64
  241    66    56    95
  242    56    46    85
  243    69    59    98
  244    33    23    62
  245    42    32    71
  246    21    11    50
  247    20    10    49
  248    53    43    81
  249    51    41    79
  250    54    44    82
  251    66    56    94
  252    58    48    86
  253    39    29    67
  254    42    32    70
  255    72    62    99
  256    42    32    69
  257    66    56    93
  258    52    42    79
  259    54    44    81
  260    62    52    89
  261    62    52    89
  262    42    32    69
  263    33    23    60
  264    57    47    84
  265    31    21    58
  266    61    51    88
  267    62    52    89
  268    69    59    95
  269    23    13    49
  270    16     6    42
  271    67    57    93
  272    47    37    73
  273    11     1    37
  274    58    48    84
  275    56    46    82
  276    11     1    37
  277    37    27    63
  278    27    17    53
  279    52    42    78
  280    29    19    55
  281    57    47    82
  282    72    62    97
  283    48    38    73
  284    58    48    83
  285    53    43    78
  286    71    61    96
  287    57    47    82
  288    30    20    55
  289    73    63    98
  290    70    60    95
  291    17     7    41
  292    13     3    37
  293    69    59    93
  294    60    50    84
  295    65    55    89
  296    63    53    87
  297    33    23    57
  298    49    39    73
  299    37    27    61
  300    52    42    75
  301    73    63    96
  302    76    66    99
  303    65    55    88
  304    11     1    34
  305    62    52    85
  306    28    18    51
  307    63    53    86
  308    15     5    38
  309    61    51    84
  310    53    43    76
  311    31    21    54
  312    72    62    95
  313    45    35    68
  314    72    62    95
  315    34    24    57
  316    58    48    81
  317    25    15    48
  318    61    51    83
  319    76    66    98
  320    60    50    82
  321    38    28    60
  322    74    64    96
  323    33    23    55
  324    58    48    80
  325    43    33    65
  326    67    57    89
  327    50    40    72
  328    45    35    66
  329    74    64    95
  330    63    53    84
  331    55    45    76
  332    75    65    96
  333    56    46    77
  334    58    48    79
  335    75    65    96
  336    76    66    97
  337    27    17    48
  338    15     5    36
  339    17     7    37
  340    70    60    90
  341    72    62    92
  342    69    59    89
  343    22    12    42
  344    50    40    70
  345    58    48    78
  346    62    52    82
  347    19     9    38
  348    74    64    93
  349    65    55    84
  350    73    63    92
  351    64    54    83
  352    77    67    96
  353    47    37    65
  354    80    70    98
  355    23    13    41
  356    79    69    97
  357    70    60    88
  358    67    57    85
  359    67    57    85
  360    55    45    73
  361    76    66    94
  362    24    14    42
  363    76    66    94
  364    58    48    76
  365    35    25    53
  366    51    41    68
  367    55    45    72
  368    74    64    91
  369    33    23    50
  370    49    39    66
  371    78    68    95
  372    77    67    94
  373    81    71    98
  374    27    17    44
  375    24    14    41
  376    69    59    86
  377    63    53    80
  378    80    70    97
  379    31    21    48
  380    54    44    70
  381    27    17    43
  382    69    59    85
  383    76    66    92
  384    79    69    95
  385    71    61    87
  386    77    67    93
  387    27    17    43
  388    11     1    27
  389    82    72    98
  390    78    68    94
  391    43    33    59
  392    78    68    94
  393    55    45    71
  394    74    64    90
  395    61    51    77
  396    83    73    99
  397    25    15    40
  398    44    34    59
  399    80    70    95
  400    17     7    32
  401    62    52    77
  402    59    49    74
  403    16     6    31
  404    72    62    87
  405    70    60    85
  406    80    70    95
  407    83    73    97
  408    23    13    37
  409    29    19    43
  410    35    25    49
  411    49    39    63
  412    53    43    67
  413    61    51    75
  414    77    67    91
  415    51    41    65
  416    64    54    78
  417    74    64    88
  418    37    27    51
  419    16     6    30
  420    63    53    77
  421    82    72    96
  422    85    75    98
  423    46    36    59
  424    53    43    66
  425    27    17    40
  426    56    46    69
  427    21    11    34
  428    68    58    80
  429    55    45    67
  430    76    66    88
  431    72    62    84
  432    14     4    26
  433    64    54    76
  434    87    77    99
  435    71    61    83
  436    73    63    85
  437    61    51    73
  438    24    14    36
  439    46    36    58
  440    85    75    96
  441    76    66    87
  442    79    69    90
  443    41    31    52
  444    56    46    67
  445    65    55    76
  446    83    73    94
  447    58    48    69
  448    11     1    22
  449    82    72    93
  450    83    73    94
  451    83    73    94
  452    74    64    85
  453    38    28    48
  454    58    48    68
  455    35    25    45
  456    89    79    99
  457    67    57    77
  458    37    27    47
  459    87    77    97
  460    89    79    99
  461    84    74    94
  462    81    71    91
  463    87    77    97
  464    70    60    80
  465    88    78    98
  466    79    69    89
  467    84    74    94
  468    89    79    99
  469    72    62    82
  470    43    33    53
  471    53    43    63
  472    75    65    85
  473    25    15    35
  474    78    68    87
  475    86    76    95
  476    77    67    86
  477    54    44    63
  478    73    63    82
  479    15     5    24
  480    79    69    88
  481    42    32    51
  482    51    41    60
  483    82    72    91
  484    76    66    85
  485    73    63    82
  486    72    62    81
  487    77    67    85
  488    78    68    86
  489    85    75    93
  490    33    23    41
  491    14     4    22
  492    88    78    96
  493    91    81    99
  494    81    71    89
  495    22    12    30
  496    90    80    98
  497    30    20    38
  498    67    57    75
  499    60    50    68
  500    70    60    78
  501    79    69    87
  502    86    76    94
  503    26    16    34
  504    72    62    80
  505    76    66    84
  506    71    61    79
  507    76    66    84
  508    66    56    74
  509    85    75    93
  510    75    65    83
  511    35    25    42
  512    86    76    93
  513    74    64    81
  514    78    68    85
  515    91    81    98
  516    72    62    79
  517    63    53    70
  518    36    26    43
  519    30    20    37
  520    85    75    92
  521    59    49    66
  522    90    80    97
  523    74    64    81
  524    60    50    67
  525    90    80    97
  526    15     5    22
  527    70    60    77
  528    89    79    96
  529    61    51    68
  530    66    56    73
  531    89    79    96
  532    86    76    93
  533    74    64    81
  534    15     5    22
  535    22    12    28
  536    78    68    84
  537    93    83    99
  538    24    14    30
  539    92    82    98
  540    83    73    89
  541    90    80    96
  542    45    35    51
  543    33    23    39
  544    20    10    26
  545    63    53    69
  546    38    28    44
  547    72    62    78
  548    38    28    44
  549    13     3    19
  550    70    60    76
  551    89    79    95
  552    86    76    92
  553    19     9    24
  554    76    66    81
  555    76    66    81
  556    39    29    44
  557    12     2    17
  558    90    80    95
  559    46    36    51
  560    94    84    99
  561    73    63    78
  562    89    79    94
  563    93    83    98
  564    40    30    45
  565    65    55    70
  566    48    38    53
  567    65    55    70
  568    91    81    96
  569    89    79    94
  570    88    78    93
  571    52    42    57
  572    45    35    50
  573    93    83    98
  574    74    64    78
  575    43    33    47
  576    86    76    90
  577    47    37    51
  578    15     5    19
  579    66    56    70
  580    92    82    96
  581    56    46    60
  582    59    49    63
  583    29    19    33
  584    84    74    88
  585    32    22    36
  586    61    51    65
  587    78    68    82
  588    80    70    84
  589    94    84    98
  590    19     9    23
  591    53    43    57
  592    55    45    59
  593    25    15    29
  594    94    84    98
  595    76    66    80
  596    27    17    31
  597    53    43    57
  598    73    63    77
  599    90    80    93
  600    38    28    41
  601    59    49    62
  602    92    82    95
  603    16     6    19
  604    51    41    54
  605    44    34    47
  606    76    66    79
  607    62    52    65
  608    51    41    54
  609    88    78    91
  610    90    80    93
  611    48    38    51
  612    69    59    72
  613    79    69    82
  614    88    78    91
  615    28    18    30
  616    89    79    91
  617    69    59    71
  618    31    21    33
  619    86    76    88
  620    87    77    89
  621    27    17    29
  622    26    16    28
  623    69    59    71
  624    85    75    87
  625    93    83    95
  626    94    84    96
  627    34    24    36
  628    31    21    33
  629    86    76    88
  630    95    85    97
  631    85    75    87
  632    39    29    41
  633    84    74    86
  634    92    82    94
  635    57    47    59
  636    73    63    75
  637    95    85    97
  638    12     2    14
  639    98    88    99
  640    90    80    91
  641    74    64    75
  642    52    42    53
  643    80    70    81
  644    11     1    12
  645    49    39    50
  646    59    49    60
  647    67    57    68
  648    61    51    62
  649    49    39    50
  650    67    57    68
  651    80    70    81
  652    63    53    64
  653    92    82    93
  654    85    75    86
  655    94    84    95
  656    14     4    15
  657    95    85    96
  658    81    71    82
  659    97    87    98
  660    32    22    33
  661    75    65    75
  662    60    50    60
  663    61    51    61
  664    99    89    99
  665    81    71    81
  666    82    72    82
  667    32    22    32
  668    39    29    39
  669    90    80    90
  670    99    89    99
  671    61    51    61
  672    97    87    97
  673    79    69    79
  674    42    32    42
  675    51    41    51
  676    74    64    74
  677    94    84    94
  678    87    77    87
  679    98    88    98
  680    89    79    89
  681    58    48    57
  682    98    88    97
  683    89    79    88
  684    79    69    78
  685    66    56    65
  686    51    41    50
  687    79    69    78
  688    27    17    26
  689    35    25    34
  690    73    63    72
  691   100    90    99
  692    63    53    62
  693    78    68    77
  694    28    18    27
  695    77    67    76
  696    76    66    75
  697    85    75    84
  698    64    54    63
  699    40    30    39
  700    42    32    41
  701    94    84    93
  702    95    85    94
  703    42    32    40
  704    77    67    75
  705    69    59    67
  706    90    80    88
  707    75    65    73
  708    53    43    51
  709    96    86    94
  710    35    25    33
  711    87    77    85
  712    53    43    51
  713    87    77    85
  714    62    52    60
  715    92    82    90
  716    25    15    23
  717    73    63    71
  718    96    86    94
  719    76    66    74
  720    82    72    79
  721   102    92    99
  722    94    84    91
  723    70    60    67
  724    96    86    93
  725    83    73    80
  726    99    89    96
  727   102    92    99
  728    64    54    61
  729    84    74    81
  730    75    65    72
  731    84    74    81
  732    87    77    84
  733    95    85    92
  734    75    65    72
  735   101    91    98
  736    18     8    15
  737   100    90    97
  738    95    85    92
  739    11     1     8
  740   101    91    98
  741   101    91    98
  742    95    85    91
  743    39    29    35
  744    96    86    92
  745    75    65    71
  746    63    53    59
  747    56    46    52
  748   102    92    98
  749    79    69    75
  750    94    84    90
  751    30    20    26
  752   101    91    97
  753    97    87    93
  754    88    78    84
  755    93    83    89
  756    18     8    14
  757    54    44    50
  758    22    12    18
  759    21    11    17
  760    95    85    91
  761    49    39    45
  762    44    34    39
  763    95    85    90
  764   104    94    99
  765    74    64    69
  766   102    92    97
  767    36    26    31
  768    60    50    55
  769    45    35    40
  770    74    64    69
  771    77    67    72
  772    94    84    89
  773    79    69    74
  774    81    71    76
  775   101    91    96
  776    55    45    50
  777   104    94    99
  778    77    67    72
  779    53    43    48
  780    75    65    70
  781   104    94    99
  782    96    86    91
  783    98    88    93
  784    90    80    85
  785    11     1     6
  786    89    79    84
  787   101    91    96
  788    90    80    85
  789    16     6    11
  790    84    74    79
  791    91    81    86
  792    24    14    19
  793    99    89    94
  794    89    79    84
  795    76    66    70
  796   104    94    98
  797    26    16    20
  798    66    56    60
  799   101    91    95
  800   101    91    95
  801    98    88    92
  802    49    39    43
  803   105    95    99
  804   105    95    99
  805    90    80    84
  806   103    93    97
  807    97    87    91
  808    82    72    76
  809   101    91    95
  810   105    95    99
  811   104    94    98
  812    82    72    76
  813    82    72    76
  814    93    83    87
  815    15     5     9
  816    66    56    60
  817    39    29    33
  818   105    95    99
  819    96    86    89
  820    53    43    46
  821    82    72    75
  822    52    42    45
  823    90    80    83
  824   100    90    93
  825    66    56    59
  826   101    91    94
  827   101    91    94
  828    83    73    76
  829    87    77    80
  830   106    96    99
  831   106    96    99
  832   106    96    99
  833   105    95    98
  834   102    92    95
  835    33    23    26
  836    69    59    62
  837    20    10    13
  838    50    40    43
  839    72    62    65
  840    88    78    81
  841   104    94    97
  842    38    28    31
  843   106    96    99
  844    97    87    90
  845    95    85    88
  846    74    64    67
  847    23    13    16
  848   102    92    95
  849    24    14    17
  850    27    17    20
  851    89    79    82
  852   105    95    98
  853   103    93    96
  854   104    94    96
  855   101    91    93
  856   104    94    96
  857   107    97    99
  858   103    93    95
  859    94    84    86
  860    48    38    40
  861   101    91    93
  862    99    89    91
  863   103    93    95
  864    84    74    76
  865   107    97    99
  866    92    82    84
  867    59    49    51
  868   107    97    99
  869   104    94    96
  870    97    87    89
  871    64    54    56
  872   101    91    93
  873    57    47    49
  874    94    84    86
  875    91    81    83
  876    97    87    89
  877    47    37    39
  878    66    56    58
  879    74    64    66
  880    86    76    78
  881    66    56    58
  882    98    88    90
  883    97    87    89
  884   104    94    96
  885    93    83    85
  886   105    95    97
  887   106    96    98
  888   108    98    99
  889    93    83    84
  890   105    95    96
  891   107    97    98
  892   108    98    99
  893   105    95    96
  894    68    58    59
  895    89    79    80
  896    68    58    59
  897    47    37    38
  898   105    95    96
  899   106    96    97
  900   106    96    97
  901   105    95    96
  902   103    93    94
  903    96    86    87
  904   106    96    97
  905   108    98    99
  906   106    96    97
  907    83    73    74
  908    65    55    56
  909   101    91    92
  910   108    98    99
  911    39    29    30
  912   106    96    97
  913   108    98    99
  914   104    94    95
  915   108    98    99
  916    93    83    84
  917    97    87    88
  918   108    98    99
  919    95    85    86
  920   102    92    93
  921    44    34    35
  922   105    95    96
  923    66    56    57
  924    98    88    89
  925    88    78    79
  926    50    40    41
  927   106    96    97
  928    83    73    74
  929    47    37    38
  930    53    43    44
  931   100    90    91
  932    49    39    39
  933    18     8     8
  934   106    96    96
  935    94    84    84
  936    75    65    65
  937   105    95    95
  938    95    85    85
  939   105    95    95
  940   109    99    99
  941   105    95    95
  942   110   100   100
  943   109    99    99
  944   108    98    98
  945   109    99    99
  946    95    85    85
  947    35    25    25
  948   105    95    95
  949    39    29    29
  950   110   100   100
  951    89    79    79
  952   110   100   100
  953   110   100   100
  954    85    75    75
  955   104    94    94
  956    88    78    78
  957    99    89    89
  958   100    90    90
  959    87    77    77
  960   110   100   100
  961   106    96    96
  962   110   100   100
  963   110   100   100
  964    73    63    63
  965    75    65    65
  966    53    43    43
  967    61    51    51
  968   108    98    98
  969   103    93    93
  970   109    99    99
  971   110   100   100
  972    78    68    68
  973   109    99    99
  974   109    99    99
  975   110   100   100
  976   109    99    99
  977   110   100   100
  978   104    94    94
  979   107    97    97
  980    50    40    40
  981   110   100   100
  982   109    99    99
  983    77    67    67
  984   102    92    92
  985   108    98    98
  986   109    99    99
  987   110   100   100
  988    71    61    61
  989    95    85    85
  990   105    95    95
  991   100    90    90
  992   108    98    98
  993   110   100   100
  994   106    96    96
  995    27    17    17
  996    79    69    69
  997   104    94    94
  998   108    98    98
  999   102    92    92
  100