 1000
    0     2     1    99
    1     1     6    99
    2     1     1    92
    3     1     2    93
    4     1     5    95
    5    17     8    98
    6    11     8    98
    7    11     9    99
    8    17     8    98
    9     1     4    94
   10    10     6    96
   11     1     6    95
   12     7     1    88
   13     8    11    98
   14     1     4    91
   15     1     7    93
   16    10     9    95
   17    14     4    89
   18     6    11    95
   19     1     2    86
   20     7     9    92
   21    20    16    99
   22     5    14    96
   23     1     1    82
   24     6     3    84
   25     3     9    89
   26    15    14    94
   27    26    19    99
   28    10     9    85
   29    13     6    82
   30    14     6    81
   31    13    11    86
   32    14    18    92
   33    16    19    93
   34     9     7    80
   35    30    24    97
   36    27    27    99
   37     3    12    84
   38    22    18    90
   39    35    28    99
   40    20    15    86
   41    15    23    94
   42    19    13    83
   43    25    29    99
   44    26    29    99
   45    11    19    89
   46    29    23    92
   47     8     8    77
   48     7    14    83
   49     2    12    81
   50    13    10    79
   51     7    11    79
   52    28    21    89
   53    10    12    80
   54    10    11    78
   55    25    18    85
   56     9    10    77
   57    16    12    79
   58    20    15    81
   59    22    23    89
   60    13    13    79
   61     1     2    67
   62     4    14    79
   63    31    23    88
   64    17    10    75
   65    25    30    95
   66    20    26    91
   67    18    20    85
   68    21    18    82
   69    32    29    93
   70    14    22    86
   71    12    13    76
   72    31    29    92
   73     9    19    82
   74    28    36    98
   75    23    33    95
   76    16    19    81
   77     1    11    73
   78    35    36    98
   79    35    25    86
   80    25    30    91
   81    37    27    88
   82    11    16    77
   83    37    30    91
   84    26    33    94
   85    34    32    92
   86    35    29    89
   87    24    16    76
   88    46    38    98
   89    12    12    72
   90     7     7    66
   91    25    33    92
   92    32    25    84
   93    30    25    84
   94    22    22    81
   95    30    29    88
   96     1     4    63
   97     3    11    70
   98    16    15    74
   99    26    23    81
  100     1     6    64
  101     8     7    65
  102    31    35    93
  103    35    25    83
  104    15    16    74
  105     8     9    67
  106    41    39    97
  107    51    41    97
  108    26    16    72
  109    43    37    93
  110    25    34    89
  111    21    17    72
  112    32    41    96
  113    21    14    68
  114    49    44    98
  115    26    18    72
  116    42    36    90
  117    19     9    63
  118    24    20    74
  119    47    45    99
  120    33    40    94
  121     8    18    71
  122    31    30    83
  123    45    39    92
  124    32    39    92
  125    27    27    80
  126     6     1    54
  127     9    16    68
  128    32    22    74
  129    30    24    76
  130    38    41    93
  131    18    13    65
  132    51    44    95
  133    40    47    98
  134    13    11    62
  135    36    30    81
  136    35    42    93
  137    32    23    74
  138    34    30    81
  139    29    20    71
  140    42    36    87
  141    51    42    92
  142    26    20    70
  143    43    33    83
  144    21    29    79
  145    24    30    80
  146    14    19    69
  147    21    12    62
  148    37    30    80
  149    48    40    90
  150    20    15    65
  151    44    50    99
  152    39    37    86
  153    50    41    90
  154    40    35    84
  155    33    33    82
  156     1     1    50
  157    32    37    86
  158    48    40    89
  159    47    40    88
  160    29    24    72
  161    16    19    67
  162    41    42    90
  163    55    51    99
  164    34    32    80
  165    31    29    77
  166    21    29    77
  167    48    43    91
  168    14    14    62
  169    49    43    91
  170    11     7    55
  171    34    33    81
  172    11    19    67
  173    41    50    97
  174    15     8    55
  175    14     7    54
  176    11    15    62
  177    15    14    61
  178    25    32    79
  179    33    31    78
  180    39    39    86
  181    52    51    98
  182    46    41    87
  183    15    19    65
  184    53    51    96
  185    45    53    98
  186     4    10    55
  187    42    35    80
  188    57    49    94
  189    55    50    95
  190    10     3    47
  191     1     5    49
  192    42    49    93
  193    20    23    67
  194     2     3    46
  195    52    52    95
  196    24    33    76
  197     1     2    45
  198    17    25    68
  199    37    36    79
  200    32    39    82
  201    19    21    64
  202    34    32    75
  203    38    28    70
  204     8     1    43
  205    25    23    65
  206    36    43    85
  207    18    24    66
  208     1     2    44
  209    35    41    83
  210    28    20    61
  211    12    20    61
  212    20    25    66
  213    47    52    93
  214    22    18    59
  215    40    50    91
  216    62    57    98
  217    33    35    76
  218    52    46    87
  219    54    45    86
  220    26    29    69
  221    30    29    69
  222    45    42    82
  223    65    59    99
  224    15     7    47
  225    19    19    59
  226    41    46    86
  227    48    53    93
  228    49    49    88
  229    49    48    87
  230    25    21    60
  231     1     9    48
  232    54    48    87
  233    38    44    83
  234    13     4    43
  235    13     7    46
  236    19    21    60
  237    32    37    76
  238    57    47    85
  239    64    56    94
  240    14     8    46
  241     7    13    51
  242     5     9    47
  243    41    41    79
  244     9    11    49
  245    12     9    47
  246    54    44    82
  247     1     2    40
  248    52    51    88
  249    40    38    75
  250    32    37    74
  251    14    23    60
  252    30    26    63
  253     7    16    53
  254    55    55    92
  255    54    48    85
  256    67    62    99
  257    59    59    96
  258    50    51    88
  259    51    44    81
  260    38    30    66
  261    49    44    80
  262    26    30    66
  263    29    22    58
  264     1     6    42
  265    51    45    81
  266    17    26    62
  267    45    43    79
  268     3     4    39
  269    36    27    62
  270    45    36    71
  271    59    52    87
  272    38    38    73
  273    55    59    94
  274     1     8    43
  275    44    41    76
  276    52    61    96
  277    23    23    58
  278     6     7    42
  279    41    36    70
  280    20    21    55
  281    40    42    76
  282    56    56    90
  283    48    57    91
  284    33    41    75
  285    10     8    42
  286    69    64    98
  287    60    53    87
  288    47    51    85
  289    51    44    78
  290    58    63    96
  291    40    33    66
  292    49    59    92
  293    62    59    92
  294    50    46    79
  295    20    30    63
  296    18    12    45
  297    31    24    57
  298    56    64    96
  299    53    57    89
  300    57    55    87
  301    66    59    91
  302    49    41    73
  303    26    31    63
  304    43    53    85
  305    34    32    64
  306     3    13    45
  307    39    38    70
  308     4     9    41
  309    24    31    63
  310    33    42    74
  311    46    50    82
  312    30    27    58
  313     1     2    33
  314    44    46    77
  315    21    12    43
  316    60    66    97
  317    28    35    66
  318     1     1    32
  319    46    52    83
  320    47    47    78
  321     6    13    44
  322    59    68    99
  323    26    18    49
  324    38    36    67
  325    30    35    66
  326     5     3    33
  327    19    13    43
  328    49    47    77
  329     1     6    36
  330    54    48    78
  331    51    57    87
  332    58    62    92
  333    67    60    90
  334    53    61    91
  335    25    29    59
  336    74    65    95
  337     8    18    48
  338     8     7    37
  339    69    65    95
  340    63    60    89
  341    73    65    94
  342    56    52    81
  343    64    58    87
  344    69    66    95
  345     7     5    34
  346    43    41    70
  347    14     4    33
  348    50    41    70
  349    60    68    97
  350    30    29    58
  351    69    64    92
  352    59    65    93
  353    68    71    99
  354    42    52    80
  355    39    42    70
  356    16    18    46
  357    38    33    61
  358    68    71    99
  359    38    34    62
  360    70    61    89
  361    51    59    87
  362    52    50    78
  363    32    26    54
  364     3    13    40
  365    69    67    94
  366    54    53    80
  367    68    70    97
  368    77    72    99
  369    61    68    95
  370    63    71    98
  371    68    63    90
  372    50    60    86
  373    32    26    52
  374     5     6    32
  375    34    40    66
  376    57    63    89
  377    79    69    95
  378     7    14    40
  379    54    54    80
  380    25    31    57
  381    12     2    28
  382    73    72    97
  383    13    15    40
  384    68    73    98
  385    62    67    92
  386    75    70    95
  387    34    31    56
  388    63    71    96
  389    43    34    59
  390    46    51    76
  391    47    49    74
  392    56    47    71
  393    52    49    73
  394    36    45    69
  395    12    19    43
  396    56    65    89
  397    42    52    76
  398    49    52    76
  399     7     8    32
  400    39    36    60
  401    44    54    78
  402    53    43    67
  403    36    37    61
  404    62    68    92
  405    45    55    79
  406    58    62    85
  407    30    28    51
  408    11    15    38
  409    75    71    94
  410    11     6    29
  411    58    61    84
  412    45    42    65
  413    12     7    30
  414    42    33    56
  415    22    23    46
  416     4     1    24
  417    42    44    67
  418    80    73    96
  419    51    54    77
  420    67    75    98
  421    51    50    73
  422    72    72    94
  423    47    55    77
  424    46    42    64
  425    69    76    98
  426    45    53    75
  427    53    58    80
  428    56    52    74
  429    75    77    99
  430    82    77    99
  431    76    69    91
  432    82    72    94
  433    52    42    64
  434    70    72    94
  435     9     1    23
  436    49    52    73
  437    18    17    38
  438    53    47    68
  439    34    32    53
  440    85    75    96
  441    78    71    92
  442    55    58    79
  443    76    66    87
  444    66    72    93
  445    33    35    56
  446    48    41    62
  447    68    76    96
  448    55    65    85
  449    46    40    60
  450    69    74    94
  451     1     1    21
  452    51    53    73
  453    74    76    96
  454    15    13    33
  455    50    51    71
  456    58    64    84
  457    81    71    91
  458    10    20    40
  459    36    33    53
  460    57    56    76
  461    83    76    96
  462    42    49    69
  463     5     5    24
  464    73    68    87
  465    76    74    93
  466    20    19    38
  467    43    53    72
  468    17    21    40
  469     8     4    23
  470    55    57    76
  471    32    23    42
  472    56    61    80
  473    27    25    44
  474    55    56    75
  475    61    58    77
  476    71    67    86
  477    82    75    93
  478    43    43    61
  479    62    69    87
  480    78    77    95
  481    55    53    71
  482     6    10    28
  483    19    27    45
  484    86    77    95
  485    28    30    48
  486    90    80    98
  487    19    26    43
  488    23    20    37
  489    88    78    95
  490    68    58    75
  491    63    72    89
  492    46    42    59
  493    84    79    96
  494    40    45    62
  495    86    78    95
  496    64    66    83
  497    81    81    98
  498    79    71    88
  499    83    79    96
  500    36    28    45
  501    65    61    78
  502    60    57    74
  503     9    14    31
  504    33    38    55
  505    63    66    82
  506    80    72    88
  507    73    72    88
  508    61    63    79
  509    59    63    79
  510    40    50    66
  511    33    26    42
  512    36    44    60
  513    77    81    97
  514     8    13    29
  515    86    82    98
  516    28    21    37
  517    68    63    79
  518    22    29    45
  519    34    35    51
  520    75    77    93
  521    34    35    51
  522    41    32    48
  523     9     8    24
  524    47    56    72
  525    51    45    61
  526    22    19    35
  527    41    39    55
  528    49    59    74
  529    53    57    72
  530    33    43    58
  531    64    67    82
  532    70    69    84
  533    82    84    99
  534    13    10    25
  535    25    21    36
  536    69    72    87
  537    94    84    99
  538    73    67    82
  539    51    43    58
  540    70    72    87
  541    72    72    87
  542    48    51    66
  543    33    38    53
  544    85    81    96
  545    14    11    26
  546    56    55    70
  547    73    77    92
  548    59    64    79
  549    47    40    55
  550    37    32    46
  551    42    39    53
  552    79    84    98
  553    67    66    80
  554    13    20    34
  555    67    71    85
  556    73    82    96
  557    93    85    99
  558    75    76    90
  559    53    50    64
  560    57    58    72
  561    77    83    97
  562    57    62    76
  563    92    84    98
  564    71    76    90
  565    68    69    83
  566    36    27    41
  567    10    11    25
  568    45    43    57
  569    63    61    74
  570    72    64    77
  571    91    81    94
  572     5     2    15
  573    44    49    62
  574    85    81    94
  575    10    18    31
  576    73    69    82
  577    19    16    29
  578    85    80    93
  579    22    30    43
  580    63    66    79
  581     1     1    14
  582    72    81    94
  583    32    32    45
  584    34    35    48
  585    90    85    98
  586     2     9    22
  587    62    63    76
  588    24    20    33
  589    66    70    83
  590    74    77    90
  591    15    17    30
  592    15    10    23
  593    78    82    94
  594     8     5    17
  595    41    37    49
  596    21    21    33
  597    56    52    64
  598    39    42    54
  599    59    61    73
  600    39    30    42
  601    80    72    84
  602    91    85    97
  603    71    70    82
  604    25    33    45
  605    44    39    51
  606    71    72    84
  607    85    84    96
  608    88    87    99
  609    89    86    98
  610    76    75    87
  611    43    33    45
  612    43    50    62
  613    77    82    93
  614    18    19    30
  615    10    17    28
  616    88    80    91
  617    45    41    52
  618    37    27    38
  619    33    35    46
  620    17    14    25
  621    65    70    81
  622    20    20    31
  623    77    81    92
  624    95    85    96
  625    52    43    54
  626    75    80    91
  627    42    35    46
  628    80    81    92
  629    91    85    96
  630    54    59    70
  631    69    77    88
  632    80    83    94
  633    11    20    31
  634    20    12    23
  635    39    31    41
  636    63    61    71
  637    64    56    66
  638    61    64    74
  639    30    28    38
  640    90    80    90
  641    54    53    63
  642    28    18    28
  643    95    87    97
  644    60    52    62
  645    74    84    94
  646    79    86    96
  647    85    76    86
  648    32    28    38
  649    82    85    95
  650    14     5    15
  651    61    66    76
  652    96    87    97
  653    94    85    95
  654    63    72    82
  655    12     4    13
  656    90    84    93
  657    91    85    94
  658    43    49    58
  659    82    81    90
  660    90    90    99
  661    73    79    88
  662    83    90    99
  663     1     4    13
  664    49    40    49
  665    45    53    62
  666    74    84    93
  667    87    86    95
  668    36    29    38
  669    87    90    99
  670    80    70    79
  671    98    89    98
  672    97    90    99
  673    83    84    93
  674    87    86    95
  675    82    74    83
  676    90    90    99
  677    92    86    95
  678    20    29    38
  679    47    54    63
  680    85    80    89
  681    86    82    91
  682    36    34    43
  683    77    69    78
  684    78    82    91
  685    22    18    27
  686    67    60    69
  687    84    78    87
  688    26    29    38
  689    57    56    65
  690    72    64    73
  691    79    86    95
  692    86    89    98
  693    64    67    76
  694    94    90    99
  695    88    89    98
  696    84    88    97
  697    87    83    92
  698    74    72    81
  699    33    31    39
  700     2     3    11
  701    88    88    96
  702    90    87    95
  703    75    80    88
  704    84    90    98
  705    89    86    94
  706    35    44    52
  707    73    82    90
  708    86    87    95
  709    27    21    29
  710    80    86    94
  711    97    91    99
  712    72    78    86
  713    79    75    83
  714    25    35    43
  715    82    85    93
  716    77    80    88
  717    94    85    93
  718    91    82    90
  719    53    56    64
  720    44    37    45
  721    85    88    96
  722    26    35    42
  723    98    90    97
  724    49    46    53
  725    63    73    80
  726    78    87    94
  727    19    12    19
  728    65    75    82
  729    59    65    72
  730    89    92    99
  731    39    43    50
  732    67    70    77
  733    66    59    66
  734    69    77    84
  735    58    61    68
  736    58    66    73
  737    54    48    55
  738    96    89    96
  739    32    26    33
  740    77    85    92
  741    57    66    73
  742    51    53    60
  743    55    59    66
  744    67    73    80
  745    69    60    67
  746    82    90    97
  747    11     9    15
  748   101    93    99
  749    54    64    70
  750    67    74    80
  751    89    93    99
  752    85    80    86
  753    87    91    97
  754    74    75    81
  755    56    55    61
  756    67    73    79
  757    67    58    64
  758    21    12    18
  759    91    91    97
  760    89    88    94
  761    74    77    83
  762    96    90    96
  763    84    75    81
  764    64    67    73
  765    79    71    77
  766    81    79    85
  767   101    93    99
  768    85    92    98
  769    97    93    99
  770    17    24    30
  771    55    55    61
  772    18    24    29
  773    57    63    68
  774    18    17    22
  775    89    91    96
  776     5     8    13
  777    48    58    63
  778    58    52    57
  779    76    85    90
  780    97    94    99
  781     1     3     8
  782    11    19    24
  783    62    72    77
  784    72    66    71
  785   101    93    98
  786    30    37    42
  787    88    81    86
  788    11    21    26
  789    59    59    64
  790    66    76    81
  791    56    49    54
  792    37    29    34
  793    30    40    45
  794    62    69    74
  795    40    40    45
  796    77    81    86
  797    83    73    78
  798    46    47    52
  799    69    72    77
  800    94    90    95
  801   103    94    99
  802    98    89    94
  803    80    82    87
  804    89    90    95
  805     6    10    15
  806    18    19    24
  807   101    94    99
  808    81    73    77
  809     8     8    12
  810    65    61    65
  811    96    88    92
  812    56    52    56
  813    66    67    71
  814    92    92    96
  815    80    81    85
  816    87    89    93
  817    84    77    81
  818    96    92    96
  819    81    88    92
  820   102    95    99
  821    98    89    93
  822    93    92    96
  823    84    93    97
  824    78    88    92
  825    84    75    79
  826    53    59    63
  827    85    91    95
  828    90    84    88
  829    70    72    76
  830    88    89    93
  831    37    44    48
  832    74    80    84
  833    61    70    74
  834    14     9    13
  835    76    82    86
  836    22    29    33
  837    40    32    35
  838    69    78    81
  839    97    91    94
  840    37    41    44
  841    96    90    93
  842    86    94    97
  843    42    38    41
  844    91    90    93
  845    49    42    45
  846    62    56    59
  847     6    12    15
  848    68    67    70
  849    60    56    59
  850    80    86    89
  851   100    90    93
  852    90    80    83
  853    34    30    33
  854    86    90    93
  855    72    79    82
  856    87    82    85
  857    58    54    57
  858    87    93    96
  859    81    86    89
  860   103    96    99
  861    51    45    48
  862    78    84    87
  863    63    67    70
  864    92    95    97
  865    26    28    30
  866    27    23    25
  867    93    88    90
  868    67    69    71
  869    62    59    61
  870    75    80    82
  871   101    95    97
  872    72    68    70
  873    84    93    95
  874    44    44    46
  875    67    59    61
  876    94    95    97
  877   100    96    98
  878   100    96    98
  879    82    83    85
  880     8     8    10
  881    11    12    14
  882    80    88    90
  883    87    95    97
  884    78    78    80
  885    84    90    92
  886    90    93    95
  887    88    96    98
  888    79    85    87
  889   100    92    94
  890    39    44    46
  891    92    96    98
  892    96    90    92
  893    41    35    37
  894   100    97    99
  895    87    94    96
  896    77    68    70
  897    57    52    54
  898   102    97    99
  899    53    58    60
  900    85    82    84
  901    89    93    94
  902    88    97    98
  903    13     4     5
  904    82    76    77
  905    92    98    99
  906    82    78    79
  907    63    66    67
  908    88    98    99
  909    94    92    93
  910    93    98    99
  911    96    92    93
  912    91    93    94
  913    81    80    81
  914    87    89    90
  915    74    70    71
  916    79    75    76
  917   106    98    99
  918   101    92    93
  919   100    96    97
  920    74    83    84
  921    49    52    53
  922     6    15    16
  923    99    97    98
  924    93    98    99
  925    40    34    35
  926    96    94    95
  927    83    87    88
  928    23    14    15
  929    66    75    76
  930    90    95    96
  931    91    95    96
  932    94    95    96
  933    75    77    78
  934    34    35    36
  935    26    25    26
  936    89    96    97
  937    98    94    95
  938   103    96    97
  939    66    60    61
  940    74    80    81
  941   103    94    95
  942    73    76    77
  943   103    98    98
  944    92   100   100
  945    95    98    98
  946   101    98    98
  947   104    99    99
  948    88    97    97
  949    91    99    99
  950     1     6     6
  951    96    91    91
  952   107    98    98
  953   100    99    99
  954    75    75    75
  955    23    27    27
  956   105    99    99
  957     6     5     5
  958     1     9     9
  959   104    94    94
  960    99    99    99
  961    61    71    71
  962    99    90    90
  963    93   100   100
  964    83    88    88
  965    99    99    99
  966    81    80    80
  967    71    61    61
  968   108    99    99
  969    97    93    93
  970    54    54    54
  971    82    72    72
  972    94    84    84
  973    88    85    85
  974    90   100   100
  975    46    49    49
  976   106    99    99
  977    25    18    18
  978    98    99    99
  979   106    98    98
  980   109    99    99
  981    12     5     5
  982   103   100   100
  983    38    48    48
  984    90    99    99
  985    92   100   100
  986    45    47    47
  987   108   100   100
  988    78    79    79
  989    99    99    99
  990   102    98    98
  991    93    99    99
  992    95    99    99
  993    54    46    46
  994   103    96    96
  995   105    99    99
  996    61    69    69
  997    96    98    98
  998    91    82    82
  999   100    92    92
  100