 1000
    0     1     1    97
    1     2     2    96
    2     4     4    98
    3     4     4    98
    4     2     2    95
    5     9     9    98
    6     5     5    92
    7     9     9    96
    8    13    13    98
    9     9     9    93
   10    15    15    98
   11     4     4    86
   12    15    15    97
   13     9     9    90
   14    16    16    96
   15    16    16    96
   16    18    18    98
   17    15    15    94
   18     5     5    83
   19    18    18    96
   20     8     8    85
   21    17    17    94
   22    23    23    99
   23    21    21    97
   24    11    11    87
   25    15    15    90
   26    22    22    96
   27     2     2    75
   28    26    26    99
   29     4     4    76
   30    16    16    88
   31    25    25    97
   32    27    27    99
   33    14    14    85
   34     3     3    74
   35     2     2    73
   36    22    22    92
   37    13    13    83
   38    27    27    97
   39    14    14    83
   40    28    28    97
   41     3     3    72
   42    26    26    94
   43    13    13    81
   44    28    28    96
   45     6     6    74
   46    28    28    95
   47    19    19    86
   48     6     6    73
   49    30    30    97
   50    32    32    99
   51    16    16    83
   52    20    20    86
   53    26    26    92
   54     5     5    71
   55    12    12    77
   56    32    32    96
   57    25    25    89
   58     8     8    72
   59     2     2    66
   60    21    21    84
   61     3     3    66
   62    29    29    92
   63    23    23    86
   64    35    35    98
   65    33    33    96
   66     4     4    67
   67    28    28    91
   68    16    16    78
   69    10    10    72
   70    32    32    94
   71     3     3    65
   72    18    18    80
   73     9     9    70
   74     7     7    68
   75    16    16    77
   76    35    35    96
   77    18    18    78
   78    35    35    95
   79    28    28    88
   80    33    33    93
   81    18    18    77
   82     5     5    64
   83    12    12    71
   84     1     1    60
   85    16    16    75
   86     5     5    64
   87    38    38    97
   88    35    35    93
   89    35    35    92
   90    19    19    76
   91     8     8    65
   92    37    37    94
   93    25    25    82
   94    31    31    88
   95    33    33    90
   96    38    38    95
   97    26    26    82
   98    35    35    91
   99    15    15    71
  100    35    35    91
  101     5     5    61
  102    40    40    96
  103    15    15    70
  104     5     5    60
  105    22    22    77
  106     4     4    59
  107    31    31    86
  108    24    24    79
  109    19    19    73
  110    43    43    97
  111     7     7    61
  112     1     1    55
  113    25    25    79
  114    14    14    67
  115    45    45    98
  116     2     2    55
  117    27    27    80
  118    47    47    99
  119    45    45    97
  120     2     2    54
  121    31    31    83
  122    31    31    83
  123    36    36    87
  124    12    12    63
  125    28    28    79
  126    37    37    88
  127    43    43    94
  128    32    32    83
  129    43    43    94
  130    47    47    98
  131     1     1    52
  132    39    39    90
  133    12    12    63
  134    32    32    83
  135    10    10    61
  136     9     9    59
  137    47    47    97
  138    20    20    70
  139    23    23    73
  140    11    11    61
  141     7     7    57
  142    39    39    89
  143    39    39    89
  144    46    46    95
  145    45    45    94
  146     9     9    58
  147    45    45    94
  148    14    14    63
  149    20    20    69
  150    49    49    98
  151    38    38    87
  152     1     1    50
  153    17    17    66
  154    17    17    65
  155    42    42    90
  156    26    26    74
  157    24    24    72
  158    51    51    99
  159    25    25    72
  160    29    29    76
  161    42    42    89
  162    36    36    83
  163    35    35    82
  164    18    18    65
  165    51    51    98
  166    40    40    87
  167    50    50    97
  168    46    46    93
  169     5     5    52
  170     7     7    53
  171     9     9    55
  172    53    53    99
  173    51    51    97
  174    23    23    69
  175     7     7    53
  176    30    30    76
  177    24    24    70
  178    36    36    82
  179    40    40    86
  180     1     1    47
  181    19    19    65
  182    36    36    80
  183    26    26    70
  184    43    43    87
  185     8     8    52
  186    25    25    69
  187    48    48    92
  188     8     8    52
  189    17    17    61
  190    29    29    73
  191    10    10    53
  192    45    45    88
  193    49    49    92
  194    53    53    96
  195    17    17    60
  196    55    55    98
  197     6     6    49
  198    32    32    75
  199    46    46    88
  200    25    25    67
  201    25    25    67
  202    43    43    85
  203    29    29    71
  204    56    56    98
  205    33    33    75
  206     2     2    44
  207    46    46    87
  208     2     2    43
  209    27    27    68
  210    31    31    72
  211    17    17    58
  212    27    27    68
  213    25    25    66
  214    56    56    97
  215    46    46    86
  216    12    12    52
  217    39    39    79
  218     2     2    42
  219    45    45    85
  220    37    37    77
  221    24    24    63
  222    34    34    73
  223    58    58    97
  224    20    20    59
  225    13    13    52
  226    28    28    67
  227     1     1    40
  228    15    15    54
  229    59    59    98
  230    47    47    86
  231    23    23    61
  232     9     9    47
  233    35    35    73
  234    40    40    78
  235    38    38    76
  236    26    26    64
  237    59    59    97
  238    28    28    66
  239    36    36    74
  240    29    29    67
  241    51    51    88
  242    55    55    92
  243    44    44    81
  244    34    34    71
  245    61    61    98
  246    59    59    96
  247    16    16    53
  248    57    57    94
  249    34    34    71
  250    38    38    74
  251    32    32    68
  252    27    27    63
  253    60    60    96
  254    61    61    97
  255    35    35    71
  256    11    11    47
  257    10    10    46
  258     4     4    40
  259    54    54    90
  260     8     8    44
  261    17    17    53
  262     9     9    44
  263    18    18    53
  264    60    60    95
  265    38    38    73
  266    35    35    70
  267    45    45    80
  268     6     6    41
  269    60    60    95
  270     3     3    38
  271    62    62    96
  272    62    62    96
  273    59    59    93
  274     8     8    42
  275    10    10    44
  276    37    37    71
  277    32    32    66
  278     2     2    36
  279    32    32    66
  280    62    62    96
  281    34    34    68
  282    48    48    81
  283     6     6    39
  284    53    53    86
  285    47    47    80
  286    62    62    95
  287    35    35    68
  288    23    23    56
  289    50    50    83
  290    56    56    89
  291    33    33    66
  292    30    30    63
  293    23    23    55
  294    59    59    91
  295    28    28    60
  296    53    53    85
  297    45    45    77
  298    61    61    92
  299    65    65    96
  300    47    47    78
  301    44    44    75
  302    63    63    94
  303    58    58    89
  304    15    15    46
  305    17    17    48
  306    53    53    84
  307     5     5    36
  308     2     2    33
  309    48    48    79
  310    44    44    75
  311    16    16    47
  312    39    39    70
  313    68    68    98
  314    43    43    73
  315    68    68    98
  316    51    51    81
  317    33    33    63
  318    40    40    70
  319    22    22    52
  320     5     5    35
  321    45    45    75
  322    46    46    76
  323    45    45    75
  324    22    22    52
  325     1     1    31
  326    53    53    83
  327    15    15    44
  328    32    32    61
  329    43    43    72
  330    68    68    97
  331    45    45    74
  332    55    55    84
  333    69    69    98
  334    68    68    97
  335    31    31    60
  336    45    45    74
  337    23    23    52
  338    59    59    87
  339    35    35    63
  340    16    16    44
  341    47    47    75
  342     5     5    33
  343    59    59    87
  344    67    67    95
  345    31    31    59
  346    64    64    92
  347     1     1    29
  348    20    20    48
  349    19    19    47
  350    53    53    81
  351    55    55    83
  352    56    56    83
  353    31    31    58
  354    55    55    82
  355    46    46    73
  356    19    19    46
  357    50    50    77
  358     6     6    33
  359    28    28    55
  360    70    70    97
  361    59    59    86
  362     5     5    32
  363    36    36    63
  364    34    34    61
  365    54    54    81
  366    49    49    75
  367    59    59    85
  368    22    22    48
  369    55    55    81
  370    65    65    91
  371    42    42    68
  372    46    46    72
  373    48    48    74
  374    31    31    57
  375    52    52    78
  376    30    30    56
  377    22    22    48
  378    64    64    90
  379    54    54    79
  380    72    72    97
  381    55    55    80
  382    14    14    39
  383    16    16    41
  384    65    65    90
  385    54    54    79
  386    11    11    36
  387    32    32    57
  388    63    63    88
  389    71    71    96
  390    65    65    90
  391    74    74    99
  392    63    63    88
  393    18    18    43
  394    19    19    44
  395    59    59    84
  396    69    69    94
  397    11    11    35
  398    48    48    72
  399    70    70    94
  400    21    21    45
  401    47    47    71
  402    38    38    62
  403    56    56    80
  404    63    63    87
  405     2     2    26
  406    17    17    41
  407    74    74    98
  408    52    52    76
  409    67    67    91
  410    56    56    79
  411    35    35    58
  412    59    59    82
  413     3     3    26
  414    66    66    89
  415    17    17    40
  416    73    73    96
  417     6     6    29
  418    15    15    38
  419    16    16    38
  420    70    70    92
  421    33    33    55
  422    59    59    81
  423    48    48    70
  424     4     4    26
  425    13    13    35
  426    57    57    79
  427    54    54    76
  428    52    52    74
  429    49    49    71
  430    76    76    98
  431    70    70    92
  432    63    63    85
  433    72    72    94
  434    47    47    69
  435    66    66    88
  436    23    23    45
  437    50    50    72
  438    24    24    45
  439    53    53    74
  440    56    56    77
  441    69    69    90
  442    76    76    97
  443    69    69    90
  444    30    30    51
  445    49    49    70
  446    25    25    46
  447    41    41    62
  448    69    69    90
  449    48    48    69
  450    41    41    62
  451    76    76    97
  452    51    51    72
  453    15    15    36
  454    29    29    50
  455    70    70    91
  456     8     8    28
  457    69    69    89
  458    78    78    98
  459    71    71    91
  460     1     1    21
  461    23    23    43
  462    77    77    97
  463    76    76    96
  464    29    29    49
  465    78    78    98
  466    68    68    88
  467     7     7    27
  468    78    78    98
  469    63    63    83
  470    38    38    57
  471    63    63    82
  472    80    80    99
  473    77    77    96
  474    69    69    88
  475    69    69    88
  476    48    48    67
  477    31    31    50
  478    61    61    80
  479    69    69    88
  480    31    31    50
  481    46    46    65
  482    56    56    75
  483    63    63    82
  484    12    12    31
  485    29    29    48
  486    28    28    47
  487    20    20    39
  488    79    79    98
  489    36    36    55
  490    51    51    70
  491    64    64    83
  492    61    61    80
  493    76    76    95
  494    76    76    95
  495    21    21    40
  496    24    24    42
  497    69    69    87
  498    76    76    94
  499    71    71    89
  500    61    61    79
  501    53    53    71
  502    79    79    97
  503    19    19    37
  504    49    49    67
  505     3     3    21
  506    60    60    78
  507    78    78    96
  508    55    55    73
  509    50    50    68
  510    27    27    45
  511    80    80    98
  512    63    63    81
  513    79    79    97
  514    13    13    30
  515    82    82    99
  516    55    55    72
  517    16    16    33
  518    57    57    74
  519    49    49    66
  520    54    54    71
  521    79    79    96
  522    80    80    97
  523    59    59    76
  524     3     3    20
  525    69    69    86
  526    41    41    58
  527    79    79    95
  528    24    24    40
  529    48    48    64
  530    23    23    39
  531    18    18    34
  532    79    79    95
  533    60    60    76
  534    82    82    98
  535    81    81    97
  536    82    82    98
  537    50    50    66
  538    65    65    81
  539    80    80    96
  540    26    26    42
  541    68    68    84
  542    39    39    55
  543    59    59    75
  544    62    62    78
  545    25    25    41
  546    39    39    55
  547    59    59    74
  548    71    71    86
  549    20    20    35
  550    73    73    88
  551    71    71    86
  552    39    39    54
  553    82    82    97
  554    84    84    99
  555    30    30    45
  556    84    84    99
  557    51    51    66
  558    75    75    90
  559    16    16    31
  560    64    64    79
  561    54    54    69
  562    34    34    49
  563    78    78    93
  564    80    80    95
  565    79    79    94
  566    67    67    82
  567    58    58    73
  568    70    70    85
  569    83    83    98
  570    45    45    59
  571    75    75    89
  572    64    64    78
  573    70    70    84
  574    49    49    63
  575    78    78    92
  576    81    81    95
  577     7     7    21
  578    85    85    99
  579    39    39    53
  580    63    63    77
  581    68    68    82
  582    78    78    92
  583    40    40    54
  584    35    35    49
  585    61    61    75
  586    35    35    49
  587    42    42    56
  588     5     5    19
  589    15    15    29
  590    33    33    47
  591    85    85    98
  592    77    77    90
  593    86    86    99
  594    81    81    94
  595    71    71    84
  596    54    54    67
  597    59    59    72
  598    75    75    88
  599    76    76    89
  600    41    41    54
  601    14    14    27
  602    17    17    30
  603    73    73    86
  604    86    86    99
  605    58    58    71
  606    52    52    65
  607    66    66    79
  608    68    68    81
  609    69    69    82
  610    77    77    89
  611    78    78    90
  612    66    66    78
  613    56    56    68
  614    81    81    93
  615    72    72    84
  616    70    70    82
  617    80    80    92
  618     4     4    16
  619    39    39    51
  620    65    65    77
  621    78    78    90
  622    62    62    74
  623    49    49    61
  624    63    63    75
  625    68    68    80
  626    14    14    25
  627    85    85    96
  628    12    12    23
  629    51    51    62
  630    79    79    90
  631    40    40    51
  632    55    55    66
  633    52    52    63
  634    46    46    57
  635     4     4    15
  636    41    41    52
  637    88    88    99
  638    52    52    63
  639    64    64    74
  640     6     6    16
  641    39    39    49
  642    38    38    48
  643    45    45    55
  644    63    63    73
  645    37    37    47
  646    53    53    63
  647    11    11    21
  648    46    46    56
  649    23    23    33
  650    28    28    38
  651    56    56    66
  652    67    67    77
  653    55    55    65
  654    76    76    86
  655    41    41    51
  656    36    36    46
  657     7     7    17
  658    85    85    95
  659    12    12    22
  660    70    70    80
  661    42    42    52
  662    27    27    37
  663    88    88    98
  664    49    49    59
  665    17    17    27
  666    83    83    92
  667    85    85    94
  668    82    82    91
  669    39    39    48
  670    89    89    98
  671    85    85    94
  672    76    76    85
  673    83    83    92
  674    90    90    99
  675    90    90    99
  676    67    67    76
  677    62    62    71
  678    32    32    41
  679    89    89    98
  680    90    90    99
  681    68    68    77
  682    72    72    81
  683    80    80    89
  684    88    88    97
  685    23    23    32
  686    72    72    81
  687    83    83    92
  688    86    86    94
  689    50    50    58
  690     9     9    17
  691    84    84    92
  692    61    61    69
  693    77    77    85
  694    71    71    79
  695    79    79    87
  696    65    65    73
  697    87    87    95
  698    33    33    41
  699    17    17    25
  700    26    26    34
  701    11    11    19
  702    43    43    51
  703    64    64    72
  704    82    82    90
  705    87    87    95
  706    29    29    37
  707    53    53    61
  708    86    86    94
  709    79    79    87
  710    75    75    83
  711    84    84    92
  712    80    80    88
  713    66    66    74
  714    20    20    28
  715    83    83    91
  716    82    82    90
  717    80    80    88
  718    89    89    97
  719    79    79    86
  720    59    59    66
  721     4     4    11
  722    91    91    98
  723    92    92    99
  724    77    77    84
  725    89    89    96
  726    63    63    70
  727    34    34    41
  728    62    62    69
  729     2     2     9
  730    23    23    30
  731    79    79    86
  732    41    41    48
  733    68    68    75
  734    83    83    90
  735    91    91    98
  736    82    82    89
  737    62    62    69
  738    82    82    89
  739    12    12    18
  740    71    71    77
  741    24    24    30
  742    48    48    54
  743    90    90    96
  744    23    23    29
  745    43    43    49
  746    92    92    98
  747    42    42    48
  748    23    23    29
  749    89    89    95
  750    92    92    98
  751    90    90    96
  752    82    82    88
  753    93    93    99
  754    60    60    66
  755    18    18    24
  756    45    45    51
  757    63    63    69
  758     6     6    12
  759    87    87    93
  760    84    84    90
  761    92    92    98
  762    56    56    62
  763    92    92    98
  764    26    26    32
  765    46    46    52
  766    92    92    98
  767    22    22    28
  768    16    16    22
  769     4     4     9
  770    17    17    22
  771    93    93    98
  772    91    91    96
  773    85    85    90
  774    83    83    88
  775    76    76    81
  776    80    80    85
  777    62    62    67
  778    82    82    87
  779    34    34    39
  780    81    81    86
  781    86    86    91
  782    33    33    38
  783    91    91    96
  784    79    79    84
  785    71    71    76
  786    94    94    99
  787    54    54    59
  788    70    70    75
  789    91    91    96
  790    26    26    31
  791    10    10    15
  792    88    88    93
  793    45    45    50
  794    39    39    44
  795    73    73    78
  796    74    74    79
  797    73    73    78
  798    90    90    95
  799    69    69    73
  800    56    56    60
  801    78    78    82
  802    80    80    84
  803    95    95    99
  804    95    95    99
  805    93    93    97
  806    59    59    63
  807    68    68    72
  808    38    38    42
  809    89    89    93
  810    40    40    44
  811    79    79    83
  812    83    83    87
  813    90    90    94
  814    16    16    20
  815    84    84    88
  816    70    70    74
  817    55    55    59
  818    60    60    64
  819    81    81    85
  820    49    49    53
  821     3     3     7
  822    61    61    65
  823    83    83    87
  824    86    86    90
  825    56    56    60
  826    94    94    98
  827    80    80    84
  828    37    37    40
  829    73    73    76
  830    51    51    54
  831    72    72    75
  832    34    34    37
  833    81    81    84
  834    91    91    94
  835    86    86    89
  836    91    91    94
  837    40    40    43
  838    90    90    93
  839    85    85    88
  840    66    66    69
  841    94    94    97
  842    91    91    94
  843    93    93    96
  844    93    93    96
  845    84    84    87
  846    95    95    98
  847    11    11    14
  848    95    95    98
  849    22    22    25
  850    94    94    97
  851    96    96    99
  852    35    35    38
  853    58    58    61
  854    45    45    48
  855    94    94    97
  856    85    85    87
  857    73    73    75
  858    46    46    48
  859    96    96    98
  860    43    43    45
  861    82    82    84
  862    50    50    52
  863    93    93    95
  864    42    42    44
  865    69    69    71
  866    82    82    84
  867    91    91    93
  868    93    93    95
  869    10    10    12
  870    97    97    99
  871    90    90    92
  872    22    22    24
  873    59    59    61
  874    79    79    81
  875    80    80    82
  876     4     4     6
  877    23    23    25
  878    64    64    66
  879    97    97    99
  880    91    91    93
  881    97    97    99
  882    51    51    53
  883    82    82    84
  884    95    95    97
  885    84    84    86
  886    24    24    26
  887    68    68    70
  888    46    46    48
  889    96    96    98
  890    49    49    51
  891    92    92    94
  892    55    55    57
  893    73    73    75
  894    23    23    25
  895    89    89    90
  896    97    97    98
  897    53    53    54
  898    62    62    63
  899    87    87    88
  900    95    95    96
  901    98    98    99
  902    82    82    83
  903    95    95    96
  904    96    96    97
  905    93    93    94
  906    64    64    65
  907    90    90    91
  908    98    98    99
  909    55    55    56
  910    96    96    97
  911    98    98    99
  912    84    84    85
  913    95    95    96
  914    32    32    33
  915    91    91    92
  916    98    98    99
  917    87    87    88
  918    72    72    73
  919    88    88    89
  920    97    97    98
  921    97    97    98
  922    97    97    98
  923    97    97    98
  924    92    92    93
  925    83    83    84
  926    77    77    78
  927    98    98    99
  928    69    69    70
  929    98    98    99
  930    78    78    79
  931    88    88    89
  932    83    83    84
  933    99    99    99
  934    97    97    97
  935    62    62    62
  936    99    99    99
  937     5     5     5
  938   100   100   100
  939    84    84    84
  940    98    98    98
  941    75    75    75
  942   100   100   100
  943    89    89    89
  944    66    66    66
  945    98    98    98
  946    98    98    98
  947    93    93    93
  948    97    97    97
  949    91    91    91
  950    62    62    62
  951    56    56    56
  952    99    99    99
  953    56    56    56
  954    97    97    97
  955    99    99    99
  956    93    93    93
  957   100   100   100
  958   100   100   100
  959    68    68    68
  960   100   100   100
  961    37    37    37
  962    97    97    97
  963    95    95    95
  964    98    98    98
  965    99    99    99
  966    97    97    97
  967   100   100   100
  968   100   100   100
  969    99    99    99
  970    99    99    99
  971    73    73    73
  972    96    96    96
  973    50    50    50
  974    95    95    95
  975   100   100   100
  976    97    97    97
  977    53    53    53
  978    96    96    96
  979    19    19    19
  980    63    63    63
  981    98    98    98
  982    86    86    86
  983     6     6     6
  984   100   100   100
  985    99    99    99
  986    89    89    89
  987    95    95    95
  988    91    91    91
  989    99    99    99
  990    90    90    90
  991    97    97    97
  992    99    99    99
  993    94    94    94
  994    67    67    67
  995    98    98    98
  996   100   100   100
  997    99    99    99
  998    93    93    93
  999    63    63    63
  100