  500
    0     6    16    97
    1     2    12    91
    2     7    17    95
    3     9    19    92
    4     7    17    89
    5    17    27    98
    6     8    18    89
    7     7    17    88
    8    18    28    98
    9    13    23    91
   10    21    31    99
   11    15    25    91
   12    18    28    93
   13    13    23    88
   14     4    14    79
   15    11    21    84
   16    21    31    92
   17    26    36    97
   18    13    23    84
   19    11    21    81
   20     4    14    74
   21    21    31    89
   22    27    37    94
   23    22    32    88
   24    17    27    83
   25    15    25    81
   26     7    17    73
   27    33    43    98
   28    34    44    98
   29    16    26    79
   30    26    36    89
   31     4    14    67
   32     9    19    72
   33    21    31    83
   34    31    41    93
   35     7    17    68
   36    12    22    73
   37    14    24    75
   38    12    22    73
   39     6    16    67
   40    13    23    73
   41    33    43    93
   42    36    46    96
   43    38    48    98
   44    23    33    83
   45    38    48    97
   46    26    36    84
   47    19    29    77
   48     7    17    65
   49    28    38    85
   50    20    30    76
   51     7    17    63
   52     1    11    57
   53     5    15    60
   54    35    45    90
   55    39    49    92
   56    39    49    92
   57    32    42    85
   58    46    56    99
   59    40    50    92
   60    15    25    67
   61    40    50    92
   62    38    48    90
   63    33    43    85
   64    16    26    67
   65    46    56    97
   66    28    38    79
   67    48    58    99
   68     4    14    54
   69    42    52    92
   70    49    59    99
   71    39    49    88
   72     4    14    53
   73    43    53    92
   74    44    54    93
   75    41    51    90
   76    46    56    95
   77    42    52    91
   78    45    55    94
   79    51    61    99
   80    22    32    70
   81    51    61    99
   82    15    25    63
   83    37    47    85
   84     8    18    56
   85    46    56    93
   86    24    34    71
   87    46    56    93
   88    47    57    94
   89    38    48    85
   90    40    50    87
   91    44    54    91
   92     6    16    53
   93     8    18    54
   94    40    50    86
   95    36    46    81
   96    19    29    64
   97    13    23    58
   98    50    60    95
   99    44    54    89
  100    45    55    90
  101    20    30    65
  102    54    64    99
  103     6    16    50
  104    42    52    86
  105    25    35    68
  106    53    63    96
  107    21    31    64
  108    19    29    62
  109    21    31    63
  110    53    63    95
  111    11    21    53
  112    29    39    70
  113    39    49    80
  114    36    46    77
  115    54    64    95
  116    50    60    90
  117     2    12    42
  118    20    30    60
  119    50    60    90
  120    56    66    96
  121    50    60    90
  122    22    32    62
  123    12    22    52
  124     8    18    48
  125    45    55    84
  126    36    46    75
  127    59    69    98
  128    49    59    88
  129    38    48    77
  130    57    67    96
  131    26    36    64
  132    42    52    80
  133     3    13    41
  134    41    51    79
  135     5    15    42
  136     5    15    42
  137    56    66    93
  138    13    23    50
  139    58    68    95
  140    42    52    79
  141     9    19    46
  142    26    36    63
  143    63    73    99
  144    32    42    68
  145    13    23    49
  146     1    11    37
  147    11    21    47
  148    57    67    93
  149    19    29    54
  150    31    41    66
  151    61    71    96
  152    44    54    79
  153    42    52    77
  154     7    17    41
  155    39    49    73
  156    31    41    65
  157    51    61    85
  158    40    50    73
  159    21    31    54
  160    47    57    80
  161     3    13    36
  162    55    65    88
  163    20    30    53
  164    46    56    79
  165    52    62    85
  166    62    72    94
  167    44    54    76
  168    34    44    66
  169    38    48    70
  170    66    76    98
  171    54    64    86
  172    32    42    63
  173    63    73    94
  174    35    45    66
  175    52    62    83
  176    35    45    66
  177    56    66    87
  178    41    51    72
  179    39    49    70
  180    39    49    70
  181    69    79    99
  182    69    79    99
  183    54    64    84
  184    52    62    82
  185    43    53    73
  186    40    50    70
  187    51    61    81
  188    41    51    70
  189    58    68    87
  190    47    57    76
  191    54    64    83
  192    53    63    82
  193    47    57    76
  194    44    54    73
  195    53    63    82
  196    63    73    92
  197    66    76    95
  198    38    48    67
  199    14    24    42
  200    60    70    88
  201    64    74    92
  202    46    56    74
  203     2    12    30
  204    10    20    38
  205    59    69    87
  206    69    79    96
  207     9    19    36
  208    61    71    88
  209    54    64    81
  210    26    36    53
  211    58    68    85
  212    40    50    67
  213    60    70    87
  214    18    28    45
  215    40    50    67
  216    60    70    87
  217    46    56    73
  218    38    48    65
  219    71    81    97
  220    51    61    77
  221    45    55    71
  222    14    24    40
  223    73    83    99
  224    63    73    88
  225    61    71    86
  226    59    69    84
  227    63    73    88
  228    56    66    81
  229    49    59    74
  230    44    54    69
  231    46    56    71
  232    68    78    93
  233    73    83    98
  234    17    27    42
  235    59    69    84
  236    65    75    89
  237    75    85    99
  238    71    81    95
  239    73    83    97
  240    56    66    80
  241    55    65    78
  242    71    81    94
  243    76    86    99
  244    58    68    81
  245    57    67    80
  246    71    81    94
  247    47    57    70
  248    13    23    36
  249    35    45    58
  250    65    75    87
  251    40    50    62
  252    50    60    72
  253     7    17    29
  254    38    48    60
  255    65    75    87
  256     5    15    27
  257    56    66    77
  258    26    36    47
  259    66    76    87
  260    27    37    48
  261    54    64    75
  262    72    82    93
  263    44    54    65
  264    78    88    99
  265    76    86    97
  266    46    56    67
  267    29    39    50
  268    51    61    72
  269    69    79    90
  270     6    16    27
  271    63    73    84
  272    45    55    65
  273    63    73    83
  274    57    67    77
  275    11    21    31
  276    22    32    42
  277    66    76    86
  278    59    69    79
  279    69    79    89
  280    74    84    94
  281    72    82    92
  282    62    72    82
  283    73    83    93
  284    78    88    98
  285    65    75    85
  286     4    14    23
  287    18    28    37
  288    72    82    91
  289    56    66    75
  290    77    87    96
  291    65    75    84
  292    62    72    81
  293    36    46    55
  294    13    23    32
  295    73    83    92
  296    47    57    66
  297    25    35    44
  298    65    75    83
  299    80    90    98
  300    73    83    91
  301    75    85    93
  302    78    88    96
  303    32    42    50
  304    35    45    53
  305    79    89    97
  306    47    57    65
  307    71    81    89
  308    79    89    97
  309     1    11    19
  310    13    23    30
  311    82    92    99
  312    75    85    92
  313    60    70    77
  314    42    52    59
  315    15    25    32
  316    64    74    81
  317    82    92    99
  318    13    23    30
  319    25    35    42
  320    75    85    92
  321    78    88    95
  322    79    89    96
  323    33    43    50
  324    67    77    84
  325    73    83    89
  326    58    68    74
  327    75    85    91
  328    72    82    88
  329    82    92    98
  330    76    86    92
  331    76    86    92
  332    79    89    94
  333    77    87    92
  334    44    54    59
  335    33    43    48
  336    82    92    97
  337    81    91    96
  338    37    47    52
  339    34    44    49
  340    66    76    81
  341    30    40    45
  342    55    65    69
  343    79    89    93
  344    83    93    97
  345    65    75    79
  346    85    95    99
  347    13    23    27
  348    48    58    62
  349    83    93    97
  350    82    92    96
  351    83    93    97
  352    79    89    93
  353    31    41    45
  354    49    59    63
  355    42    52    56
  356    72    82    86
  357    66    76    79
  358    83    93    96
  359    85    95    98
  360    84    94    97
  361    54    64    67
  362    86    96    99
  363    41    51    54
  364    22    32    35
  365    77    87    90
  366    84    94    97
  367    56    66    69
  368    82    92    95
  369    38    48    51
  370    82    92    95
  371    48    58    61
  372    76    86    89
  373    68    78    81
  374    76    86    89
  375    68    78    81
  376    59    69    71
  377    83    93    95
  378    32    42    44
  379    87    97    99
  380    83    93    95
  381    84    94    96
  382    82    92    94
  383    87    97    99
  384    85    95    97
  385    22    32    34
  386    87    97    99
  387    19    29    31
  388    79    89    91
  389    85    95    97
  390    86    96    98
  391    84    94    96
  392    85    95    97
  393    70    80    82
  394    75    85    87
  395    78    88    90
  396    85    95    96
  397    79    89    90
  398    80    90    91
  399    12    22    23
  400    84    94    95
  401    24    34    35
  402    83    93    94
  403    59    69    70
  404    33    43    44
  405    77    87    88
  406    64    74    75
  407    64    74    75
  408    86    96    97
  409    83    93    94
  410    42    52    53
  411    81    91    92
  412    46    56    57
  413    88    98    99
  414    17    27    28
  415     8    18    19
  416    82    92    93
  417    80    90    91
  418    84    94    95
  419    69    79    80
  420    81    91    92
  421    83    93    94
  422    85    95    95
  423    88    98    98
  424    91   100   100
  425    97   100   100
  426    93   100   100
  427    94   100   100
  428    96   100   100
  429   100   100   100
  430    89    99    99
  431    90   100   100
  432    99   100   100
  433    94   100   100
  434    99   100   100
  435    98   100   100
  436    96   100   100
  437    86    96    96
  438    90   100   100
  439    88    98    98
  440    90   100   100
  441    94   100   100
  442    67    77    77
  443    66    76    76
  444    94   100   100
  445    31    41    41
  446    83    93    93
  447    93   100   100
  448   100   100   100
  449    89    99    99
  450    92   100   100
  451    28    38    38
  452    95   100   100
  453    63    73    73
  454    98   100   100
  455    95   100   100
  456    99   100   100
  457    91   100   100
  458    99   100   100
  459    92   100   100
  460    97   100   100
  461    96   100   100
  462    95   100   100
  463    93   100   100
  464    89    99    99
  465    95   100   100
  466    72    82    82
  467    99   100   100
  468    84    94    94
  469    94   100   100
  470    97   100   100
  471    98   100   100
  472    87    97    97
  473    35    45    45
  474    99   100   100
  475    77    87    87
  476    97   100   100
  477    87    97    97
  478    24    34    34
  479   100   100   100
  480    92   100   100
  481    98   100   100
  482    98   100   100
  483    95   100   100
  484    96   100   100
  485    91   100   100
  486    97   100   100
  487    97   100   100
  488    97   100   100
  489    91   100   100
  490    96   100   100
  491    95   100   100
  492    93   100   100
  493    99   100   100
  494    91   100   100
  495    98   100   100
  496    94   100   100
  497    94   100   100
  498    94   100   100
  499    99   100   100
  100