 1000
    0     4     4    99
    1     1     1    92
    2     8     8    98
    3     4     4    94
    4     9     9    98
    5     3     3    90
    6     5     5    92
    7     2     2    87
    8     1     1    85
    9    14    14    98
   10     4     4    87
   11    10    10    92
   12    15    15    97
   13    18    18    97
   14     2     2    81
   15     1     1    80
   16    19    19    96
   17     6     6    83
   18     2     2    78
   19     3     3    79
   20     4     4    80
   21     7     7    82
   22    24    24    99
   23     5     5    79
   24    18    18    92
   25    18    18    92
   26    16    16    90
   27    12    12    86
   28    22    22    96
   29     7     7    81
   30    22    22    95
   31    16    16    89
   32    25    25    98
   33     8     8    81
   34     7     7    79
   35    24    24    96
   36     7     7    79
   37    27    27    98
   38    23    23    94
   39    15    15    86
   40     9     9    79
   41    19    19    89
   42     4     4    73
   43     7     7    76
   44    20    20    89
   45     1     1    70
   46    13    13    81
   47    31    31    99
   48     7     7    74
   49    32    32    99
   50     9     9    76
   51     8     8    75
   52    22    22    88
   53    18    18    84
   54     7     7    72
   55    27    27    92
   56    16    16    81
   57     3     3    68
   58     2     2    66
   59    15    15    79
   60     6     6    70
   61    25    25    88
   62    26    26    88
   63    20    20    82
   64     8     8    70
   65    15    15    77
   66    13    13    75
   67    23    23    85
   68    36    36    98
   69    18    18    80
   70    10    10    71
   71    16    16    77
   72    33    33    94
   73    33    33    93
   74    28    28    88
   75     2     2    62
   76    35    35    94
   77    21    21    80
   78    30    30    89
   79    26    26    84
   80    38    38    96
   81    27    27    85
   82    41    41    99
   83    27    27    85
   84    25    25    83
   85    10    10    67
   86    30    30    87
   87    17    17    74
   88    27    27    84
   89     3     3    60
   90    10    10    67
   91    38    38    94
   92    13    13    69
   93    33    33    89
   94     3     3    59
   95    26    26    82
   96    21    21    77
   97    33    33    89
   98    18    18    74
   99    42    42    98
  100    41    41    96
  101    31    31    86
  102    13    13    68
  103    34    34    89
  104    16    16    71
  105    43    43    98
  106    37    37    92
  107    32    32    87
  108    34    34    88
  109    21    21    75
  110    38    38    92
  111    39    39    93
  112     9     9    62
  113    25    25    78
  114    27    27    80
  115    44    44    97
  116    18    18    71
  117    27    27    80
  118    37    37    90
  119    38    38    90
  120    37    37    89
  121     1     1    53
  122     4     4    56
  123    44    44    95
  124    17    17    68
  125    46    46    97
  126    16    16    67
  127    31    31    82
  128    23    23    74
  129     9     9    60
  130    19    19    70
  131     4     4    55
  132    20    20    71
  133    37    37    88
  134    13    13    64
  135     3     3    53
  136    34    34    84
  137     1     1    51
  138     1     1    51
  139    43    43    93
  140    24    24    74
  141    42    42    92
  142    42    42    92
  143    10    10    60
  144    21    21    71
  145    36    36    85
  146    23    23    72
  147     6     6    55
  148    20    20    69
  149    45    45    94
  150    42    42    91
  151    26    26    75
  152    46    46    94
  153    41    41    89
  154    26    26    74
  155    35    35    83
  156    35    35    83
  157    44    44    92
  158    46    46    94
  159    36    36    84
  160     6     6    54
  161    46    46    94
  162    37    37    85
  163     5     5    53
  164    26    26    74
  165    22    22    69
  166    19    19    66
  167    35    35    82
  168    32    32    79
  169    19    19    66
  170    24    24    71
  171    16    16    63
  172    42    42    89
  173    27    27    73
  174    47    47    93
  175     7     7    53
  176     6     6    51
  177    32    32    77
  178     6     6    51
  179    39    39    84
  180     9     9    54
  181    14    14    59
  182     5     5    50
  183    42    42    86
  184    53    53    97
  185    17    17    61
  186    10    10    54
  187    29    29    73
  188     2     2    46
  189    40    40    84
  190    44    44    88
  191    11    11    55
  192    26    26    69
  193    46    46    89
  194    46    46    89
  195    48    48    91
  196    51    51    94
  197    18    18    61
  198    13    13    55
  199     7     7    49
  200    34    34    76
  201     7     7    49
  202    56    56    98
  203    46    46    88
  204    49    49    91
  205    41    41    83
  206    22    22    64
  207    22    22    63
  208    51    51    92
  209    51    51    92
  210    12    12    53
  211    58    58    99
  212    25    25    66
  213    54    54    95
  214    37    37    78
  215     2     2    42
  216    36    36    76
  217    51    51    91
  218    15    15    55
  219    29    29    69
  220    31    31    71
  221    12    12    51
  222    46    46    85
  223    24    24    63
  224    56    56    95
  225    45    45    84
  226    56    56    95
  227    35    35    74
  228    57    57    96
  229    17    17    56
  230     3     3    42
  231    28    28    67
  232    56    56    95
  233    21    21    59
  234    39    39    77
  235    49    49    87
  236    58    58    96
  237    46    46    84
  238    54    54    92
  239    36    36    74
  240    20    20    58
  241    49    49    86
  242    35    35    72
  243    37    37    74
  244    60    60    97
  245     3     3    40
  246    22    22    59
  247     3     3    40
  248    35    35    72
  249    24    24    61
  250    53    53    90
  251    45    45    81
  252    46    46    82
  253    38    38    74
  254    55    55    91
  255    47    47    83
  256    61    61    97
  257    49    49    85
  258    45    45    80
  259    54    54    89
  260    13    13    48
  261    10    10    45
  262     7     7    42
  263    28    28    63
  264    64    64    99
  265    42    42    77
  266    30    30    65
  267    36    36    71
  268    12    12    47
  269    46    46    81
  270    27    27    61
  271    48    48    82
  272    62    62    96
  273     2     2    36
  274    52    52    86
  275     9     9    43
  276     5     5    39
  277    10    10    43
  278    36    36    69
  279    26    26    59
  280     4     4    37
  281    59    59    92
  282    27    27    60
  283    47    47    80
  284    64    64    97
  285    49    49    82
  286    36    36    69
  287    66    66    99
  288    58    58    91
  289    62    62    95
  290    61    61    94
  291    60    60    92
  292    39    39    71
  293    37    37    69
  294    38    38    70
  295    24    24    56
  296    35    35    67
  297    39    39    71
  298    38    38    70
  299    60    60    92
  300    67    67    99
  301    65    65    97
  302    66    66    98
  303    62    62    94
  304    42    42    74
  305    23    23    54
  306    32    32    63
  307    14    14    45
  308    44    44    75
  309     4     4    35
  310    63    63    94
  311    52    52    83
  312     7     7    38
  313    30    30    60
  314    11    11    41
  315    33    33    63
  316    69    69    99
  317     7     7    37
  318    40    40    70
  319    51    51    81
  320    53    53    83
  321    37    37    67
  322    54    54    84
  323    68    68    98
  324    37    37    67
  325    22    22    52
  326    15    15    44
  327    31    31    60
  328    69    69    98
  329    60    60    89
  330    22    22    51
  331    64    64    93
  332    21    21    50
  333    53    53    82
  334    68    68    97
  335    31    31    59
  336    59    59    87
  337    54    54    82
  338    59    59    87
  339    32    32    60
  340    57    57    85
  341    65    65    93
  342    11    11    39
  343    36    36    64
  344    46    46    74
  345    30    30    58
  346    55    55    83
  347    19    19    46
  348    18    18    45
  349     5     5    32
  350    52    52    79
  351    31    31    58
  352    44    44    71
  353    12    12    39
  354    18    18    45
  355    63    63    90
  356    65    65    92
  357    70    70    97
  358    46    46    73
  359    73    73    99
  360    12    12    38
  361    64    64    90
  362    64    64    90
  363    43    43    69
  364    60    60    86
  365    66    66    92
  366    31    31    57
  367    14    14    40
  368    60    60    86
  369     7     7    33
  370    58    58    84
  371    60    60    85
  372    62    62    87
  373    68    68    93
  374    37    37    62
  375    65    65    90
  376    59    59    84
  377    50    50    75
  378    52    52    77
  379    46    46    71
  380    67    67    92
  381     6     6    31
  382    71    71    96
  383    74    74    98
  384    32    32    56
  385    31    31    55
  386    68    68    92
  387    74    74    98
  388    63    63    87
  389    20    20    44
  390    60    60    84
  391    15    15    38
  392    11    11    34
  393    61    61    84
  394    16    16    39
  395    65    65    88
  396    26    26    49
  397    16    16    39
  398    61    61    84
  399    44    44    67
  400    32    32    55
  401    38    38    61
  402    58    58    81
  403    53    53    76
  404    13    13    36
  405    50    50    73
  406    70    70    92
  407    56    56    78
  408    73    73    95
  409    57    57    79
  410    15    15    37
  411    19    19    41
  412    76    76    98
  413    70    70    92
  414    17    17    39
  415    18    18    40
  416    39    39    61
  417    52    52    74
  418    13    13    35
  419    56    56    78
  420    54    54    76
  421    30    30    52
  422    55    55    77
  423    44    44    66
  424    38    38    60
  425    41    41    62
  426    70    70    91
  427    44    44    65
  428    77    77    98
  429    73    73    94
  430    38    38    59
  431    46    46    67
  432    16    16    37
  433    59    59    80
  434    77    77    98
  435     9     9    30
  436    66    66    87
  437    69    69    90
  438    71    71    92
  439    19    19    40
  440    23    23    44
  441    38    38    59
  442    19    19    40
  443    28    28    49
  444    72    72    93
  445    67    67    88
  446    60    60    81
  447    75    75    96
  448    41    41    61
  449    32    32    52
  450    51    51    71
  451    65    65    85
  452    30    30    50
  453    37    37    57
  454    79    79    99
  455    34    34    54
  456     3     3    23
  457    78    78    98
  458    79    79    99
  459    22    22    42
  460    54    54    73
  461    53    53    72
  462    66    66    85
  463    53    53    72
  464    62    62    81
  465    31    31    50
  466    61    61    80
  467    42    42    61
  468    14    14    33
  469    80    80    99
  470    56    56    75
  471    41    41    60
  472    75    75    94
  473     2     2    21
  474    65    65    83
  475    47    47    65
  476    11    11    29
  477    39    39    57
  478    67    67    85
  479    74    74    92
  480    78    78    96
  481    38    38    56
  482    80    80    98
  483    65    65    83
  484    63    63    81
  485    17    17    35
  486    71    71    89
  487    57    57    75
  488    65    65    82
  489     7     7    24
  490    21    21    38
  491    82    82    99
  492    49    49    66
  493    49    49    66
  494    59    59    76
  495    62    62    79
  496    79    79    96
  497    64    64    81
  498    82    82    99
  499    18    18    35
  500    44    44    61
  501    76    76    93
  502    40    40    57
  503    15    15    32
  504    55    55    72
  505    17    17    34
  506    54    54    71
  507    51    51    67
  508    79    79    95
  509    64    64    80
  510    76    76    92
  511    72    72    88
  512    79    79    95
  513    39    39    55
  514    78    78    94
  515    45    45    61
  516    81    81    97
  517    59    59    75
  518    39    39    55
  519    44    44    60
  520    67    67    83
  521    46    46    62
  522    26    26    42
  523    66    66    82
  524    78    78    94
  525    44    44    60
  526    80    80    96
  527    76    76    91
  528    84    84    99
  529    72    72    87
  530    46    46    61
  531    80    80    95
  532    79    79    94
  533    13    13    28
  534    83    83    98
  535    61    61    76
  536    77    77    92
  537    15    15    30
  538    72    72    87
  539    15    15    30
  540    68    68    83
  541    81    81    96
  542    20    20    35
  543    67    67    82
  544    31    31    46
  545    81    81    95
  546    30    30    44
  547    46    46    60
  548    85    85    99
  549    23    23    37
  550    84    84    98
  551    43    43    57
  552     8     8    22
  553    23    23    37
  554    23    23    37
  555    73    73    87
  556     3     3    17
  557    62    62    76
  558    65    65    79
  559    74    74    88
  560    14    14    28
  561    47    47    61
  562    70    70    84
  563    60    60    73
  564    58    58    71
  565    19    19    32
  566    76    76    89
  567    84    84    97
  568    74    74    87
  569    75    75    88
  570    31    31    44
  571    81    81    94
  572    44    44    57
  573    79    79    92
  574    13    13    26
  575    63    63    76
  576    86    86    99
  577    85    85    98
  578    53    53    66
  579    17    17    30
  580    53    53    66
  581    54    54    67
  582    84    84    97
  583    47    47    60
  584     2     2    15
  585    78    78    91
  586    17    17    30
  587    82    82    95
  588    53    53    65
  589    67    67    79
  590    83    83    95
  591     4     4    16
  592    86    86    98
  593    86    86    98
  594    59    59    71
  595    40    40    52
  596     3     3    15
  597    21    21    33
  598    84    84    96
  599    84    84    96
  600    76    76    88
  601    78    78    90
  602    44    44    56
  603    36    36    48
  604    37    37    49
  605    58    58    70
  606    10    10    22
  607    82    82    94
  608     5     5    17
  609     6     6    18
  610     9     9    20
  611    56    56    67
  612    86    86    97
  613    60    60    71
  614    47    47    58
  615    73    73    84
  616     2     2    13
  617    41    41    52
  618    85    85    96
  619    56    56    67
  620    57    57    68
  621     7     7    18
  622    38    38    49
  623    39    39    50
  624    61    61    72
  625    81    81    92
  626    10    10    21
  627    78    78    89
  628    59    59    70
  629    40    40    51
  630    25    25    35
  631    84    84    94
  632    56    56    66
  633    15    15    25
  634    26    26    36
  635    47    47    57
  636    64    64    74
  637    88    88    98
  638    47    47    57
  639    34    34    44
  640    67    67    77
  641    66    66    76
  642    89    89    99
  643    43    43    53
  644    85    85    95
  645    43    43    53
  646    15    15    25
  647    58    58    68
  648    73    73    83
  649    65    65    75
  650    66    66    75
  651    79    79    88
  652    83    83    92
  653    58    58    67
  654    62    62    71
  655    78    78    87
  656    46    46    55
  657    89    89    98
  658    72    72    81
  659    82    82    91
  660    53    53    62
  661    20    20    29
  662    38    38    47
  663    83    83    92
  664    71    71    80
  665    73    73    82
  666    87    87    96
  667    90    90    99
  668    82    82    91
  669    89    89    98
  670    81    81    90
  671    86    86    95
  672    77    77    86
  673    54    54    63
  674    33    33    42
  675    80    80    89
  676    68    68    77
  677    75    75    84
  678    89    89    98
  679    87    87    96
  680    78    78    87
  681    35    35    44
  682     4     4    13
  683    26    26    34
  684    25    25    33
  685    40    40    48
  686    58    58    66
  687    90    90    98
  688    84    84    92
  689    16    16    24
  690    89    89    97
  691    69    69    77
  692    34    34    42
  693    87    87    95
  694    88    88    96
  695    80    80    88
  696    82    82    90
  697    55    55    63
  698    86    86    94
  699    12    12    19
  700    85    85    92
  701    79    79    86
  702    79    79    86
  703    80    80    87
  704    92    92    99
  705    62    62    69
  706    37    37    44
  707    89    89    96
  708    65    65    72
  709    62    62    69
  710    77    77    84
  711    82    82    89
  712    84    84    91
  713    61    61    68
  714    92    92    99
  715    14    14    21
  716    69    69    76
  717    50    50    57
  718    77    77    83
  719    70    70    76
  720    58    58    64
  721    86    86    92
  722    83    83    89
  723    64    64    70
  724    19    19    25
  725    29    29    35
  726    34    34    40
  727    33    33    39
  728    71    71    77
  729    74    74    80
  730    88    88    94
  731    47    47    53
  732    35    35    41
  733    69    69    75
  734    15    15    21
  735     8     8    14
  736    86    86    92
  737    87    87    93
  738    76    76    82
  739    79    79    85
  740    57    57    63
  741    63    63    69
  742    93    93    99
  743    22    22    28
  744    86    86    92
  745    58    58    64
  746    65    65    70
  747    94    94    99
  748    80    80    85
  749    26    26    31
  750    82    82    87
  751    93    93    98
  752    87    87    92
  753    57    57    62
  754    76    76    81
  755    37    37    42
  756     1     1     6
  757    85    85    90
  758    35    35    40
  759    94    94    99
  760    80    80    85
  761    78    78    83
  762    35    35    40
  763    83    83    88
  764    82    82    87
  765    93    93    98
  766    27    27    32
  767    82    82    87
  768    38    38    43
  769    66    66    71
  770    72    72    77
  771    93    93    98
  772    86    86    91
  773    42    42    47
  774    84    84    89
  775    49    49    54
  776    58    58    63
  777    91    91    96
  778    72    72    77
  779    71    71    76
  780    84    84    89
  781    87    87    92
  782    72    72    77
  783    85    85    90
  784    95    95    99
  785    54    54    58
  786    91    91    95
  787    65    65    69
  788    70    70    74
  789    31    31    35
  790    87    87    91
  791    60    60    64
  792    95    95    99
  793    87    87    91
  794     4     4     8
  795    55    55    59
  796    94    94    98
  797    89    89    93
  798    51    51    55
  799    61    61    65
  800    38    38    42
  801    87    87    91
  802    66    66    70
  803    62    62    66
  804    81    81    85
  805    55    55    59
  806    78    78    82
  807    74    74    78
  808    16    16    20
  809    48    48    52
  810    85    85    89
  811    64    64    68
  812    95    95    99
  813    48    48    52
  814    62    62    66
  815    41    41    45
  816    64    64    68
  817    52    52    56
  818    91    91    95
  819    91    91    95
  820    56    56    60
  821    19    19    22
  822    34    34    37
  823    35    35    38
  824    83    83    86
  825    71    71    74
  826    88    88    91
  827    82    82    85
  828    48    48    51
  829    89    89    92
  830    57    57    60
  831    16    16    19
  832    86    86    89
  833    85    85    88
  834    80    80    83
  835    96    96    99
  836    87    87    90
  837    20    20    23
  838    42    42    45
  839    87    87    90
  840    93    93    96
  841    90    90    93
  842    73    73    76
  843    90    90    93
  844    77    77    80
  845    90    90    93
  846    91    91    94
  847    19    19    22
  848    73    73    76
  849    96    96    99
  850    82    82    85
  851    81    81    84
  852    67    67    70
  853    85    85    88
  854    26    26    29
  855    34    34    37
  856    65    65    68
  857    93    93    96
  858    41    41    44
  859    95    95    98
  860    61    61    64
  861    83    83    85
  862    13    13    15
  863     7     7     9
  864     9     9    11
  865    86    86    88
  866    72    72    74
  867    75    75    77
  868    97    97    99
  869    94    94    96
  870    12    12    14
  871    55    55    57
  872     7     7     9
  873    86    86    88
  874    90    90    92
  875    97    97    99
  876    95    95    97
  877    90    90    92
  878    10    10    12
  879    95    95    97
  880    97    97    99
  881    86    86    88
  882    32    32    34
  883    93    93    95
  884    97    97    99
  885    88    88    90
  886    63    63    65
  887    68    68    70
  888    91    91    93
  889    80    80    82
  890    18    18    20
  891    76    76    78
  892    87    87    89
  893    90    90    92
  894    86    86    88
  895    74    74    76
  896    89    89    91
  897    82    82    83
  898    32    32    33
  899    87    87    88
  900    97    97    98
  901    97    97    98
  902    98    98    99
  903    91    91    92
  904    59    59    60
  905    94    94    95
  906    47    47    48
  907    93    93    94
  908    79    79    80
  909    83    83    84
  910    98    98    99
  911    23    23    24
  912    54    54    55
  913    26    26    27
  914    19    19    20
  915    94    94    95
  916    68    68    69
  917    90    90    91
  918    34    34    35
  919    68    68    69
  920    97    97    98
  921    87    87    88
  922    58    58    59
  923    95    95    96
  924    94    94    95
  925     3     3     4
  926    93    93    94
  927    88    88    89
  928    98    98    99
  929    92    92    93
  930     7     7     7
  931    84    84    84
  932   100   100   100
  933    99    99    99
  934    84    84    84
  935   100   100   100
  936    97    97    97
  937    92    92    92
  938    99    99    99
  939    89    89    89
  940    35    35    35
  941    94    94    94
  942    99    99    99
  943    93    93    93
  944    72    72    72
  945    91    91    91
  946   100   100   100
  947   100   100   100
  948    97    97    97
  949    95    95    95
  950    98    98    98
  951    88    88    88
  952   100   100   100
  953   100   100   100
  954    99    99    99
  955    35    35    35
  956    96    96    96
  957   100   100   100
  958     9     9     9
  959    99    99    99
  960    99    99    99
  961    15    15    15
  962    90    90    90
  963    24    24    24
  964    99    99    99
  965    84    84    84
  966    58    58    58
  967    94    94    94
  968    95    95    95
  969    91    91    91
  970    94    94    94
  971    26    26    26
  972    94    94    94
  973    82    82    82
  974   100   100   100
  975    85    85    85
  976    99    99    99
  977    99    99    99
  978    92    92    92
  979    99    99    99
  980   100   100   100
  981     6     6     6
  982    99    99    99
  983    36    36    36
  984    49    49    49
  985    98    98    98
  986    99    99    99
  987    69    69    69
  988    96    96    96
  989     4     4     4
  990    90    90    90
  991    27    27    27
  992    95    95    95
  993    99    99    99
  994    99    99    99
  995    94    94    94
  996    68    68    68
  997    89    89    89
  998    92    92    92
  999    21    21    21
  100