    0    15    15    92
    1    10    10    80
    2    26    26    92
    3    21    21    86
    4    37    37    97
    5    34    34    92
    6    47    47    95
    7    51    51    99
    8    51    51    99
    9    46    46    92
   10    47    47    92
   11    30    30    73
   12    53    53    95
   13    20    20    61
   14    25    25    66
   15     5     5    45
   16    60    60    99
   17    25    25    63
   18    43    43    80
   19    60    60    96
   20    63    63    99
   21    20    20    53
   22    39    39    72
   23    13    13    46
   24    56    56    87
   25    69    69    99
   26    21    21    51
   27    67    67    96
   28    14    14    43
   29    58    58    87
   30    64    64    93
   31    66    66    95
   32    52    52    80
   33    39    39    66
   34     5     5    32
   35     1     1    27
   36    60    60    86
   37    66    66    92
   38    59    59    84
   39    73    73    98
   40    45    45    69
   41     8     8    32
   42     8     8    31
   43     6     6    29
   44    30    30    52
   45    61    61    83
   46    24    24    46
   47    37    37    59
   48    74    74    95
   49     6     6    25
   50    78    78    97
   51    62    62    80
   52     4     4    22
   53    39    39    56
   54    13    13    30
   55    36    36    53
   56    37    37    53
   57    81    81    97
   58    45    45    61
   59    63    63    79
   60    76    76    92
   61    73    73    89
   62    69    69    84
   63    84    84    98
   64    78    78    91
   65    22    22    34
   66    80    80    92
   67    10    10    22
   68    51    51    63
   69    88    88    99
   70    23    23    34
   71    89    89    99
   72    44    44    54
   73    89    89    99
   74    55    55    65
   75    55    55    64
   76    13    13    22
   77    51    51    60
   78    47    47    56
   79    63    63    72
   80    51    51    59
   81    84    84    92
   82    78    78    86
   83    83    83    91
   84    62    62    67
   85    84    84    89
   86    94    94    99
   87    84    84    89
   88    45    45    49
   89    94    94    97
   90    60    60    63
   91    95    95    98
   92    88    88    91
   93    98    98    99
   94    97    97    98
   95   100   100   100
   96    75    75    75
   97    94    94    94
   98    99    99    99
   99   100   100   100