  500
    0     6     6    98
    1     7     7    94
    2    10    10    96
    3     8     8    93
    4    11    11    95
    5    15    15    98
    6     5     5    88
    7    14    14    95
    8    12    12    92
    9    19    19    95
   10     4     4    79
   11    25    25    99
   12    20    20    94
   13     6     6    80
   14    11    11    84
   15    11    11    83
   16     4     4    76
   17    18    18    89
   18    25    25    96
   19     3     3    74
   20    14    14    85
   21    12    12    83
   22     7     7    77
   23    18    18    88
   24    28    28    98
   25    29    29    99
   26    10    10    79
   27    15    15    84
   28    28    28    97
   29    17    17    86
   30    17    17    85
   31    23    23    90
   32    23    23    90
   33     8     8    75
   34    19    19    86
   35    10    10    77
   36    17    17    84
   37     3     3    69
   38    32    32    98
   39    27    27    92
   40    12    12    77
   41    33    33    97
   42    22    22    86
   43    36    36    99
   44    28    28    90
   45     9     9    71
   46    25    25    87
   47    23    23    84
   48     8     8    68
   49    38    38    97
   50    20    20    79
   51    22    22    81
   52     7     7    66
   53    35    35    94
   54    22    22    80
   55    12    12    70
   56    13    13    71
   57    28    28    86
   58    25    25    83
   59    39    39    97
   60    16    16    73
   61    27    27    84
   62    40    40    97
   63    35    35    92
   64    43    43    99
   65    19    19    74
   66     5     5    60
   67     7     7    62
   68     8     8    63
   69    36    36    91
   70    12    12    67
   71    35    35    90
   72    37    37    91
   73    37    37    90
   74    29    29    82
   75    38    38    91
   76    45    45    98
   77    45    45    97
   78    44    44    95
   79     3     3    54
   80    29    29    80
   81    35    35    86
   82    43    43    94
   83    45    45    96
   84    36    36    87
   85     7     7    57
   86    30    30    80
   87    14    14    64
   88    50    50    99
   89    44    44    93
   90    42    42    90
   91    47    47    94
   92    29    29    76
   93     6     6    53
   94    52    52    98
   95    49    49    95
   96    25    25    71
   97    40    40    86
   98    45    45    91
   99     8     8    54
  100    21    21    67
  101    30    30    75
  102     7     7    52
  103    45    45    90
  104    51    51    96
  105    41    41    86
  106    35    35    80
  107    40    40    85
  108    42    42    87
  109    11    11    55
  110     1     1    44
  111     6     6    49
  112     4     4    47
  113    56    56    98
  114    29    29    71
  115    32    32    74
  116    15    15    57
  117    23    23    65
  118    17    17    59
  119    46    46    87
  120    37    37    78
  121    47    47    88
  122    35    35    76
  123    54    54    95
  124    28    28    69
  125    44    44    85
  126    24    24    64
  127    38    38    78
  128    52    52    92
  129    37    37    77
  130     2     2    41
  131    60    60    99
  132    42    42    81
  133    41    41    80
  134     1     1    40
  135     2     2    40
  136    60    60    98
  137    21    21    59
  138    62    62    99
  139    12    12    49
  140    39    39    76
  141    23    23    59
  142    18    18    54
  143    24    24    60
  144    26    26    62
  145    27    27    63
  146    33    33    69
  147    64    64    99
  148    22    22    57
  149    53    53    88
  150    29    29    64
  151    52    52    86
  152    62    62    96
  153    18    18    52
  154    40    40    74
  155    30    30    64
  156    55    55    89
  157    24    24    57
  158    34    34    67
  159    44    44    77
  160    31    31    64
  161    65    65    97
  162     9     9    41
  163    40    40    72
  164    28    28    60
  165    52    52    84
  166    31    31    63
  167    54    54    86
  168    44    44    76
  169    66    66    97
  170    49    49    80
  171    43    43    74
  172    33    33    63
  173    63    63    93
  174    17    17    47
  175    27    27    57
  176    56    56    85
  177    44    44    73
  178    70    70    99
  179    65    65    93
  180    33    33    61
  181    67    67    95
  182    48    48    76
  183     6     6    34
  184    37    37    65
  185    29    29    57
  186    27    27    55
  187    56    56    84
  188    47    47    74
  189    70    70    97
  190    49    49    75
  191    64    64    90
  192    44    44    70
  193    13    13    39
  194    52    52    78
  195    49    49    75
  196    36    36    62
  197    72    72    98
  198    37    37    63
  199     3     3    29
  200    69    69    94
  201    20    20    45
  202    68    68    93
  203    18    18    43
  204    14    14    39
  205    45    45    70
  206    19    19    44
  207    57    57    82
  208    48    48    73
  209    36    36    60
  210    67    67    91
  211    54    54    78
  212    70    70    94
  213    74    74    98
  214    63    63    87
  215    40    40    63
  216    12    12    35
  217    46    46    69
  218    63    63    86
  219    65    65    88
  220    30    30    53
  221    64    64    87
  222    17    17    40
  223    60    60    83
  224    16    16    39
  225    38    38    60
  226    26    26    48
  227    59    59    81
  228    35    35    57
  229    13    13    35
  230    64    64    86
  231    62    62    83
  232    41    41    62
  233    41    41    62
  234    70    70    91
  235    53    53    74
  236    58    58    79
  237    75    75    96
  238    72    72    92
  239    76    76    96
  240     4     4    24
  241    48    48    68
  242    58    58    78
  243    72    72    92
  244    50    50    70
  245    57    57    77
  246    54    54    74
  247    40    40    60
  248    48    48    68
  249    63    63    82
  250    67    67    86
  251    55    55    74
  252    73    73    92
  253    66    66    85
  254    36    36    55
  255    78    78    97
  256    53    53    72
  257    19    19    38
  258    58    58    76
  259    50    50    68
  260    27    27    45
  261    48    48    66
  262    63    63    81
  263    24    24    42
  264    40    40    58
  265    36    36    53
  266    69    69    86
  267    58    58    75
  268    28    28    45
  269     5     5    21
  270    56    56    72
  271    82    82    98
  272    81    81    97
  273    82    82    98
  274    82    82    98
  275    75    75    91
  276    80    80    96
  277    20    20    36
  278    43    43    59
  279    71    71    86
  280    57    57    72
  281    77    77    92
  282    30    30    45
  283    76    76    91
  284    59    59    74
  285    40    40    55
  286    75    75    90
  287    83    83    98
  288    67    67    82
  289    81    81    96
  290    69    69    84
  291    22    22    37
  292    70    70    84
  293    28    28    42
  294    61    61    75
  295    81    81    95
  296    61    61    75
  297    68    68    82
  298    28    28    42
  299    70    70    83
  300    30    30    43
  301    70    70    83
  302     7     7    20
  303    79    79    92
  304     3     3    16
  305    46    46    59
  306    21    21    34
  307    78    78    91
  308    14    14    27
  309    35    35    48
  310    77    77    89
  311    72    72    84
  312    80    80    92
  313    79    79    91
  314    73    73    85
  315    74    74    86
  316    85    85    97
  317    68    68    80
  318    82    82    94
  319    78    78    90
  320    53    53    65
  321    67    67    79
  322    45    45    57
  323    49    49    61
  324    83    83    95
  325    68    68    79
  326    32    32    43
  327    79    79    90
  328    16    16    27
  329    60    60    71
  330    88    88    99
  331    78    78    89
  332    81    81    92
  333    55    55    66
  334    14    14    25
  335    48    48    59
  336    51    51    62
  337    19    19    30
  338    47    47    58
  339    82    82    92
  340    77    77    87
  341     2     2    12
  342    78    78    88
  343    87    87    97
  344    88    88    97
  345    89    89    98
  346    46    46    55
  347    86    86    95
  348    61    61    70
  349    61    61    70
  350    69    69    78
  351    83    83    92
  352    74    74    83
  353    84    84    93
  354    65    65    74
  355    41    41    50
  356    39    39    48
  357    75    75    83
  358    30    30    38
  359    31    31    39
  360    35    35    43
  361    58    58    66
  362    60    60    68
  363    91    91    99
  364    88    88    96
  365    90    90    98
  366    67    67    74
  367     9     9    16
  368     7     7    14
  369    86    86    93
  370    37    37    44
  371    91    91    98
  372    79    79    86
  373    59    59    66
  374    13    13    20
  375    91    91    97
  376    93    93    99
  377    38    38    44
  378    75    75    81
  379    74    74    80
  380    92    92    98
  381    36    36    42
  382    78    78    84
  383    92    92    98
  384    86    86    92
  385    77    77    82
  386    57    57    62
  387    57    57    62
  388    48    48    53
  389    94    94    99
  390    27    27    32
  391    72    72    77
  392    92    92    97
  393    57    57    62
  394    47    47    52
  395    91    91    96
  396    64    64    69
  397    91    91    95
  398    51    51    55
  399    37    37    41
  400    79    79    83
  401    92    92    96
  402    44    44    48
  403    81    81    85
  404    57    57    61
  405    93    93    97
  406    25    25    29
  407    81    81    85
  408    42    42    46
  409    94    94    98
  410    96    96    99
  411    79    79    82
  412    83    83    86
  413    87    87    90
  414    62    62    65
  415    65    65    68
  416    89    89    92
  417     1     1     4
  418    81    81    84
  419    85    85    88
  420    43    43    46
  421    95    95    98
  422    69    69    72
  423    64    64    67
  424    89    89    92
  425    92    92    95
  426    90    90    93
  427    92    92    95
  428    95    95    98
  429    71    71    74
  430    36    36    39
  431    28    28    30
  432    87    87    89
  433    94    94    96
  434    34    34    36
  435    93    93    95
  436    81    81    83
  437    96    96    98
  438    67    67    69
  439    88    88    90
  440    95    95    97
  441    85    85    87
  442    66    66    68
  443    79    79    81
  444    86    86    88
  445    92    92    94
  446    89    89    91
  447    63    63    65
  448    93    93    95
  449    79    79    81
  450    27    27    29
  451    84    84    85
  452    81    81    82
  453    60    60    61
  454    87    87    88
  455    78    78    79
  456    74    74    75
  457    94    94    95
  458    96    96    97
  459    18    18    19
  460     4     4     5
  461    98    98    99
  462    60    60    61
  463    66    66    67
  464    84    84    84
  465    99    99    99
  466   100   100   100
  467    37    37    37
  468    91    91    91
  469   100   100   100
  470   100   100   100
  471    84    84    84
  472    96    96    96
  473    54    54    54
  474    92    92    92
  475   100   100   100
  476    92    92    92
  477    90    90    90
  478    93    93    93
  479    89    89    89
  480    73    73    73
  481    98    98    98
  482    98    98    98
  483    88    88    88
  484    83    83    83
  485    69    69    69
  486    80    80    80
  487    83    83    83
  488   100   100   100
  489    14    14    14
  490    99    99    99
  491    98    98    98
  492    98    98    98
  493    92    92    92
  494    94    94    94
  495   100   100   100
  496    90    90    90
  497    97    97    97
  498    81    81    81
  499    88    88    88
  100