  500
    0    30     6    99
    1    26     7    99
    2    26     3    92
    3    94     8    96
    4    20     3    90
    5    25     7    89
    6    21     8    90
    7    90    18    98
    8    57     8    87
    9    63     8    87
   10    44    21    99
   11    35    10    88
   12    60     1    77
   13    50     5    78
   14    82    25    97
   15    99    24    95
   16    48     9    80
   17    20    23    93
   18    53    27    96
   19    34    23    92
   20    19     6    75
   21    50     7    76
   22    29    20    88
   23    28    22    90
   24    15     5    73
   25    16    22    89
   26    42     7    73
   27    75    10    75
   28    29     7    71
   29    93     8    72
   30    69    20    84
   31    52     9    72
   32    31     8    70
   33    19    33    95
   34    59    36    97
   35    34     5    66
   36    52    36    96
   37    37    19    79
   38    86    28    88
   39    68    19    78
   40    87    37    96
   41    50    17    75
   42    30    13    70
   43    41    16    73
   44     4    17    73
   45    20    17    73
   46    33    21    77
   47    66    17    72
   48    89    19    74
   49    70    17    71
   50    23    20    74
   51    73    38    92
   52    99    28    82
   53    19    24    78
   54    28    12    65
   55    17    46    99
   56    42    10    62
   57    40    25    77
   58    43    31    83
   59    29    46    97
   60    95    43    94
   61    79     9    60
   62    40    17    68
   63    63    30    80
   64    73    10    60
   65    53    26    75
   66    65    41    90
   67    30    10    59
   68    52    11    59
   69    86    12    60
   70    15    10    58
   71    71    26    74
   72    83    31    79
   73    61    10    57
   74    78    50    97
   75    76    52    99
   76    67     1    48
   77    74    39    86
   78    28    37    83
   79    99    22    68
   80    39    35    81
   81    67    40    86
   82     2    38    83
   83     6    14    59
   84    52    41    86
   85    64    54    99
   86    83     2    46
   87    99    11    55
   88    65     3    47
   89    68    34    78
   90    61    51    95
   91    41    52    96
   92    27    37    80
   93    58    49    91
   94    17    27    69
   95    62    56    98
   96    54    27    69
   97    92    31    73
   98    54    38    80
   99    13    11    53
  100    53    40    82
  101    95     4    46
  102    67    56    96
  103    53    31    71
  104    34    23    63
  105    35    39    79
  106    98    16    55
  107    70    10    49
  108    45     4    43
  109    97    32    71
  110    33    46    85
  111    97    47    86
  112    18    60    99
  113     4    41    80
  114    68    52    90
  115    62     8    46
  116    59    44    82
  117    95    28    66
  118     5    33    71
  119    67    60    97
  120    23    21    58
  121    24    49    86
  122    26    53    89
  123    41    61    97
  124    22    13    49
  125    81    29    65
  126    72    57    92
  127    76    31    66
  128    14    34    69
  129    93    34    69
  130    99    61    95
  131    50     4    38
  132    54    49    83
  133    97    38    71
  134    37    19    52
  135    70    50    83
  136    54    58    91
  137    58    34    67
  138    98    59    92
  139    66    51    84
  140    81    34    67
  141    89    41    74
  142    36    45    78
  143    65    29    61
  144    21    50    82
  145    40    64    96
  146    90    43    75
  147    60    30    61
  148    32    50    81
  149    44    35    66
  150    68    60    91
  151    63    26    57
  152    67    55    85
  153    41    34    64
  154     6    35    65
  155    84    69    99
  156    61    48    78
  157    96    38    68
  158    24    67    97
  159    23    60    90
  160    14    36    66
  161    51    53    82
  162    90    53    82
  163     8    60    89
  164     7    36    65
  165    65    52    81
  166     8    66    95
  167    43    38    67
  168    57    21    50
  169    74     8    36
  170    73    67    95
  171    29    18    46
  172    92    65    93
  173    71    63    91
  174    31     1    29
  175    11    46    74
  176    69    24    52
  177    32    62    90
  178    81    58    86
  179    73    63    90
  180    26    66    93
  181    51    17    44
  182    67    29    56
  183     1    17    44
  184    46    61    87
  185    12    18    44
  186    38    59    85
  187     6    47    73
  188     2    11    37
  189    73    67    93
  190    27    38    64
  191    58    37    63
  192    76    62    88
  193    41    40    65
  194    81    54    79
  195    43    72    97
  196    92    57    82
  197    96    61    86
  198    86    66    91
  199    13    56    81
  200    17    58    83
  201    88    72    97
  202    26    61    86
  203    62    70    94
  204    63     3    27
  205    13    28    52
  206    87    55    78
  207    91    67    90
  208    70    29    52
  209    37    33    55
  210    94    29    51
  211     2    35    57
  212    71    72    94
  213    90    33    55
  214     5    62    84
  215    93    32    54
  216    18    57    79
  217    52    73    94
  218    42    77    98
  219    16    32    53
  220    13    68    89
  221    90    44    65
  222    58    74    95
  223    92    49    70
  224    86    75    95
  225    46    68    88
  226    47    74    94
  227    70    65    85
  228    96    64    84
  229    15    77    97
  230    81    75    95
  231    98    78    98
  232    85    26    46
  233    72    23    43
  234    60    60    80
  235    74    11    31
  236     1    73    92
  237    17    50    69
  238    60    58    77
  239    24    78    97
  240    33    39    58
  241    34    72    91
  242    60    60    79
  243    41    49    67
  244     5    44    62
  245    26    78    96
  246    63    69    87
  247    99    55    73
  248    41    51    69
  249    89    67    85
  250    48    13    31
  251    85    62    80
  252    76    54    72
  253    86    36    54
  254    38    14    32
  255    42    52    70
  256    39    68    86
  257    31    49    67
  258    84    76    94
  259     7    76    94
  260    41    81    98
  261    40    64    81
  262    95    34    51
  263    55    61    78
  264    31    25    42
  265     7    10    27
  266     7    59    76
  267    49    68    85
  268    23    49    66
  269    72    49    66
  270    84    32    48
  271    46    24    40
  272    87    66    82
  273    39    67    83
  274     4    46    62
  275    18    83    99
  276     8    75    91
  277    60    28    44
  278    16    43    59
  279     6    78    94
  280    58    42    58
  281    21    55    71
  282    68    31    47
  283    51    48    64
  284    25    47    63
  285    53    74    89
  286    26    61    76
  287    82     2    17
  288    75     5    20
  289    92    45    60
  290    38    79    94
  291    90    68    83
  292    25    50    65
  293    64    82    97
  294    60    72    87
  295    96    78    92
  296    31    61    75
  297    47    35    49
  298    48    72    86
  299    76    83    97
  300    65    40    54
  301    60    83    97
  302    48    78    92
  303    45    41    55
  304    34    26    39
  305    46    54    67
  306   100    35    48
  307    64    61    74
  308    23    82    95
  309    42    23    36
  310     9    84    97
  311     9    83    96
  312    27    49    62
  313    49    46    59
  314    75    13    26
  315     9    76    89
  316    44    64    76
  317    48    86    98
  318     7    46    58
  319    92    20    32
  320     6    69    81
  321    26    59    71
  322    78    73    85
  323    14    87    99
  324    64     5    17
  325    94    35    47
  326     6    47    59
  327    83    31    43
  328    59    83    95
  329    87    82    93
  330    44    81    92
  331    78    79    90
  332    99    22    33
  333    75    77    88
  334    79    77    88
  335    50    36    47
  336    96    55    66
  337    43    88    99
  338    76    84    95
  339    87    34    45
  340     5    81    92
  341    32    11    21
  342    34    79    89
  343     3    80    90
  344   100    87    97
  345    19    45    55
  346    31     7    17
  347    53    63    73
  348    74    53    63
  349    25    48    58
  350    82     5    15
  351     1    68    77
  352    88    74    83
  353    27    57    66
  354    34    83    92
  355    48    63    72
  356    96    70    79
  357    67    84    93
  358    46    13    22
  359    13    36    45
  360    73    83    92
  361    22    73    82
  362    42    59    68
  363    68    15    24
  364    60    88    97
  365    93    36    44
  366    45    81    89
  367    44    46    54
  368    71    88    96
  369    41    89    97
  370    65    90    98
  371     9    87    95
  372    96    60    67
  373    59    91    98
  374     9     2     9
  375    71     9    16
  376    54     7    14
  377    70    70    77
  378    32    42    49
  379    71    89    95
  380    51    48    54
  381    12    72    78
  382    44    77    83
  383    52    91    97
  384    40    49    55
  385    57    10    16
  386    82    19    24
  387    94     7    12
  388     9    81    86
  389    94    85    90
  390    76    52    57
  391    63    93    98
  392    32    75    80
  393    91     8    13
  394    97    62    67
  395    46     7    12
  396    60    84    89
  397    66    90    95
  398    60    89    94
  399    52    22    27
  400    50    79    84
  401    40    94    98
  402    25    57    61
  403    73    57    61
  404    91    93    97
  405    85    66    70
  406    67    66    70
  407     4    59    63
  408    46    74    78
  409    35    17    21
  410    60    69    73
  411    83    64    68
  412     8    59    63
  413    33    92    96
  414    41    66    69
  415    52    96    99
  416    35    77    80
  417    79    38    41
  418    45    79    82
  419     8    94    97
  420    16    50    53
  421    37    52    55
  422    43     6     9
  423     4    84    87
  424    44    87    90
  425    35    96    99
  426    34    90    93
  427    17    91    94
  428    46    58    61
  429    77    10    13
  430     8    94    97
  431    87    39    42
  432    37     3     6
  433    97    20    23
  434    58    91    94
  435    71    95    98
  436     6    63    66
  437    77    95    97
  438    65    94    96
  439    52    97    99
  440    40    29    31
  441    14    17    19
  442    67    91    93
  443    29    43    45
  444    33    93    95
  445    99    70    72
  446    32    60    62
  447    98    80    82
  448     9    52    54
  449     9    51    53
  450    89    56    58
  451    43    68    70
  452    70    39    40
  453    12    35    36
  454    41    98    99
  455    92    74    75
  456    22    14    15
  457    49    82    83
  458    47    17    18
  459   100    65    66
  460    88    97    98
  461   100    25    26
  462    51    84    85
  463    65    66    67
  464    63    10    11
  465    95    93    94
  466    44    72    73
  467    74    79    80
  468    80    57    58
  469    77    88    89
  470    67    93    94
  471    39    97    98
  472     7    98    99
  473    45    99    99
  474    12    82    82
  475    45    94    94
  476    27   100   100
  477    73    98    98
  478    12    95    95
  479    23    65    65
  480    12   100   100
  481    12    52    52
  482    36    92    92
  483     9    98    98
  484    26    97    97
  485    52    99    99
  486    53    87    87
  487    34    56    56
  488    75    38    38
  489    12    96    96
  490    81    94    94
  491    73    99    99
  492    75    99    99
  493    78   100   100
  494    90    99    99
  495    71   100   100
  496    21    99    99
  497    56    92    92
  498    26   100   100
  499     5    99    99
  100