  100
    0     5     9    90
    1    24    14    95
    2    18    19    98
    3     8    13    86
    4    22    19    91
    5     1    10    82
    6    18    28    98
    7    18    12    77
    8    33    23    85
    9    39    33    93
   10    10     1    60
   11     1     2    60
   12    12    16    74
   13    38    30    83
   14    34    33    82
   15    48    47    96
   16    16    26    74
   17    17     7    55
   18    38    35    82
   19     1     9    55
   20    43    44    89
   21    31    39    82
   22    62    55    91
   23    45    43    79
   24     5    15    51
   25     8     6    41
   26    16    26    60
   27    38    28    62
   28    36    30    62
   29    25    30    62
   30    61    71    99
   31    55    50    77
   32    13    13    40
   33    48    48    75
   34    21    18    43
   35    77    71    95
   36    66    73    96
   37    78    73    95
   38    53    63    84
   39    55    53    73
   40    18    14    33
   41    52    60    78
   42    66    74    92
   43    22    21    38
   44    63    71    87
   45    79    73    89
   46    67    62    78
   47    67    61    76
   48    68    72    86
   49    14     7    21
   50    58    54    67
   51     1     2    15
   52    58    66    78
   53    13    22    33
   54    97    87    98
   55    33    39    50
   56    49    45    55
   57    48    54    64
   58    80    88    98
   59     1     3    13
   60    84    76    86
   61    46    37    46
   62    45    54    62
   63    17    14    22
   64    92    87    95
   65    73    82    89
   66    89    84    91
   67    41    35    42
   68    77    81    88
   69    85    93    99
   70    28    30    36
   71    78    86    92
   72    17    21    26
   73    29    29    34
   74    26    33    37
   75    49    41    45
   76    77    84    88
   77    89    92    96
   78    93    89    93
   79    20    29    32
   80    37    33    36
   81    87    93    96
   82    86    96    98
   83    87    95    96
   84    88    87    88
   85    99    93    94
   86    89    95    96
   87    34    36    37
   88   106    98    99
   89    93    97    98
   90    58    64    65
   91    91    98    99
   92    99    98    98
   93    89    97    97
   94    98    99    99
   95    44    43    43
   96    96    88    88
   97    89    95    95
   98   100    98    98
   99   103    97    97
  100