    0    68     5    97
    1     9     7    98
    2    99    10    95
    3    63    16    97
    4     8    10    87
    5    14    21    98
    6    44    12    87
    7    53    25    99
    8    46    18    91
    9    43     7    76
   10    46    22    90
   11    18    34    99
   12    25    20    85
   13    92    21    85
   14    45    13    77
   15    90    18    80
   16    66     4    65
   17     4     6    64
   18    72    40    94
   19    93    31    84
   20    76    21    74
   21    58     4    56
   22    90    48    99
   23    64    13    63
   24    56    32    79
   25    53    29    73
   26    15    42    86
   27    90     8    51
   28    69    10    53
   29    29     7    50
   30    96    16    59
   31    27    20    60
   32    21    48    88
   33    30    44    84
   34    46    57    97
   35    46    31    70
   36    82    56    94
   37    21    64    98
   38    13    20    52
   39    45    52    83
   40    93    36    67
   41    84    48    77
   42    28    57    86
   43    92    49    76
   44    79    46    72
   45    25    56    79
   46    60    71    93
   47    37    32    54
   48    36    59    80
   49    91    76    96
   50    78    31    51
   51    23    77    97
   52     6    28    47
   53    94    24    42
   54    89    57    75
   55    92    52    70
   56    53    71    88
   57    12    75    92
   58    53    65    82
   59     1    77    93
   60    34    77    93
   61    30    59    73
   62    48    29    42
   63    95    72    85
   64    38    17    29
   65    61    14    25
   66     8     5    15
   67    50    72    82
   68    38    62    72
   69    60    41    50
   70    16    63    72
   71    66    77    85
   72    25    69    77
   73     3    81    88
   74    79    91    98
   75     7    91    97
   76    16    86    92
   77    37    93    99
   78    26    93    99
   79    93    67    72
   80    92    44    49
   81     2    87    91
   82     3    92    96
   83    38    82    85
   84    42    32    35
   85    37    25    28
   86     7    45    48
   87     4    96    97
   88    56    83    84
   89    26    98    99
   90    57    99    99
   91    94    91    91
   92    49    99    99
   93     6   100   100
   94     6    99    99
   95     5    91    91
   96    19   100   100
   97    41    96    96
   98    14    99    99
   99    88   100   100