  100
    0    26    16    99
    1    11     1    77
    2    30    20    94
    3    23    13    84
    4    22    12    79
    5    23    13    79
    6    20    10    74
    7    24    14    68
    8    34    24    78
    9    41    31    85
   10    52    42    94
   11    28    18    70
   12    24    14    65
   13    14     4    55
   14    59    49    98
   15    56    46    92
   16    39    29    74
   17    58    48    89
   18    46    36    75
   19    45    35    73
   20    70    60    98
   21    54    44    82
   22    30    20    54
   23    74    64    98
   24    41    31    65
   25    53    43    76
   26    16     6    39
   27    38    28    60
   28    71    61    93
   29    71    61    93
   30    71    61    92
   31    55    45    75
   32    62    52    81
   33    76    66    95
   34    47    37    66
   35    32    22    50
   36    35    25    52
   37    61    51    78
   38    69    59    86
   39    29    19    45
   40    60    50    75
   41    76    66    91
   42    74    64    88
   43    65    55    79
   44    30    20    44
   45    77    67    91
   46    82    72    96
   47    77    67    90
   48    38    28    51
   49    21    11    32
   50    59    49    70
   51    67    57    78
   52    59    49    70
   53    30    20    40
   54    25    15    35
   55    43    33    52
   56    66    56    74
   57    86    76    94
   58    38    28    46
   59    76    66    83
   60    85    75    91
   61    87    77    89
   62    33    23    34
   63    29    19    30
   64    89    79    90
   65    82    72    82
   66    23    13    22
   67    94    84    93
   68    97    87    95
   69    45    35    43
   70    81    71    78
   71    11     1     8
   72    99    89    96
   73    86    76    82
   74    90    80    86
   75   102    92    98
   76   103    93    99
   77    62    52    57
   78    81    71    76
   79   103    93    97
   80    47    37    41
   81    79    69    73
   82    17     7    10
   83    80    70    73
   84    98    88    91
   85   105    95    98
   86    84    74    77
   87    23    13    16
   88    14     4     7
   89    44    34    36
   90    32    22    24
   91   105    95    97
   92    83    73    75
   93    88    78    79
   94    71    61    62
   95    99    89    90
   96   108    98    99
   97   110   100   100
   98    53    43    43
   99    63    53    53
  100