  500
    0     9    19    99
    1     4    14    94
    2     7    17    96
    3     1    11    88
    4     3    13    90
    5    13    23    99
    6    14    24    98
    7     2    12    86
    8    12    22    95
    9     7    17    90
   10    10    20    92
   11     2    12    84
   12     2    12    84
   13     4    14    83
   14    15    25    94
   15    10    20    89
   16     8    18    87
   17     1    11    79
   18     7    17    84
   19    15    25    90
   20    23    33    98
   21    21    31    94
   22     8    18    81
   23    19    29    92
   24    26    36    99
   25    17    27    89
   26    23    33    95
   27    16    26    87
   28     7    17    78
   29    17    27    88
   30    22    32    93
   31    15    25    85
   32     8    18    77
   33    20    30    88
   34    25    35    93
   35    15    25    82
   36    17    27    84
   37    26    36    93
   38    18    28    84
   39     4    14    70
   40    28    38    94
   41    13    23    79
   42    10    20    75
   43    34    44    99
   44    22    32    86
   45    34    44    98
   46     9    19    73
   47    20    30    84
   48    27    37    91
   49     5    15    68
   50    15    25    78
   51    28    38    90
   52    17    27    79
   53    10    20    72
   54    26    36    88
   55    17    27    78
   56    13    23    74
   57     7    17    68
   58    34    44    95
   59     3    13    64
   60    24    34    85
   61    37    47    97
   62    26    36    86
   63    38    48    98
   64    20    30    80
   65    30    40    90
   66    11    21    70
   67    15    25    74
   68    36    46    95
   69    17    27    76
   70    16    26    75
   71    25    35    83
   72     1    11    59
   73    27    37    84
   74    33    43    90
   75    34    44    91
   76     2    12    59
   77    14    24    71
   78    33    43    90
   79    12    22    69
   80    11    21    68
   81    42    52    99
   82     8    18    63
   83    15    25    70
   84     4    14    58
   85    27    37    81
   86    41    51    94
   87     3    13    56
   88    14    24    67
   89     2    12    55
   90     2    12    55
   91    38    48    90
   92    29    39    81
   93    38    48    90
   94    45    55    97
   95    46    56    97
   96    45    55    96
   97     6    16    57
   98    32    42    83
   99     7    17    57
  100    32    42    82
  101    12    22    62
  102    36    46    86
  103     5    15    55
  104    47    57    96
  105    39    49    88
  106    34    44    82
  107    26    36    74
  108    28    38    76
  109    50    60    98
  110    26    36    73
  111    31    41    78
  112     7    17    54
  113    27    37    73
  114     5    15    51
  115    14    24    60
  116    10    20    56
  117    22    32    68
  118    42    52    87
  119     4    14    49
  120    42    52    87
  121    27    37    72
  122    20    30    64
  123     8    18    52
  124    34    44    78
  125    39    49    83
  126    39    49    82
  127    41    51    84
  128    56    66    99
  129     4    14    46
  130    35    45    77
  131    13    23    55
  132    50    60    92
  133    22    32    64
  134    11    21    52
  135    48    58    89
  136    21    31    62
  137    31    41    72
  138    30    40    71
  139    53    63    94
  140     5    15    45
  141    49    59    89
  142    33    43    73
  143    30    40    70
  144    17    27    57
  145    28    38    68
  146    54    64    94
  147    37    47    76
  148    60    70    99
  149    33    43    72
  150    42    52    81
  151    26    36    65
  152    48    58    87
  153    55    65    94
  154    26    36    64
  155    43    53    81
  156    51    61    89
  157    58    68    96
  158    58    68    95
  159    61    71    98
  160    42    52    79
  161    41    51    78
  162    56    66    93
  163    20    30    57
  164    46    56    83
  165     8    18    45
  166    43    53    79
  167    57    67    93
  168    28    38    64
  169    52    62    88
  170    21    31    57
  171    43    53    78
  172    16    26    51
  173     9    19    44
  174    54    64    89
  175    58    68    93
  176    49    59    83
  177    57    67    91
  178    31    41    65
  179    16    26    49
  180    66    76    99
  181    65    75    98
  182    31    41    64
  183    58    68    91
  184    13    23    45
  185    63    73    95
  186    24    34    56
  187    66    76    98
  188    22    32    54
  189    66    76    98
  190     7    17    39
  191    55    65    87
  192    66    76    98
  193     6    16    38
  194    22    32    53
  195    62    72    93
  196    29    39    60
  197    36    46    67
  198    46    56    77
  199    28    38    59
  200    54    64    85
  201    46    56    77
  202    56    66    86
  203    24    34    54
  204    29    39    59
  205    37    47    67
  206    42    52    72
  207     5    15    35
  208     8    18    38
  209    51    61    80
  210    61    71    90
  211    59    69    88
  212    31    41    60
  213    69    79    98
  214    65    75    94
  215    26    36    54
  216    18    28    46
  217    61    71    89
  218    61    71    89
  219    64    74    92
  220    69    79    97
  221    63    73    91
  222    47    57    75
  223    53    63    80
  224    44    54    71
  225    39    49    66
  226    64    74    91
  227    71    81    98
  228    12    22    39
  229    71    81    98
  230    68    78    95
  231    63    73    89
  232    73    83    99
  233    57    67    83
  234    65    75    91
  235    63    73    89
  236    71    81    97
  237    73    83    99
  238    72    82    98
  239    52    62    78
  240    23    33    49
  241    68    78    93
  242     2    12    27
  243    70    80    95
  244    44    54    69
  245    26    36    51
  246    10    20    35
  247     8    18    33
  248    19    29    43
  249    75    85    99
  250    56    66    80
  251    69    79    93
  252     9    19    33
  253    50    60    74
  254    63    73    87
  255    37    47    61
  256    70    80    94
  257    69    79    93
  258    12    22    36
  259    45    55    69
  260    43    53    66
  261    18    28    41
  262    71    81    94
  263    64    74    87
  264    67    77    90
  265    70    80    93
  266    35    45    58
  267    45    55    68
  268    54    64    77
  269     8    18    31
  270    63    73    85
  271     5    15    27
  272    77    87    99
  273    62    72    84
  274    72    82    94
  275    76    86    98
  276    69    79    91
  277    78    88    99
  278    71    81    92
  279    71    81    92
  280    60    70    81
  281    27    37    48
  282    77    87    98
  283    18    28    39
  284    68    78    89
  285    64    74    85
  286    34    44    54
  287     1    11    21
  288    26    36    46
  289    70    80    90
  290     3    13    23
  291    78    88    98
  292    69    79    89
  293    69    79    89
  294    54    64    74
  295     8    18    28
  296     2    12    22
  297    68    78    88
  298     3    13    23
  299    76    86    96
  300    72    82    91
  301    37    47    56
  302    56    66    75
  303     5    15    24
  304    27    37    46
  305     7    17    26
  306    56    66    75
  307    31    41    50
  308    29    39    47
  309    34    44    52
  310    71    81    89
  311     1    11    19
  312    80    90    98
  313    14    24    32
  314    69    79    87
  315    42    52    60
  316    13    23    31
  317    75    85    93
  318    81    91    99
  319    76    86    94
  320    61    71    79
  321    63    73    81
  322    68    78    86
  323    65    75    83
  324    12    22    29
  325    67    77    84
  326    80    90    97
  327    81    91    98
  328    81    91    98
  329    36    46    53
  330    71    81    88
  331    78    88    95
  332    22    32    39
  333    42    52    59
  334    67    77    84
  335    79    89    96
  336    55    65    72
  337    43    53    60
  338    77    87    93
  339    39    49    55
  340    80    90    96
  341    57    67    73
  342    80    90    96
  343    80    90    96
  344    78    88    94
  345    79    89    95
  346    82    92    97
  347    60    70    75
  348    48    58    63
  349    31    41    46
  350    83    93    98
  351    31    41    46
  352    43    53    58
  353    73    83    88
  354    66    76    81
  355    82    92    97
  356    83    93    98
  357    27    37    42
  358    65    75    80
  359    25    35    39
  360    80    90    94
  361     4    14    18
  362    84    94    98
  363    27    37    41
  364    67    77    81
  365    85    95    99
  366    84    94    98
  367    57    67    71
  368    84    94    98
  369    57    67    71
  370    74    84    87
  371    84    94    97
  372    78    88    91
  373    83    93    96
  374    86    96    99
  375    75    85    88
  376    47    57    60
  377    56    66    69
  378    78    88    91
  379    86    96    99
  380    86    96    99
  381    83    93    96
  382    44    54    57
  383    87    97    99
  384    85    95    97
  385    87    97    99
  386    34    44    46
  387    56    66    68
  388    79    89    91
  389    68    78    80
  390    87    97    99
  391    20    30    32
  392    87    97    99
  393    11    21    23
  394    73    83    85
  395    82    92    94
  396    80    90    92
  397    65    75    77
  398    88    98    99
  399    75    85    86
  400    50    60    61
  401    34    44    45
  402    81    91    92
  403    40    50    51
  404    88    98    99
  405    63    73    74
  406    87    97    98
  407    79    89    90
  408    72    82    83
  409    42    52    53
  410     2    12    13
  411    85    95    96
  412    84    94    95
  413    70    80    81
  414    87    97    98
  415    88    98    99
  416    88    98    99
  417    87    97    98
  418    45    55    56
  419    85    95    96
  420    69    79    80
  421    74    84    85
  422    53    63    63
  423    91   100   100
  424    95   100   100
  425    91   100   100
  426    98   100   100
  427    94   100   100
  428    95   100   100
  429    88    98    98
  430    90   100   100
  431    91   100   100
  432     2    12    12
  433   100   100   100
  434    90   100   100
  435   100   100   100
  436    99   100   100
  437   100   100   100
  438    99   100   100
  439    95   100   100
  440    90   100   100
  441    96   100   100
  442    88    98    98
  443    92   100   100
  444    97   100   100
  445    97   100   100
  446    96   100   100
  447    96   100   100
  448    29    39    39
  449    92   100   100
  450    87    97    97
  451    98   100   100
  452    90   100   100
  453    98   100   100
  454    95   100   100
  455    98   100   100
  456   100   100   100
  457    90   100   100
  458    87    97    97
  459    93   100   100
  460    86    96    96
  461    97   100   100
  462    94   100   100
  463    97   100   100
  464    86    96    96
  465    89    99    99
  466    96   100   100
  467    87    97    97
  468    90   100   100
  469    89    99    99
  470    98   100   100
  471    99   100   100
  472    96   100   100
  473    74    84    84
  474    99   100   100
  475    93   100   100
  476    85    95    95
  477    90   100   100
  478    93   100   100
  479    96   100   100
  480    91   100   100
  481    88    98    98
  482    93   100   100
  483    89    99    99
  484    91   100   100
  485    99   100   100
  486    99   100   100
  487    92   100   100
  488    88    98    98
  489    38    48    48
  490    88    98    98
  491   100   100   100
  492    94   100   100
  493    97   100   100
  494    94   100   100
  495    90   100   100
  496   100   100   100
  497    96   100   100
  498    89    99    99
  499   100   100   100
  100