  100
    0     1     4    94
    1     1     5    88
    2    17    12    95
    3    15    12    92
    4    21    18    97
    5    13    20    97
    6    11     2    79
    7    28    24    98
    8    30    27    94
    9    23    32    95
   10    40    34    97
   11    30    29    89
   12    11     8    65
   13    34    29    83
   14    14     8    62
   15    17    21    74
   16    51    47    96
   17    21    23    71
   18    36    32    77
   19    51    58    99
   20    52    42    82
   21    17     7    44
   22    51    52    88
   23    39    46    81
   24    47    44    77
   25    49    49    82
   26    54    57    90
   27    17     9    40
   28    72    63    94
   29    27    35    65
   30    30    33    63
   31     4     6    33
   32    76    71    98
   33    66    68    94
   34    65    72    98
   35    44    35    61
   36    71    69    94
   37    40    49    74
   38    42    48    73
   39    64    70    95
   40    22    29    52
   41     1     3    25
   42    73    68    90
   43    28    35    56
   44    65    70    90
   45    62    66    85
   46    61    71    90
   47    71    72    91
   48    30    24    43
   49     1     4    21
   50    48    57    74
   51    79    69    86
   52    38    48    64
   53    49    42    58
   54    88    80    96
   55    67    74    89
   56    75    75    90
   57    36    40    55
   58    36    32    46
   59    48    51    65
   60    13    15    27
   61    35    40    52
   62    33    27    38
   63    64    59    70
   64    20    25    36
   65    82    82    92
   66    72    69    78
   67    89    85    94
   68    83    88    95
   69    90    93    99
   70    89    91    97
   71    84    81    87
   72    96    92    98
   73    85    77    82
   74    40    45    50
   75    69    73    78
   76    70    73    78
   77    42    50    55
   78    34    30    34
   79    62    53    57
   80    85    94    97
   81    61    59    62
   82    90    93    96
   83    95    91    94
   84    67    76    79
   85    53    53    56
   86    70    74    77
   87   102    94    96
   88    88    78    80
   89    92    97    99
   90    84    89    91
   91    74    70    71
   92    96    98    99
   93    78    86    87
   94    47    53    54
   95    56    60    61
   96    96    95    96
   97    97    96    97
   98    54    64    64
   99   105   100   100
  100