  100
    0    15     9    99
    1    18     9    85
    2    28    24    96
    3    13    11    81
    4     7     6    75
    5    12    13    82
    6    15    18    86
    7    15    13    81
    8    18    20    87
    9    27    32    99
   10     9    11    73
   11     1     7    69
   12     4     5    63
   13    34    25    81
   14    36    34    89
   15    30    34    86
   16    28    33    84
   17    33    31    80
   18     1     5    50
   19    28    38    82
   20    12    16    59
   21    52    55    97
   22    40    50    92
   23    21    19    60
   24    52    60    99
   25     5    11    50
   26    16    13    51
   27    27    21    58
   28    28    31    66
   29    45    37    72
   30    63    59    93
   31    60    65    99
   32    15    15    47
   33    34    30    60
   34    42    46    76
   35    49    57    86
   36    17    22    50
   37    31    40    68
   38    48    55    82
   39    18     9    36
   40    28    27    53
   41    67    74    99
   42    65    68    93
   43    66    71    95
   44    69    72    96
   45    51    44    67
   46    64    70    93
   47    13    12    32
   48    56    61    81
   49    68    60    79
   50    83    73    92
   51    67    72    90
   52    67    76    94
   53    49    59    77
   54    51    53    71
   55    80    77    94
   56    21    23    40
   57    75    71    87
   58    39    36    51
   59    57    56    69
   60    75    81    93
   61    70    77    88
   62    76    86    95
   63     7     2     9
   64     6     1     7
   65    58    60    66
   66    65    59    65
   67    52    61    67
   68    90    84    90
   69    81    74    80
   70    83    85    91
   71    81    91    97
   72    34    36    42
   73    83    87    92
   74     1     4     9
   75     1     2     7
   76    75    80    85
   77    92    90    95
   78    64    63    67
   79    98    92    96
   80    39    31    35
   81    94    94    97
   82    50    55    58
   83    71    73    76
   84    32    22    25
   85    62    72    75
   86    31    27    30
   87    53    51    54
   88    88    92    94
   89    16    21    23
   90   105    97    99
   91   105    97    99
   92    87    87    89
   93   102    92    94
   94    49    47    48
   95    55    59    59
   96   103   100   100
   97   107   100   100
   98   107    98    98
   99    96    87    87
  100