  100
    0    86     1    95
    1    92    12    99
    2     3    11    97
    3    83     9    93
    4    86    14    86
    5    59    10    78
    6    67    27    91
    7    31    28    91
    8    36    17    80
    9    40     5    65
   10    12     7    66
   11    65    12    70
   12    84    36    92
   13    38     5    56
   14    32     8    58
   15    54    17    64
   16    67    44    90
   17    46    40    84
   18     6    48    90
   19    44    23    64
   20    60    40    81
   21     9     8    48
   22    80    44    84
   23    17     9    48
   24    28    63    98
   25    53    44    77
   26    76    63    95
   27    30    30    61
   28    14    42    73
   29    92    36    66
   30    30    37    67
   31    57    57    86
   32    11    28    57
   33    66     2    30
   34    27    70    97
   35    91    38    65
   36    91    69    95
   37    88    61    86
   38     9    65    89
   39    49    35    59
   40    54    51    75
   41    20    53    76
   42    99    68    91
   43    84    77    99
   44    82    65    87
   45    43    70    91
   46    23    30    50
   47    82    61    80
   48    71    53    71
   49    55    33    51
   50    53    50    67
   51    55    79    95
   52    89    75    91
   53    23    74    89
   54    32    55    70
   55    52    57    71
   56    13    83    97
   57    69    21    35
   58    13    58    71
   59    92    80    93
   60    21    62    74
   61    76    39    51
   62    81    13    25
   63     6    85    95
   64    81    76    85
   65     5    87    96
   66    73    24    31
   67    62    78    85
   68    77    81    88
   69    47     8    15
   70     7    30    37
   71    20    64    71
   72    30    57    63
   73    72    89    95
   74    32    70    75
   75    21    70    75
   76    39    95    99
   77    50    91    95
   78    52    66    70
   79    12    16    20
   80    45    82    86
   81    48    94    98
   82    32    95    98
   83    41    90    93
   84    47    90    93
   85    32    29    32
   86    18    94    96
   87    93    96    98
   88    70    97    99
   89    13    80    82
   90    27    83    84
   91    93    92    93
   92    83    42    43
   93    48    97    98
   94    16   100   100
   95    53    60    60
   96    56    88    88
   97    96    47    47
   98    78   100   100
   99     9    84    84
  100