  500
    0    27     1    92
    1    83     6    93
    2    63     4    88
    3    99     2    83
    4    87    16    96
    5    17    13    92
    6    74    10    88
    7    77    21    98
    8    67    13    90
    9    98     1    78
   10    36     5    82
   11    74    16    92
   12    23    16    91
   13    89    24    99
   14    25     5    78
   15    87     6    79
   16    99    22    93
   17    30    11    81
   18    28    17    87
   19    37    12    82
   20    44    27    96
   21    31     4    73
   22    72     9    78
   23    61    18    87
   24    75    11    79
   25     8    23    91
   26    96    22    90
   27    62    16    83
   28    71     1    68
   29    22    29    95
   30    32     9    75
   31    53     7    72
   32    75    31    96
   33    36     8    72
   34    74     8    72
   35    19    21    85
   36    52    28    91
   37     9    20    83
   38    76    33    96
   39    68     9    72
   40    71    26    88
   41    50    20    81
   42    99    19    80
   43    20    37    97
   44    36    21    81
   45    78    27    87
   46    56    19    78
   47    83    37    96
   48    71    22    80
   49    74    39    97
   50    30    28    86
   51    59    19    77
   52    25    18    76
   53    52    16    74
   54    93    21    78
   55    63    21    78
   56    10    42    99
   57    72    40    97
   58    36    38    95
   59    98    16    72
   60    16    37    92
   61    37    36    91
   62    97    10    65
   63    48    45    99
   64    50    26    80
   65    89    37    91
   66    56    14    68
   67    57    42    95
   68     9    40    93
   69    22    21    74
   70    90    14    67
   71    66    35    87
   72    62    44    96
   73    12    45    97
   74    28    14    65
   75    47    16    67
   76    16    24    75
   77     3     8    59
   78    15    42    92
   79    14    26    76
   80    39    49    99
   81    41    34    84
   82    30    28    77
   83     4    33    82
   84    49    28    76
   85    48    40    88
   86    19    45    92
   87    47    41    88
   88    80    36    83
   89    59    33    79
   90     4    28    74
   91    90    49    95
   92    69    26    72
   93    88    20    66
   94     7    49    95
   95    14    31    77
   96    26    21    67
   97     1     9    54
   98    68    52    97
   99    68    35    79
  100     1    51    95
  101    19    48    92
  102    64    41    84
  103    94    44    87
  104     1    10    53
  105    96     5    47
  106    37    48    90
  107    59    27    69
  108    57     9    51
  109    15    26    68
  110    24    22    63
  111    68    49    90
  112    23    36    76
  113    10    15    55
  114    50    44    84
  115    66    26    66
  116    51    58    98
  117    58    17    57
  118    30    59    98
  119    82    39    78
  120    34    53    92
  121    82     8    46
  122    44    24    62
  123     5     8    46
  124    69    61    99
  125    48    32    70
  126    40    29    66
  127    34    52    89
  128    99    43    80
  129    99    50    87
  130    36    33    69
  131    17    61    97
  132    23    27    63
  133    23    56    92
  134    37    13    49
  135    26    63    99
  136    86    42    78
  137    67    28    64
  138    15    41    76
  139    90    54    89
  140    73    45    80
  141    13    62    97
  142    54    45    80
  143    95    51    86
  144    83    59    94
  145    95     2    36
  146    25    44    78
  147    67    62    96
  148    73     7    41
  149    63     6    40
  150    47    21    55
  151    67    15    49
  152    17    35    69
  153    61    46    80
  154    48    50    84
  155    60     2    35
  156    98    37    70
  157    49    25    58
  158    47    36    69
  159    99    60    93
  160    57    24    56
  161    71    65    97
  162    15    10    42
  163     7    48    80
  164    89     5    37
  165    84    45    76
  166    78     8    39
  167    34    44    75
  168    35    67    98
  169     5    57    88
  170    74    57    88
  171    70    27    57
  172     6    29    59
  173    57    49    79
  174    58    60    90
  175    37    56    86
  176    95    67    96
  177    33    69    98
  178    13     7    36
  179     4     9    38
  180     4    28    56
  181    83    49    77
  182    39    51    79
  183    76    37    65
  184    85     3    31
  185    73    59    87
  186     9    68    95
  187    88    57    84
  188    43    23    50
  189    78    66    93
  190    16    28    55
  191    44    47    74
  192    94    26    53
  193    52    52    79
  194    94    20    47
  195    54    59    86
  196    61    25    51
  197    68    60    86
  198    38    47    73
  199    55    18    44
  200    23    36    61
  201    80    51    76
  202    90    37    62
  203    73    51    76
  204    63    26    51
  205    72    36    60
  206     3    61    85
  207    66    37    61
  208    57    69    93
  209     4    17    41
  210    39    48    72
  211    10    64    88
  212    64    37    61
  213    54    42    65
  214     2    70    93
  215    56    70    93
  216    89    70    93
  217    47    56    78
  218    42    37    59
  219    46    62    84
  220     3     8    30
  221    33    59    81
  222   100    64    86
  223    95    39    60
  224    64     5    26
  225    96    68    89
  226    13    76    97
  227    83    36    57
  228    72    76    97
  229    33    76    97
  230    46    68    88
  231    12    31    51
  232     3     9    29
  233    37    50    70
  234    34    73    93
  235    51    70    90
  236    77    30    49
  237    48    16    35
  238    82    69    88
  239    13    79    98
  240    22    23    42
  241    49    35    54
  242    30    38    57
  243     5    24    43
  244    15    39    57
  245    35    45    63
  246    90    41    59
  247    86    66    84
  248    17    67    85
  249    65    75    93
  250    52    23    41
  251    21    70    88
  252    58    68    86
  253    82     9    27
  254    90    22    40
  255    60    77    95
  256     5    20    38
  257    98     1    18
  258    70    66    83
  259    92    26    43
  260     1    28    45
  261    69    53    70
  262    14    60    77
  263    49    78    94
  264    77    28    44
  265    74    82    98
  266    48    62    78
  267     8    15    31
  268    48    46    62
  269    10    34    50
  270    27    55    70
  271    57    56    71
  272     1    51    66
  273    85    74    89
  274    75    69    84
  275    75    73    88
  276    51    74    89
  277    71    74    89
  278    61    74    89
  279   100    41    56
  280    44    55    70
  281    14    47    61
  282    11    66    80
  283    25    15    29
  284    65    14    28
  285    79    69    83
  286     6    41    55
  287    61    69    83
  288    79    20    34
  289    48    81    95
  290    11     8    22
  291    48    74    88
  292    16    43    57
  293    43    84    97
  294    61    78    91
  295    81    80    93
  296     1    12    25
  297    63    84    97
  298    57    79    92
  299    11    65    78
  300    55     9    22
  301   100    73    86
  302    42    81    94
  303    83    84    96
  304    97    78    90
  305     6    65    77
  306    61    33    45
  307    22    82    94
  308    29    46    58
  309    46    24    36
  310    40    80    91
  311    63    78    89
  312    23    58    69
  313    70    82    93
  314    15    81    92
  315    37    84    95
  316    33    24    35
  317    24    54    65
  318    70    88    99
  319    30    87    98
  320    56    14    25
  321    64    87    98
  322    21    42    52
  323    46    83    93
  324    90    68    78
  325    34     3    13
  326    63    79    89
  327    80    69    79
  328    26    39    49
  329    99    48    58
  330    44    78    88
  331    30     1    10
  332    81    87    96
  333    63    88    97
  334    97    32    41
  335    45    73    82
  336    56    68    76
  337    11    70    78
  338    13    82    90
  339    13    45    53
  340     8    72    80
  341    11    57    65
  342    96    20    28
  343    40    43    51
  344    10    77    85
  345    84    87    95
  346    91    70    78
  347    90    90    98
  348     6    28    36
  349    42    91    98
  350    15    76    83
  351    67    82    89
  352    10    80    87
  353    70    59    66
  354    25    68    75
  355    27    82    89
  356    39     4    11
  357    83    38    45
  358    43    81    88
  359    23    85    92
  360    55    54    60
  361    80    51    57
  362    83    16    22
  363    13    53    59
  364    93    48    54
  365    98    21    27
  366    10    62    68
  367    14    93    99
  368    57    51    57
  369    73    77    83
  370    25    82    88
  371    15    92    98
  372    74    85    90
  373    46    11    16
  374    70    24    29
  375    34    73    78
  376    61    55    60
  377    25     1     6
  378    79    77    82
  379    87    51    56
  380    60    55    60
  381     1    47    52
  382    38    53    58
  383    33    55    60
  384     2    81    86
  385    29    64    69
  386    56    70    75
  387    50    58    63
  388    26    92    97
  389    78    91    96
  390    86    81    85
  391    20     9    13
  392    63    85    89
  393    63    64    68
  394    27    89    93
  395    42    93    97
  396     9    65    69
  397    35    44    48
  398    56    48    52
  399    88    88    92
  400    99    86    90
  401    79    93    97
  402    66    50    54
  403    93    87    91
  404    56    91    95
  405    92    95    98
  406    42    82    85
  407    99    95    98
  408    84    96    99
  409    15    38    41
  410    28    52    55
  411    55    70    73
  412    71    49    52
  413    71    89    92
  414    72    63    66
  415    61    90    93
  416     8    94    96
  417    10    81    83
  418    95    93    95
  419    58    26    28
  420    33    97    99
  421    35    58    60
  422    24    59    61
  423    58    88    90
  424    66    87    89
  425    74    57    59
  426    10    66    68
  427     4    89    91
  428    91    66    68
  429    96    97    99
  430    75    87    89
  431    15    85    87
  432    19    93    95
  433    83    79    81
  434    30    93    95
  435    97    91    93
  436    86    81    83
  437    84    29    31
  438    76    11    13
  439    61    77    78
  440    92    98    99
  441    17    94    95
  442    98    98    99
  443    88    82    83
  444    48    76    77
  445    83    66    67
  446    70    74    75
  447    50    96    97
  448    66    94    95
  449    13     1     2
  450    62    94    95
  451    21    97    98
  452    44    48    49
  453    40    98    99
  454    70    78    79
  455    83    97    98
  456    37    68    69
  457    12    38    39
  458    62    95    96
  459    59    94    95
  460    70    56    56
  461    89    99    99
  462     8   100   100
  463    92    99    99
  464    11    35    35
  465    66    76    76
  466    94    96    96
  467   100   100   100
  468    70    99    99
  469   100   100   100
  470    85    94    94
  471    47    99    99
  472    78    94    94
  473    79    18    18
  474    11    99    99
  475    81    96    96
  476    47    87    87
  477    57    51    51
  478    63    95    95
  479    78    99    99
  480    69   100   100
  481    26    99    99
  482    46    94    94
  483     9    99    99
  484    15    99    99
  485    32    26    26
  486    68    99    99
  487    41    99    99
  488    86    98    98
  489    46    72    72
  490    93    57    57
  491    81    81    81
  492    17    98    98
  493    55    97    97
  494    82   100   100
  495    92    99    99
  496     9    50    50
  497    19    96    96
  498    31    99    99
  499    87    66    66
  100