 1000
    0     1    11    99
    1     2    12    96
    2     1    11    94
    3     6    16    99
    4     5    15    97
    5     8    18    99
    6     9    19    99
    7     9    19    99
    8     5    15    95
    9     2    12    90
   10     7    17    94
   11    12    22    98
   12     1    11    87
   13     1    11    86
   14    11    21    96
   15    14    24    98
   16     1    11    83
   17    10    20    92
   18    10    20    91
   19     5    15    85
   20     6    16    86
   21     3    13    83
   22    14    24    93
   23     9    19    87
   24     3    13    81
   25    15    25    93
   26    17    27    95
   27    16    26    93
   28    20    30    97
   29    15    25    92
   30    20    30    96
   31    10    20    86
   32    19    29    95
   33     7    17    81
   34    23    33    97
   35    19    29    93
   36    12    22    85
   37    19    29    92
   38    21    31    94
   39    15    25    88
   40    10    20    83
   41    23    33    94
   42     1    11    72
   43     7    17    78
   44     9    19    80
   45    15    25    86
   46     5    15    75
   47     8    18    78
   48    19    29    88
   49     8    18    77
   50     4    14    73
   51    18    28    87
   52    21    31    90
   53    29    39    98
   54    23    33    91
   55     4    14    72
   56    14    24    82
   57     8    18    75
   58    26    36    93
   59    26    36    93
   60    16    26    83
   61    28    38    94
   62     7    17    73
   63    21    31    87
   64    22    32    87
   65    23    33    88
   66    12    22    77
   67    17    27    82
   68     5    15    70
   69    22    32    87
   70    16    26    80
   71    22    32    86
   72    25    35    89
   73     6    16    69
   74    22    32    85
   75    21    31    84
   76    11    21    74
   77    25    35    88
   78    25    35    88
   79    10    20    73
   80    23    33    86
   81    10    20    73
   82    15    25    77
   83    35    45    97
   84    13    23    75
   85    37    47    99
   86    25    35    87
   87     9    19    71
   88    30    40    92
   89    37    47    98
   90     3    13    64
   91    13    23    74
   92     6    16    67
   93    28    38    89
   94    39    49    99
   95    26    36    86
   96    14    24    74
   97    36    46    95
   98    20    30    79
   99    37    47    96
  100    33    43    91
  101     5    15    63
  102    33    43    91
  103    41    51    99
  104    39    49    97
  105    24    34    82
  106    37    47    94
  107    41    51    98
  108     3    13    60
  109     4    14    61
  110    34    44    91
  111    26    36    83
  112    42    52    99
  113    40    50    96
  114    14    24    70
  115     3    13    59
  116     1    11    57
  117    43    53    99
  118    19    29    75
  119     8    18    63
  120    44    54    99
  121    13    23    68
  122    32    42    87
  123    20    30    75
  124    38    48    93
  125    38    48    93
  126    42    52    97
  127     3    13    57
  128    23    33    77
  129     3    13    57
  130    36    46    90
  131    13    23    67
  132    18    28    72
  133    16    26    70
  134    15    25    69
  135     2    12    56
  136    30    40    84
  137    14    24    67
  138    41    51    94
  139     1    11    54
  140    20    30    73
  141     6    16    59
  142    21    31    74
  143    41    51    94
  144    12    22    65
  145    22    32    75
  146     8    18    61
  147     8    18    61
  148    29    39    81
  149     4    14    56
  150    26    36    78
  151    19    29    70
  152    35    45    86
  153    44    54    95
  154     4    14    55
  155    35    45    86
  156    30    40    81
  157    46    56    97
  158    35    45    85
  159    41    51    91
  160    34    44    84
  161    45    55    95
  162    37    47    87
  163    27    37    77
  164    31    41    81
  165    31    41    81
  166    13    23    63
  167    48    58    97
  168    33    43    82
  169    20    30    69
  170    21    31    70
  171    47    57    96
  172    39    49    88
  173     8    18    57
  174    35    45    84
  175     7    17    55
  176    38    48    86
  177    35    45    83
  178    11    21    59
  179    26    36    74
  180    30    40    77
  181    41    51    88
  182    31    41    78
  183    49    59    96
  184    15    25    62
  185    11    21    58
  186    44    54    91
  187    36    46    83
  188    27    37    73
  189    21    31    67
  190    16    26    62
  191     6    16    52
  192    52    62    98
  193    24    34    70
  194     7    17    53
  195    28    38    74
  196    22    32    68
  197    41    51    87
  198    10    20    55
  199    52    62    97
  200     6    16    51
  201    37    47    82
  202    21    31    65
  203    43    53    87
  204    30    40    74
  205    15    25    59
  206    11    21    55
  207    43    53    87
  208    16    26    60
  209    52    62    96
  210    48    58    92
  211    34    44    78
  212    35    45    78
  213    19    29    62
  214    22    32    65
  215    43    53    86
  216    13    23    56
  217    44    54    87
  218    48    58    91
  219    28    38    71
  220    45    55    88
  221    56    66    99
  222    30    40    73
  223     3    13    46
  224    45    55    87
  225    54    64    96
  226    55    65    97
  227     7    17    49
  228     9    19    51
  229    15    25    57
  230     7    17    49
  231     9    19    51
  232    12    22    54
  233    35    45    77
  234    55    65    97
  235    51    61    93
  236    36    46    77
  237    58    68    99
  238    29    39    70
  239    47    57    88
  240    58    68    99
  241    50    60    91
  242    24    34    65
  243    48    58    88
  244    31    41    71
  245    47    57    87
  246    49    59    89
  247    39    49    79
  248    30    40    69
  249    11    21    50
  250    60    70    99
  251    51    61    90
  252    37    47    76
  253    58    68    97
  254    55    65    94
  255    27    37    66
  256    23    33    62
  257    57    67    96
  258    13    23    52
  259    32    42    71
  260    60    70    99
  261    53    63    92
  262    39    49    78
  263    59    69    97
  264    51    61    89
  265    57    67    95
  266    44    54    82
  267    56    66    94
  268    59    69    97
  269    53    63    91
  270    45    55    83
  271    25    35    63
  272    15    25    53
  273    12    22    50
  274    21    31    59
  275    15    25    53
  276    60    70    98
  277    34    44    72
  278    40    50    78
  279    26    36    64
  280    50    60    88
  281    62    72    99
  282    49    59    86
  283    53    63    90
  284    15    25    52
  285    33    43    70
  286    61    71    98
  287    43    53    80
  288    51    61    88
  289    42    52    79
  290    23    33    60
  291    18    28    55
  292    33    43    69
  293    37    47    73
  294    52    62    88
  295    61    71    97
  296    17    27    53
  297    57    67    93
  298    29    39    65
  299    33    43    69
  300     9    19    45
  301    24    34    60
  302    60    70    95
  303    59    69    94
  304    58    68    93
  305     7    17    42
  306    62    72    97
  307     2    12    37
  308    41    51    76
  309    64    74    99
  310    27    37    62
  311    40    50    75
  312    10    20    45
  313    49    59    84
  314    36    46    71
  315    42    52    77
  316    16    26    51
  317     1    11    36
  318    62    72    97
  319    49    59    84
  320    27    37    62
  321     9    19    44
  322    42    52    77
  323     7    17    41
  324    37    47    71
  325    61    71    95
  326    18    28    52
  327    53    63    87
  328    48    58    82
  329    47    57    81
  330    52    62    85
  331    61    71    94
  332    17    27    50
  333    24    34    57
  334    39    49    72
  335    25    35    58
  336    31    41    64
  337    56    66    89
  338    47    57    80
  339    46    56    79
  340    63    73    96
  341    59    69    92
  342    13    23    46
  343    66    76    99
  344    46    56    79
  345    43    53    75
  346    62    72    94
  347    49    59    81
  348    44    54    76
  349    46    56    78
  350    50    60    82
  351    24    34    56
  352    63    73    95
  353    49    59    81
  354    41    51    73
  355    55    65    87
  356    55    65    86
  357    49    59    80
  358    44    54    75
  359    59    69    90
  360    66    76    97
  361    67    77    98
  362    66    76    97
  363    56    66    87
  364    16    26    47
  365    64    74    95
  366    48    58    79
  367    66    76    97
  368    17    27    48
  369    43    53    74
  370    46    56    76
  371    66    76    96
  372    44    54    74
  373    65    75    95
  374    40    50    70
  375    64    74    94
  376    52    62    82
  377    35    45    65
  378    48    58    78
  379    53    63    83
  380    15    25    45
  381    33    43    63
  382    34    44    64
  383    32    42    62
  384    66    76    95
  385    60    70    89
  386    68    78    97
  387    44    54    73
  388    50    60    79
  389    13    23    42
  390    41    51    70
  391    49    59    78
  392    37    47    66
  393    61    71    90
  394    36    46    65
  395    51    61    80
  396     9    19    38
  397    20    30    48
  398    10    20    38
  399    64    74    92
  400    63    73    91
  401    63    73    91
  402    55    65    83
  403    56    66    84
  404    67    77    95
  405    61    71    89
  406    59    69    87
  407    41    51    69
  408     9    19    37
  409    66    76    93
  410    35    45    62
  411    25    35    52
  412    47    57    74
  413    61    71    88
  414    50    60    77
  415    71    81    98
  416    50    60    77
  417    49    59    76
  418    42    52    69
  419    45    55    72
  420    48    58    75
  421    43    53    70
  422    37    47    64
  423    72    82    99
  424    61    71    88
  425    31    41    58
  426     6    16    33
  427    68    78    95
  428    72    82    98
  429    17    27    43
  430    18    28    44
  431    61    71    87
  432    44    54    70
  433    62    72    88
  434     6    16    32
  435    24    34    50
  436    64    74    90
  437    25    35    51
  438    50    60    76
  439    71    81    97
  440     6    16    32
  441    69    79    95
  442    47    57    73
  443    72    82    98
  444    48    58    74
  445    46    56    72
  446    63    73    89
  447    67    77    93
  448    55    65    81
  449    42    52    68
  450     4    14    30
  451    57    67    83
  452    73    83    98
  453    53    63    78
  454    25    35    50
  455    33    43    58
  456     1    11    26
  457    60    70    85
  458    37    47    62
  459    54    64    79
  460    55    65    80
  461    50    60    75
  462    72    82    97
  463    10    20    35
  464    58    68    83
  465    72    82    97
  466    36    46    61
  467    63    73    88
  468    61    71    86
  469    65    75    90
  470    34    44    59
  471    48    58    73
  472    55    65    79
  473    59    69    83
  474    50    60    74
  475    71    81    95
  476    62    72    86
  477    22    32    46
  478    65    75    89
  479    16    26    40
  480    63    73    87
  481    40    50    64
  482    49    59    73
  483    68    78    92
  484    62    72    86
  485    47    57    71
  486    75    85    99
  487    56    66    80
  488    55    65    79
  489    15    25    39
  490    75    85    99
  491    18    28    42
  492    67    77    91
  493    24    34    48
  494    49    59    73
  495    19    29    42
  496    63    73    86
  497    64    74    87
  498    59    69    82
  499    75    85    98
  500    60    70    83
  501    68    78    91
  502    35    45    58
  503    46    56    69
  504    55    65    78
  505    57    67    80
  506    56    66    79
  507    70    80    93
  508    37    47    59
  509    31    41    53
  510    74    84    96
  511    56    66    78
  512    29    39    51
  513    71    81    93
  514    15    25    37
  515    77    87    99
  516    61    71    83
  517     3    13    25
  518    64    74    86
  519    51    61    73
  520    67    77    89
  521    59    69    81
  522    56    66    78
  523    41    51    63
  524     9    19    31
  525    74    84    96
  526    76    86    98
  527    25    35    47
  528    75    85    97
  529    50    60    72
  530    68    78    89
  531    77    87    98
  532    44    54    65
  533    77    87    98
  534    44    54    65
  535    47    57    68
  536    77    87    98
  537    66    76    87
  538    23    33    44
  539    58    68    79
  540    70    80    91
  541    64    74    85
  542    69    79    89
  543    25    35    45
  544    73    83    93
  545    66    76    86
  546    46    56    66
  547    74    84    94
  548    10    20    30
  549    18    28    38
  550    76    86    96
  551    71    81    91
  552    58    68    78
  553    65    75    85
  554    36    46    56
  555    53    63    73
  556    54    64    74
  557     5    15    25
  558    72    82    92
  559    68    78    88
  560    72    82    92
  561    44    54    64
  562    58    68    78
  563    37    47    57
  564    78    88    98
  565    39    49    58
  566    47    57    66
  567    80    90    99
  568    49    59    68
  569    17    27    36
  570    69    79    88
  571    53    63    72
  572    46    56    65
  573    23    33    42
  574    76    86    95
  575    32    42    51
  576    74    84    93
  577    54    64    73
  578    12    22    31
  579    73    83    92
  580    39    49    58
  581    44    54    63
  582    45    55    64
  583    78    88    97
  584    52    62    71
  585    76    86    95
  586    76    86    95
  587    70    80    88
  588    66    76    84
  589    16    26    34
  590    75    85    93
  591    50    60    68
  592    29    39    47
  593    69    79    87
  594    44    54    62
  595    48    58    66
  596    40    50    58
  597    81    91    99
  598    43    53    61
  599    73    83    91
  600    37    47    55
  601    61    71    79
  602    15    25    33
  603    75    85    92
  604    80    90    97
  605    70    80    87
  606    47    57    64
  607    19    29    36
  608    37    47    54
  609    54    64    71
  610    65    75    82
  611    54    64    71
  612    75    85    92
  613    79    89    96
  614    30    40    47
  615    78    88    95
  616    39    49    56
  617    77    87    94
  618    15    25    32
  619    62    72    79
  620    78    88    95
  621    34    44    51
  622    42    52    59
  623    28    38    45
  624    53    63    70
  625    70    80    87
  626    59    69    76
  627    69    79    86
  628    33    43    50
  629    74    84    91
  630    54    64    71
  631    37    47    54
  632    29    39    46
  633    77    87    94
  634     3    13    19
  635     8    18    24
  636    67    77    83
  637    76    86    92
  638    80    90    96
  639    40    50    56
  640    68    78    84
  641    74    84    90
  642    71    81    87
  643    42    52    58
  644    70    80    86
  645    82    92    98
  646    74    84    90
  647    83    93    99
  648     7    17    23
  649    82    92    98
  650    61    71    77
  651    69    79    85
  652    75    85    91
  653    77    87    93
  654    81    91    97
  655    83    93    99
  656    79    89    95
  657    53    63    69
  658    61    71    77
  659    81    91    96
  660    29    39    44
  661    79    89    94
  662    82    92    97
  663    81    91    96
  664    45    55    60
  665    81    91    96
  666    35    45    50
  667    82    92    97
  668    70    80    85
  669    78    88    93
  670    80    90    95
  671    80    90    95
  672    81    91    96
  673     4    14    19
  674    44    54    59
  675    82    92    97
  676    54    64    69
  677    23    33    38
  678    83    93    98
  679    45    55    60
  680    67    77    82
  681    64    74    79
  682    72    82    87
  683    18    28    33
  684    52    62    67
  685    63    73    78
  686    18    28    32
  687    81    91    95
  688    59    69    73
  689    56    66    70
  690    42    52    56
  691    74    84    88
  692    39    49    53
  693    79    89    93
  694    41    51    55
  695    83    93    97
  696    85    95    99
  697    56    66    70
  698    29    39    43
  699    79    89    93
  700    44    54    58
  701    77    87    91
  702    47    57    61
  703    57    67    71
  704    61    71    75
  705    79    89    93
  706    82    92    96
  707    28    38    42
  708     4    14    18
  709    79    89    93
  710    85    95    99
  711    43    53    57
  712    83    93    97
  713    80    90    94
  714    75    85    89
  715    44    54    58
  716    78    88    92
  717    69    79    82
  718    71    81    84
  719    80    90    93
  720    71    81    84
  721    85    95    98
  722    84    94    97
  723    56    66    69
  724    79    89    92
  725    77    87    90
  726    42    52    55
  727    82    92    95
  728    80    90    93
  729    48    58    61
  730    85    95    98
  731    70    80    83
  732    53    63    66
  733    70    80    83
  734    86    96    99
  735    80    90    93
  736    81    91    94
  737    51    61    64
  738    80    90    93
  739    37    47    50
  740    74    84    87
  741    54    64    67
  742    53    63    66
  743    65    75    78
  744    84    94    97
  745    83    93    95
  746    83    93    95
  747    74    84    86
  748    87    97    99
  749    29    39    41
  750    50    60    62
  751    66    76    78
  752     8    18    20
  753    78    88    90
  754    80    90    92
  755    19    29    31
  756    57    67    69
  757    84    94    96
  758     7    17    19
  759    52    62    64
  760    79    89    91
  761    59    69    71
  762    74    84    86
  763    80    90    92
  764    17    27    29
  765    81    91    93
  766    64    74    76
  767    84    94    96
  768    71    81    83
  769    70    80    82
  770    76    86    88
  771    68    78    80
  772    70    80    82
  773    83    93    95
  774    87    97    99
  775    58    68    70
  776    37    47    49
  777    84    94    96
  778    84    94    96
  779    86    96    98
  780    30    40    42
  781    84    94    96
  782    56    66    68
  783    76    86    88
  784    63    73    75
  785    11    21    23
  786    67    77    79
  787    43    53    55
  788    87    97    99
  789    65    75    76
  790    87    97    98
  791    62    72    73
  792    68    78    79
  793    86    96    97
  794    87    97    98
  795    84    94    95
  796    37    47    48
  797    45    55    56
  798    88    98    99
  799    88    98    99
  800    86    96    97
  801    86    96    97
  802    77    87    88
  803    86    96    97
  804    60    70    71
  805    64    74    75
  806    68    78    79
  807    64    74    75
  808    76    86    87
  809    84    94    95
  810    73    83    84
  811    75    85    86
  812    18    28    29
  813    70    80    81
  814    73    83    84
  815    51    61    62
  816    88    98    99
  817    68    78    79
  818    76    86    87
  819     5    15    16
  820    49    59    60
  821    19    29    30
  822    75    85    86
  823    83    93    94
  824    88    98    99
  825    84    94    95
  826    52    62    63
  827    19    29    30
  828    66    76    77
  829    68    78    79
  830    77    87    88
  831    84    94    95
  832    83    93    94
  833    86    96    97
  834    84    94    95
  835    11    21    22
  836    79    89    90
  837    92   100   100
  838    92   100   100
  839    76    86    86
  840    27    37    37
  841    86    96    96
  842    97   100   100
  843    99   100   100
  844    99   100   100
  845    99   100   100
  846    89    99    99
  847    91   100   100
  848    78    88    88
  849    96   100   100
  850    99   100   100
  851    87    97    97
  852    99   100   100
  853    97   100   100
  854    91   100   100
  855    96   100   100
  856    98   100   100
  857    97   100   100
  858    59    69    69
  859    97   100   100
  860    57    67    67
  861    98   100   100
  862    90   100   100
  863    99   100   100
  864    93   100   100
  865   100   100   100
  866    22    32    32
  867    94   100   100
  868    86    96    96
  869     4    14    14
  870    94   100   100
  871    91   100   100
  872    91   100   100
  873    90   100   100
  874    72    82    82
  875    84    94    94
  876    89    99    99
  877    96   100   100
  878    92   100   100
  879    95   100   100
  880    79    89    89
  881   100   100   100
  882    90   100   100
  883    96   100   100
  884    68    78    78
  885    83    93    93
  886    94   100   100
  887   100   100   100
  888    89    99    99
  889    94   100   100
  890    92   100   100
  891    90   100   100
  892    84    94    94
  893    97   100   100
  894    94   100   100
  895    39    49    49
  896    98   100   100
  897    95   100   100
  898    73    83    83
  899    92   100   100
  900    90   100   100
  901    95   100   100
  902    96   100   100
  903    96   100   100
  904    90   100   100
  905    92   100   100
  906    88    98    98
  907    97   100   100
  908    95   100   100
  909    95   100   100
  910    65    75    75
  911    89    99    99
  912    94   100   100
  913    94   100   100
  914    90   100   100
  915    92   100   100
  916    48    58    58
  917    93   100   100
  918   100   100   100
  919    95   100   100
  920    98   100   100
  921    91   100   100
  922    86    96    96
  923    94   100   100
  924    98   100   100
  925    85    95    95
  926    96   100   100
  927    94   100   100
  928    90   100   100
  929    92   100   100
  930    96   100   100
  931    95   100   100
  932    96   100   100
  933    91   100   100
  934    90   100   100
  935    96   100   100
  936    88    98    98
  937    98   100   100
  938    95   100   100
  939    91   100   100
  940    96   100   100
  941    91   100   100
  942    91   100   100
  943    99   100   100
  944    93   100   100
  945    91   100   100
  946    94   100   100
  947    99   100   100
  948    89    99    99
  949    98   100   100
  950    99   100   100
  951    87    97    97
  952    89    99    99
  953    92   100   100
  954    96   100   100
  955    87    97    97
  956    97   100   100
  957    78    88    88
  958    90   100   100
  959    97   100   100
  960    89    99    99
  961    99   100   100
  962    91   100   100
  963    90   100   100
  964    91   100   100
  965    99   100   100
  966    95   100   100
  967    93   100   100
  968    92   100   100
  969    90   100   100
  970    94   100   100
  971    13    23    23
  972    81    91    91
  973    96   100   100
  974    96   100   100
  975    85    95    95
  976    89    99    99
  977    68    78    78
  978    97   100   100
  979    98   100   100
  980    96   100   100
  981    79    89    89
  982    97   100   100
  983    96   100   100
  984    89    99    99
  985    88    98    98
  986    99   100   100
  987    90   100   100
  988    83    93    93
  989    76    86    86
  990    92   100   100
  991    95   100   100
  992    97   100   100
  993    98   100   100
  994    93   100   100
  995    52    62    62
  996    95   100   100
  997    88    98    98
  998    93   100   100
  999    94   100   100
  100