  500
    0     1     1    98
    1     1     1    98
    2     5     5    96
    3     7     7    98
    4     4     4    93
    5    11    11    97
    6     3     3    85
    7    13    13    94
    8     8     8    86
    9    11    11    89
   10     4     4    80
   11     6     6    81
   12    13    13    87
   13     1     1    74
   14     2     2    75
   15     1     1    73
   16    19    19    91
   17    10    10    81
   18    25    25    96
   19    25    25    95
   20     9     9    79
   21     4     4    73
   22    30    30    99
   23    23    23    91
   24    13    13    81
   25    14    14    81
   26     4     4    71
   27     1     1    67
   28    26    26    92
   29    34    34    99
   30    21    21    86
   31    15    15    80
   32     1     1    65
   33    32    32    95
   34    27    27    90
   35    12    12    74
   36    15    15    77
   37    35    35    96
   38    31    31    92
   39    36    36    97
   40    13    13    74
   41    17    17    77
   42    37    37    97
   43    34    34    94
   44     4     4    63
   45    21    21    79
   46     5     5    62
   47     3     3    60
   48    34    34    91
   49    19    19    75
   50    41    41    96
   51    42    42    97
   52    29    29    84
   53    41    41    95
   54    33    33    87
   55    22    22    76
   56    12    12    66
   57    43    43    97
   58    20    20    73
   59    13    13    66
   60    27    27    80
   61    20    20    73
   62    12    12    65
   63     9     9    62
   64    10    10    63
   65     5     5    57
   66    18    18    70
   67    47    47    99
   68    13    13    64
   69    26    26    77
   70    30    30    79
   71    50    50    99
   72    21    21    70
   73    16    16    65
   74    48    48    97
   75    40    40    89
   76    10    10    59
   77    23    23    71
   78    51    51    99
   79    45    45    93
   80    44    44    92
   81    30    30    78
   82    32    32    80
   83    30    30    78
   84    30    30    77
   85    24    24    71
   86    49    49    96
   87    43    43    90
   88    47    47    94
   89    50    50    96
   90    22    22    68
   91    36    36    82
   92    10    10    56
   93    48    48    93
   94     2     2    47
   95    41    41    85
   96    51    51    95
   97    21    21    64
   98    30    30    73
   99    49    49    92
  100    37    37    80
  101    30    30    73
  102    35    35    78
  103    13    13    55
  104     9     9    51
  105    27    27    69
  106    30    30    72
  107    27    27    69
  108    37    37    79
  109    42    42    84
  110    11    11    52
  111    58    58    99
  112    41    41    82
  113    46    46    86
  114    25    25    65
  115    21    21    61
  116    17    17    57
  117    36    36    76
  118    49    49    89
  119    58    58    97
  120    49    49    88
  121     3     3    42
  122    58    58    96
  123    27    27    65
  124    48    48    86
  125    27    27    65
  126    49    49    87
  127    59    59    96
  128    20    20    57
  129     8     8    45
  130    51    51    87
  131    53    53    89
  132    53    53    89
  133    31    31    67
  134    15    15    51
  135    45    45    80
  136    25    25    60
  137    39    39    74
  138    46    46    81
  139    59    59    94
  140    31    31    66
  141    55    55    90
  142    36    36    70
  143    21    21    55
  144    21    21    55
  145    65    65    99
  146    27    27    60
  147     4     4    37
  148    53    53    86
  149    35    35    68
  150     8     8    40
  151    63    63    95
  152    61    61    93
  153    62    62    94
  154    25    25    57
  155    66    66    98
  156    53    53    84
  157    21    21    52
  158    36    36    67
  159    10    10    41
  160    28    28    59
  161    17    17    48
  162    30    30    61
  163    45    45    76
  164    28    28    59
  165    37    37    67
  166    12    12    42
  167    53    53    83
  168    59    59    89
  169    45    45    75
  170    69    69    98
  171    11    11    40
  172    58    58    87
  173    55    55    83
  174    33    33    61
  175    52    52    80
  176    32    32    60
  177    13    13    41
  178    70    70    98
  179    36    36    64
  180    26    26    53
  181    53    53    80
  182    54    54    81
  183    17    17    44
  184    52    52    79
  185    64    64    91
  186    36    36    63
  187     9     9    36
  188    18    18    44
  189    25    25    51
  190    36    36    62
  191    49    49    75
  192    67    67    93
  193    43    43    68
  194    20    20    45
  195    66    66    91
  196    46    46    71
  197    65    65    90
  198     8     8    33
  199    72    72    97
  200    30    30    54
  201    54    54    78
  202    69    69    93
  203    72    72    96
  204    21    21    45
  205    49    49    73
  206    74    74    98
  207    35    35    58
  208    73    73    96
  209    33    33    56
  210    61    61    84
  211     3     3    25
  212    68    68    90
  213    71    71    93
  214    72    72    94
  215    63    63    85
  216    44    44    66
  217    61    61    83
  218    63    63    85
  219    16    16    38
  220    69    69    90
  221    14    14    35
  222    65    65    86
  223     2     2    23
  224    57    57    78
  225    11    11    32
  226    79    79    99
  227    64    64    84
  228    67    67    87
  229    54    54    74
  230    67    67    87
  231    41    41    61
  232    74    74    94
  233    66    66    86
  234    57    57    77
  235    57    57    77
  236    70    70    90
  237    26    26    46
  238    62    62    82
  239     5     5    25
  240    67    67    86
  241     9     9    28
  242    80    80    99
  243    56    56    75
  244    67    67    86
  245    17    17    36
  246    27    27    45
  247    80    80    98
  248    56    56    74
  249    58    58    76
  250    60    60    78
  251    63    63    81
  252    55    55    73
  253    70    70    88
  254    73    73    90
  255    13    13    30
  256    67    67    84
  257    77    77    94
  258    82    82    99
  259    34    34    51
  260    72    72    88
  261    58    58    74
  262    83    83    99
  263    21    21    37
  264    38    38    54
  265    28    28    44
  266    29    29    45
  267    62    62    78
  268    83    83    99
  269    30    30    46
  270    83    83    99
  271    84    84    99
  272    66    66    81
  273    68    68    83
  274    68    68    83
  275    68    68    83
  276    45    45    60
  277    67    67    82
  278    10    10    25
  279    79    79    94
  280     3     3    18
  281    80    80    95
  282    62    62    76
  283    61    61    75
  284    81    81    95
  285    70    70    84
  286    32    32    46
  287    38    38    52
  288    68    68    82
  289    56    56    70
  290    69    69    83
  291    48    48    62
  292    63    63    76
  293    72    72    85
  294    73    73    86
  295    86    86    99
  296    80    80    93
  297     2     2    15
  298    46    46    59
  299    40    40    52
  300    65    65    77
  301    49    49    61
  302    64    64    76
  303    25    25    37
  304    71    71    83
  305    46    46    58
  306    41    41    53
  307    87    87    99
  308    70    70    82
  309    82    82    94
  310    78    78    90
  311    72    72    83
  312    88    88    99
  313    88    88    99
  314    85    85    96
  315     1     1    12
  316    72    72    83
  317    55    55    66
  318    75    75    86
  319    88    88    99
  320    66    66    77
  321    35    35    46
  322    29    29    40
  323    46    46    57
  324    89    89    99
  325    82    82    92
  326    86    86    96
  327    55    55    65
  328    66    66    76
  329    26    26    36
  330    82    82    92
  331    69    69    79
  332    16    16    26
  333    50    50    60
  334    65    65    75
  335    35    35    44
  336    77    77    86
  337    45    45    54
  338    75    75    84
  339    60    60    69
  340    73    73    82
  341    76    76    85
  342    80    80    89
  343    64    64    73
  344    88    88    97
  345    30    30    39
  346    65    65    74
  347    71    71    80
  348    82    82    90
  349    67    67    75
  350    91    91    99
  351    81    81    89
  352    50    50    58
  353    71    71    79
  354    82    82    90
  355    83    83    91
  356     6     6    14
  357     5     5    13
  358    73    73    81
  359    63    63    71
  360    88    88    96
  361    87    87    95
  362    46    46    54
  363    61    61    69
  364    37    37    45
  365    40    40    48
  366    70    70    77
  367    26    26    33
  368    71    71    78
  369    41    41    48
  370    78    78    85
  371    91    91    98
  372    87    87    94
  373    14    14    21
  374    90    90    97
  375     7     7    14
  376    91    91    98
  377    78    78    85
  378    69    69    76
  379    87    87    93
  380    89    89    95
  381    87    87    93
  382    16    16    22
  383    32    32    38
  384    64    64    70
  385    81    81    87
  386    92    92    98
  387    86    86    92
  388    91    91    97
  389    15    15    21
  390    81    81    87
  391    91    91    97
  392    14    14    20
  393    81    81    87
  394    65    65    70
  395    82    82    87
  396    89    89    94
  397    91    91    96
  398    80    80    85
  399    86    86    91
  400    79    79    84
  401    79    79    84
  402    87    87    92
  403    38    38    43
  404    18    18    23
  405    94    94    99
  406    86    86    90
  407    81    81    85
  408    67    67    71
  409    68    68    72
  410    50    50    54
  411    70    70    74
  412    86    86    90
  413    57    57    61
  414     5     5     9
  415    87    87    91
  416    95    95    99
  417     9     9    13
  418    94    94    98
  419    15    15    19
  420    36    36    40
  421    93    93    96
  422    83    83    86
  423    71    71    74
  424    89    89    92
  425     1     1     4
  426    49    49    52
  427    75    75    78
  428    29    29    32
  429    92    92    95
  430    43    43    46
  431    95    95    98
  432    89    89    92
  433    44    44    47
  434    44    44    47
  435    38    38    41
  436    74    74    76
  437    24    24    26
  438    96    96    98
  439    27    27    29
  440    87    87    89
  441    87    87    89
  442    92    92    94
  443    95    95    97
  444    96    96    98
  445    69    69    71
  446    57    57    59
  447    86    86    88
  448    40    40    41
  449    73    73    74
  450    96    96    97
  451    85    85    86
  452    96    96    97
  453    71    71    72
  454    96    96    97
  455    97    97    98
  456    73    73    74
  457    79    79    80
  458    32    32    33
  459    94    94    95
  460    21    21    22
  461    95    95    96
  462    88    88    89
  463    70    70    71
  464    95    95    96
  465    83    83    84
  466    98    98    99
  467    96    96    97
  468    86    86    87
  469    68    68    69
  470    58    58    59
  471    94    94    95
  472    90    90    91
  473    25    25    25
  474    91    91    91
  475    95    95    95
  476    72    72    72
  477    98    98    98
  478    26    26    26
  479    95    95    95
  480    46    46    46
  481    99    99    99
  482    98    98    98
  483    99    99    99
  484    94    94    94
  485    67    67    67
  486    41    41    41
  487    58    58    58
  488    95    95    95
  489    97    97    97
  490    88    88    88
  491    93    93    93
  492   100   100   100
  493    99    99    99
  494    95    95    95
  495    87    87    87
  496    97    97    97
  497    97    97    97
  498    98    98    98
  499    74    74    74
  100