  500
    0    16     3    95
    1    36    10    99
    2    35    11    97
    3    28     7    89
    4    63     7    89
    5    54    12    92
    6    41     7    87
    7    21     4    84
    8    68    12    89
    9    50     6    83
   10    75     2    78
   11    86    15    91
   12    16    15    91
   13    21    16    91
   14     6     9    82
   15    88    25    97
   16    26    27    97
   17   100    23    92
   18    24     6    75
   19    36    14    83
   20     3    21    89
   21    47    17    85
   22    93    11    78
   23    22    26    92
   24    27    17    82
   25    76    29    94
   26    75    30    95
   27    43    34    99
   28     7    16    81
   29    56    26    90
   30     5     6    69
   31    70    23    86
   32    55    18    81
   33    72    36    98
   34    34    20    82
   35    54    35    96
   36   100    27    88
   37    25     5    66
   38    75    33    94
   39    54    34    94
   40    99     4    64
   41    34     6    66
   42    42    10    70
   43     8    39    99
   44    99    13    73
   45   100    18    77
   46    78    29    88
   47    31     2    61
   48    85    26    84
   49    45    21    79
   50    88    12    70
   51    96    20    77
   52    72    17    74
   53    53    38    95
   54    46    30    87
   55    51    20    77
   56     3     9    65
   57    85    32    88
   58    68     4    60
   59    14    26    81
   60    52     7    62
   61    97    10    65
   62    19    42    97
   63    72     1    55
   64    89     3    57
   65    78    16    70
   66    61    23    76
   67    27    16    69
   68     5     3    56
   69    22    36    89
   70     6    26    79
   71    93    33    86
   72    91    23    75
   73    51    31    83
   74    47    32    84
   75    15    17    69
   76    83    33    84
   77    76    28    79
   78    13    25    76
   79    37    13    64
   80     5    42    93
   81     5    27    78
   82    92    13    64
   83    45    10    60
   84    12    38    88
   85    97    32    82
   86    23    46    96
   87    34    35    85
   88    46    34    83
   89    49    43    92
   90    17    30    79
   91    92    35    84
   92    97     4    53
   93    99     6    55
   94    11    51    99
   95     9    31    79
   96     9    30    78
   97    15     4    52
   98    55    19    67
   99    30    29    76
  100     8    39    86
  101    13    46    93
  102    79    21    67
  103    90    37    83
  104    94    25    71
  105    69    37    83
  106    11    38    84
  107    96    24    69
  108    85    39    84
  109    50     7    51
  110    99    28    72
  111     3     7    51
  112   100    51    95
  113    88    43    87
  114    43    37    81
  115    96    19    63
  116    77    49    92
  117    96    45    88
  118    39    39    82
  119    34    48    91
  120    93     9    52
  121    60    37    80
  122    31    37    80
  123    99    47    89
  124    30     7    49
  125    27    27    69
  126    60    48    89
  127    80    39    80
  128    10    34    75
  129    24    31    71
  130     5    37    77
  131    42    52    91
  132    97    21    60
  133    76    53    92
  134    95    29    68
  135   100    26    65
  136    20    15    54
  137    71    47    85
  138    81    51    89
  139    33    22    60
  140    23    32    70
  141    22    57    94
  142    29    23    60
  143     1     4    41
  144    28    14    51
  145    84    24    60
  146    68    43    79
  147     2    53    89
  148    19    63    99
  149    41    16    52
  150    67     8    44
  151    53    57    92
  152    10    10    45
  153     3    34    69
  154    66    42    77
  155    90     2    37
  156    83    31    66
  157    45    52    87
  158    96    40    75
  159    21    37    71
  160    43    31    65
  161    46    12    46
  162    45    39    73
  163    29    54    88
  164    28    62    96
  165    20    40    73
  166    73    64    97
  167    49    58    91
  168    54    46    79
  169    84    16    49
  170    40    64    96
  171    14    60    92
  172    24    37    69
  173    65    62    94
  174    93    64    96
  175    37    54    85
  176    35    37    68
  177    49    23    54
  178     2    44    75
  179    20    24    55
  180    12    49    79
  181    97    31    61
  182    30    59    89
  183    84    66    96
  184    77    66    96
  185    41    28    58
  186    71    63    92
  187    95    47    76
  188    21    61    90
  189     2    63    92
  190    60    30    59
  191    96    36    65
  192    81    68    97
  193    22    67    95
  194    94    61    89
  195    99    44    72
  196    82     4    32
  197    67    67    94
  198    28    12    39
  199    60    43    70
  200    81    70    97
  201    92    58    85
  202    64    25    52
  203    99    22    49
  204    87    68    95
  205     6    36    63
  206    52    22    48
  207    22    35    61
  208    11    63    89
  209    41    55    81
  210    62    50    76
  211    80    10    36
  212    56    63    88
  213     3    62    87
  214     4    53    78
  215   100    25    50
  216     8    64    89
  217     7    43    67
  218    57    27    51
  219    95    41    65
  220    97    44    68
  221    37    69    93
  222     7    44    68
  223    20    64    87
  224    29     7    30
  225    86    75    98
  226    17    72    95
  227    50     9    32
  228     8     4    27
  229    56    60    83
  230     5    69    92
  231     9    65    88
  232    44    72    94
  233    54    40    62
  234     7    58    80
  235    57    12    34
  236    72    45    67
  237    15     8    30
  238    48    53    74
  239     3    73    94
  240    40    66    87
  241    42    25    46
  242     8    78    99
  243    77    54    75
  244    93     4    25
  245    10    26    47
  246    59    68    89
  247    96    62    83
  248    31    34    55
  249    76    72    93
  250    97    25    46
  251     6     1    21
  252    69    63    83
  253    80     7    27
  254    19    25    45
  255    15    80    99
  256    83    46    65
  257   100    12    31
  258     3    17    35
  259    30    38    56
  260    66    65    83
  261    29    57    75
  262    73    78    96
  263     1    37    55
  264    70    81    99
  265    73    43    61
  266    95    41    59
  267    81    12    30
  268    31    70    88
  269    15    43    61
  270    83    62    80
  271    93    68    85
  272    47    55    72
  273    97    81    98
  274    60    34    51
  275    81    61    78
  276    11    31    48
  277    22    73    90
  278    56    25    42
  279     7    79    96
  280    37    63    79
  281    31    37    53
  282    49    59    75
  283    84    25    41
  284    45    22    38
  285    54    68    84
  286    83    78    94
  287    33    70    86
  288    78    58    74
  289    29    52    68
  290    25     6    21
  291    86    37    52
  292    64    63    78
  293    77    77    92
  294    31    62    77
  295    22    31    46
  296    23    78    93
  297    32    79    94
  298    88    61    76
  299    59    65    80
  300    86    73    88
  301    37    22    36
  302    65    77    91
  303    80    43    57
  304    24    16    30
  305    50    79    93
  306    91    80    94
  307    66    40    54
  308    15    27    41
  309    22    85    99
  310    58    50    64
  311    59    52    65
  312    14    85    98
  313   100    54    67
  314   100     1    14
  315    77    57    70
  316    33    57    70
  317    14    57    70
  318    57    59    71
  319    12    81    93
  320    46    73    85
  321    74    83    95
  322    47    72    83
  323     7    86    97
  324     3    63    74
  325    53    77    88
  326    58    34    45
  327    21     5    15
  328    57    33    43
  329    24    70    80
  330     2    71    81
  331    31    72    82
  332    54    82    92
  333     1    88    98
  334    13    26    36
  335    94    42    52
  336     7    39    48
  337   100    30    39
  338    16    87    96
  339    41    53    62
  340    78    74    83
  341    44    17    26
  342    64    83    92
  343    68    88    96
  344    49    91    99
  345     8    49    57
  346    33    38    46
  347    71    38    46
  348    24    41    49
  349    62    63    71
  350    63    73    81
  351    17    78    86
  352    71    62    70
  353    58    26    34
  354    99    87    95
  355    23    27    34
  356    43    86    93
  357    28    23    30
  358    61     1     8
  359    23    11    18
  360     9    92    99
  361    42    13    20
  362    33    92    99
  363    65    85    92
  364    97    81    88
  365    24    52    59
  366    85    30    37
  367    60    21    27
  368    32    59    65
  369    63    51    57
  370    35    85    91
  371    59    91    97
  372    67    20    26
  373    58    88    94
  374     5    30    36
  375    46    86    92
  376    79    91    97
  377    38    91    97
  378    42    82    88
  379    42    91    97
  380    33    48    54
  381     8     9    15
  382    12    86    92
  383     6    41    47
  384    83    75    80
  385    19    75    80
  386    72    39    44
  387    42    70    75
  388    63    85    90
  389    78    53    58
  390    87    64    69
  391    76    53    58
  392    23    73    78
  393    42    65    70
  394    20    69    74
  395    47    86    91
  396    96    25    30
  397    80    86    90
  398    42    38    42
  399    52    78    82
  400    18    86    90
  401    27    81    85
  402    51    68    72
  403     1    72    76
  404    99    93    97
  405    79    83    87
  406    78    90    94
  407    17    95    99
  408    20    39    43
  409    53    54    58
  410    83    88    92
  411    65    57    61
  412    78    88    92
  413    56    50    53
  414    22    77    80
  415    84    76    79
  416    41    64    67
  417    76    80    83
  418    44    94    97
  419    32    79    82
  420    69    75    78
  421    52    51    54
  422    11    89    91
  423    83    97    99
  424    33    92    94
  425    59    35    37
  426    16    79    81
  427    31    45    47
  428    85    92    94
  429    18    32    34
  430    70    91    93
  431    14    60    62
  432    47    93    95
  433    66    90    92
  434    45    94    96
  435    97    95    97
  436    41    83    85
  437    95    84    86
  438    79    97    99
  439    54    97    99
  440    16    91    93
  441    69    28    30
  442    63    76    78
  443    33    18    20
  444     8    83    85
  445    71    95    97
  446    35    57    58
  447    19    92    93
  448    48    84    85
  449     8    59    60
  450    55    38    39
  451    98    93    94
  452    83    97    98
  453    85    92    93
  454    38    58    59
  455    28    52    53
  456    31    89    90
  457    84    96    97
  458     2    96    97
  459    92    75    76
  460    38    82    83
  461    16    98    99
  462    13    44    45
  463    81    88    89
  464    30    97    98
  465    86    61    62
  466    81     8     8
  467    65    82    82
  468    52    13    13
  469     5    91    91
  470    17     4     4
  471    90    98    98
  472    11    96    96
  473    54    98    98
  474    39    99    99
  475    54    94    94
  476    54    96    96
  477    54    87    87
  478     5    99    99
  479    31    99    99
  480    88    93    93
  481    55    62    62
  482    52    98    98
  483    35    95    95
  484    84    97    97
  485    85   100   100
  486    46    84    84
  487    98    42    42
  488    53    48    48
  489    66    99    99
  490    68    34    34
  491    28    93    93
  492    72    93    93
  493    37    95    95
  494    30    94    94
  495     6    93    93
  496    21    96    96
  497    80   100   100
  498    51    94    94
  499    22    97    97
  100