  100
    0    42    14    92
    1    41    27    99
    2     3    31    99
    3    52    19    87
    4    66    15    83
    5    51    28    95
    6    58    26    93
    7    46    30    96
    8    64    14    79
    9    51    24    86
   10    23    27    89
   11    56    38    97
   12    52    12    69
   13    34    17    74
   14    57    30    87
   15     2    12    64
   16    88    34    85
   17    58    44    93
   18    29    22    69
   19    20    21    63
   20    20    29    69
   21    13    32    71
   22    56    27    65
   23    40    54    91
   24    55    23    60
   25    75    52    89
   26    90    40    75
   27    13    64    98
   28    17    56    89
   29    82    37    70
   30    95    58    91
   31    94    59    91
   32    18     7    38
   33    80    65    96
   34    94    68    98
   35    16    30    59
   36    68    26    54
   37    18    70    97
   38    64     2    26
   39    40    61    85
   40    40    16    40
   41    44    74    97
   42    67    49    69
   43    44    47    65
   44    96    71    89
   45    95    11    27
   46    66    72    87
   47    51    32    47
   48     6    73    88
   49    75    80    95
   50    64    13    27
   51    50    68    82
   52     6    37    50
   53    21    12    25
   54    75    54    67
   55     3    53    66
   56     1    17    29
   57    72    26    37
   58    86    82    93
   59    33     2    12
   60    77    66    75
   61     3    87    96
   62    10    78    87
   63    87    55    64
   64    67    76    84
   65    11    33    41
   66    81    86    94
   67    46    84    92
   68    87    85    93
   69     9    72    80
   70    91    31    38
   71    95    76    83
   72    69    92    99
   73    35    78    84
   74    91    72    78
   75    22    34    39
   76    22    90    94
   77    58    83    87
   78    49    45    48
   79     3    74    77
   80    72    96    98
   81    84    78    80
   82    53    95    97
   83    78    88    90
   84    35    84    86
   85    10    91    93
   86    92    95    96
   87    19    88    89
   88    76    73    74
   89    37    87    87
   90    44    72    72
   91     4    98    98
   92    11    98    98
   93    44    85    85
   94    14    98    98
   95    24    99    99
   96    45    99    99
   97    36    51    51
   98    93   100   100
   99    76    99    99
  100