  100
    0    14    10    94
    1     9    15    98
    2    14    12    94
    3     9     4    86
    4    16    10    92
    5    12    18    95
    6    24    22    93
    7    18     9    63
    8     2     5    59
    9    39    35    88
   10    24    19    69
   11    43    46    96
   12    29    28    76
   13    33    29    77
   14    12    20    65
   15    43    45    88
   16    43    36    76
   17    38    31    70
   18    23    24    61
   19    47    48    84
   20    57    63    99
   21    53    50    85
   22    50    54    89
   23     3    10    45
   24    11    13    48
   25    23    17    51
   26     1     3    36
   27    16     6    39
   28    11    18    49
   29    11     2    33
   30    49    42    73
   31    35    35    66
   32    46    55    85
   33    24    30    60
   34    63    67    96
   35    33    24    50
   36    63    62    88
   37     4     7    32
   38    76    68    93
   39    18    12    35
   40    40    44    67
   41    46    47    70
   42    27    27    49
   43    32    36    56
   44    39    47    65
   45    56    60    78
   46    34    24    42
   47    88    80    98
   48    66    76    93
   49    78    78    95
   50    40    40    56
   51    49    58    74
   52    23    24    40
   53    66    60    76
   54    39    34    49
   55    44    54    68
   56    39    38    52
   57    88    84    98
   58    93    83    97
   59    56    53    66
   60    26    32    45
   61    62    64    76
   62    38    47    59
   63    74    80    92
   64    84    76    87
   65    77    80    91
   66    74    80    89
   67    70    78    87
   68    49    56    65
   69    67    60    69
   70    87    88    96
   71    98    90    97
   72    38    34    41
   73     6    10    16
   74    83    93    99
   75    51    59    65
   76    80    81    86
   77    62    72    77
   78    71    77    82
   79    10     4     9
   80    58    53    57
   81    71    75    79
   82    73    76    80
   83    85    89    92
   84    79    89    92
   85    85    78    80
   86    82    81    83
   87    92    87    89
   88    99    94    96
   89    42    36    38
   90   103    98    99
   91    51    43    44
   92   106    96    97
   93    49    55    56
   94    55    61    62
   95    73    75    75
   96   101    94    94
   97    77    76    76
   98    78    75    75
   99    85    89    89
  100