  500
    0     1    11    96
    1     5    15    96
    2     2    12    92
    3     8    18    97
    4     5    15    91
    5     3    13    88
    6    14    24    96
    7    13    23    94
    8    10    20    88
    9     1    11    79
   10     9    19    86
   11     7    17    84
   12    13    23    90
   13     8    18    85
   14    20    30    95
   15    15    25    89
   16    11    21    84
   17    23    33    96
   18     5    15    77
   19    28    38    99
   20    27    37    98
   21     1    11    71
   22    11    21    80
   23    18    28    87
   24    13    23    82
   25    25    35    94
   26     1    11    68
   27    20    30    86
   28    30    40    96
   29    30    40    96
   30     1    11    67
   31    33    43    98
   32    27    37    92
   33     1    11    65
   34    33    43    97
   35    11    21    75
   36    17    27    81
   37    27    37    91
   38     6    16    69
   39    35    45    98
   40     9    19    72
   41    12    22    75
   42    14    24    76
   43    30    40    92
   44     2    12    63
   45    11    21    72
   46    38    48    98
   47    25    35    85
   48    33    43    93
   49     3    13    63
   50    14    24    73
   51    21    31    80
   52    28    38    87
   53     3    13    62
   54    17    27    76
   55    24    34    82
   56     5    15    63
   57    30    40    88
   58    41    51    99
   59    32    42    89
   60    42    52    98
   61    28    38    84
   62    30    40    86
   63    43    53    99
   64     6    16    62
   65     7    17    63
   66    11    21    67
   67    29    39    84
   68    25    35    80
   69    36    46    91
   70    23    33    78
   71    42    52    96
   72    44    54    98
   73    36    46    90
   74     5    15    59
   75    39    49    93
   76    30    40    83
   77    30    40    83
   78    38    48    90
   79    22    32    74
   80    40    50    92
   81    39    49    91
   82    41    51    93
   83    14    24    66
   84     2    12    54
   85    39    49    91
   86    29    39    80
   87    41    51    92
   88    32    42    83
   89     3    13    53
   90    17    27    67
   91    42    52    92
   92    16    26    65
   93    27    37    76
   94    48    58    97
   95    48    58    96
   96    45    55    93
   97    51    61    99
   98     9    19    57
   99     6    16    53
  100    33    43    80
  101    30    40    77
  102    34    44    81
  103    27    37    74
  104    49    59    96
  105    43    53    90
  106    25    35    72
  107    16    26    63
  108    46    56    93
  109    40    50    86
  110    32    42    78
  111    18    28    63
  112     8    18    53
  113    47    57    92
  114    53    63    97
  115    17    27    61
  116    53    63    96
  117    19    29    62
  118    57    67    99
  119    19    29    61
  120    46    56    88
  121    50    60    92
  122    23    33    65
  123    34    44    76
  124    56    66    98
  125     8    18    49
  126    35    45    76
  127    16    26    57
  128     1    11    42
  129    12    22    53
  130    51    61    92
  131     8    18    49
  132    49    59    90
  133    51    61    92
  134    42    52    83
  135    57    67    98
  136    59    69    99
  137    27    37    67
  138    53    63    92
  139    18    28    57
  140    51    61    90
  141    41    51    80
  142    50    60    89
  143     4    14    43
  144    14    24    52
  145    54    64    92
  146    48    58    86
  147    18    28    56
  148     3    13    40
  149    58    68    95
  150    25    35    62
  151    34    44    71
  152    36    46    73
  153     7    17    44
  154    36    46    72
  155    39    49    75
  156    28    38    64
  157    64    74    99
  158    51    61    86
  159    54    64    89
  160    30    40    65
  161    11    21    46
  162    26    36    60
  163    53    63    87
  164    63    73    96
  165     7    17    40
  166    66    76    99
  167    31    41    64
  168    35    45    67
  169    63    73    95
  170    10    20    42
  171    26    36    58
  172    60    70    92
  173    58    68    90
  174    68    78    99
  175    53    63    84
  176    67    77    98
  177     6    16    37
  178    39    49    70
  179    13    23    44
  180    59    69    90
  181    29    39    60
  182    60    70    91
  183    10    20    40
  184    51    61    81
  185    38    48    68
  186    47    57    77
  187    68    78    98
  188    67    77    97
  189    40    50    70
  190    41    51    70
  191    50    60    79
  192    34    44    63
  193    10    20    39
  194    39    49    68
  195    57    67    86
  196    16    26    45
  197    60    70    89
  198    28    38    57
  199    57    67    86
  200     8    18    37
  201    31    41    59
  202    61    71    89
  203    53    63    81
  204    50    60    78
  205     3    13    31
  206     1    11    29
  207    55    65    83
  208    49    59    77
  209    56    66    84
  210    55    65    83
  211    67    77    95
  212    45    55    73
  213    40    50    67
  214    55    65    82
  215    66    76    93
  216    45    55    72
  217    29    39    56
  218    62    72    89
  219    65    75    92
  220    25    35    51
  221    12    22    38
  222    66    76    92
  223    61    71    87
  224    14    24    40
  225    71    81    97
  226    63    73    89
  227    59    69    84
  228    32    42    57
  229     9    19    34
  230    60    70    85
  231    66    76    91
  232    44    54    69
  233    53    63    78
  234    20    30    45
  235    62    72    87
  236    73    83    98
  237    67    77    92
  238    52    62    77
  239    55    65    80
  240    52    62    76
  241    32    42    56
  242    41    51    65
  243    61    71    85
  244    56    66    80
  245    69    79    93
  246    19    29    42
  247    67    77    90
  248    19    29    42
  249    36    46    59
  250    11    21    34
  251    11    21    34
  252    10    20    33
  253    58    68    81
  254    38    48    61
  255    45    55    68
  256    74    84    96
  257    14    24    36
  258    13    23    35
  259    76    86    98
  260    16    26    38
  261    20    30    41
  262    68    78    89
  263    72    82    93
  264    53    63    74
  265    72    82    93
  266    66    76    87
  267    76    86    97
  268    55    65    75
  269    33    43    53
  270    74    84    94
  271    44    54    64
  272    54    64    74
  273    36    46    56
  274    73    83    93
  275    54    64    74
  276     1    11    21
  277    61    71    80
  278    44    54    63
  279    44    54    63
  280    74    84    93
  281    47    57    66
  282    71    81    90
  283    21    31    40
  284    43    53    62
  285    41    51    60
  286     5    15    23
  287    65    75    83
  288    45    55    63
  289    11    21    29
  290    31    41    49
  291    76    86    94
  292    76    86    94
  293    50    60    68
  294    68    78    86
  295    76    86    94
  296    15    25    33
  297    71    81    89
  298    81    91    99
  299    79    89    97
  300    71    81    89
  301    53    63    70
  302    44    54    61
  303    61    71    78
  304    81    91    98
  305     3    13    20
  306    82    92    99
  307    68    78    85
  308    65    75    82
  309     7    17    24
  310    81    91    98
  311    54    64    70
  312    78    88    94
  313    60    70    76
  314    69    79    85
  315    82    92    98
  316    56    66    72
  317    38    48    53
  318    57    67    72
  319    72    82    87
  320    83    93    98
  321    82    92    97
  322    33    43    48
  323    49    59    64
  324    82    92    97
  325    45    55    60
  326    81    91    96
  327    82    92    97
  328    56    66    71
  329    84    94    98
  330    26    36    40
  331    81    91    95
  332    51    61    65
  333    76    86    90
  334    68    78    82
  335    75    85    89
  336    76    86    90
  337    50    60    64
  338    21    31    35
  339    83    93    97
  340    68    78    82
  341    79    89    93
  342    43    53    57
  343    75    85    89
  344    55    65    69
  345    67    77    81
  346    77    87    91
  347    68    78    82
  348    81    91    95
  349    71    81    85
  350    18    28    32
  351    77    87    91
  352    55    65    69
  353    25    35    39
  354    84    94    98
  355    41    51    55
  356    59    69    73
  357    69    79    83
  358    14    24    27
  359    86    96    99
  360    83    93    96
  361    70    80    83
  362    52    62    65
  363    72    82    85
  364    46    56    59
  365    51    61    64
  366    34    44    47
  367     9    19    22
  368    42    52    55
  369    85    95    98
  370    73    83    86
  371    86    96    99
  372    42    52    55
  373    87    97    99
  374    53    63    65
  375    83    93    95
  376    69    79    81
  377    12    22    24
  378    66    76    78
  379    76    86    88
  380    82    92    94
  381    67    77    79
  382    79    89    91
  383     7    17    19
  384    85    95    97
  385    22    32    34
  386    86    96    98
  387    84    94    96
  388    61    71    73
  389    26    36    38
  390    64    74    76
  391    79    89    91
  392    64    74    76
  393    70    80    82
  394    42    52    54
  395    49    59    61
  396    83    93    94
  397     9    19    20
  398    70    80    81
  399    79    89    90
  400    46    56    57
  401    76    86    87
  402    86    96    97
  403    44    54    55
  404    71    81    82
  405    88    98    99
  406    87    97    98
  407    77    87    88
  408    60    70    71
  409    88    98    99
  410    79    89    90
  411    34    44    45
  412    87    97    98
  413    86    96    97
  414    88    98    99
  415    47    57    58
  416    83    93    94
  417    90   100   100
  418    91   100   100
  419    92   100   100
  420    93   100   100
  421    92   100   100
  422    93   100   100
  423    89    99    99
  424    91   100   100
  425    81    91    91
  426    98   100   100
  427    95   100   100
  428    98   100   100
  429    97   100   100
  430   100   100   100
  431    99   100   100
  432    99   100   100
  433    95   100   100
  434    97   100   100
  435    95   100   100
  436    92   100   100
  437    90   100   100
  438    85    95    95
  439    20    30    30
  440    87    97    97
  441    89    99    99
  442    98   100   100
  443    92   100   100
  444    96   100   100
  445    91   100   100
  446    54    64    64
  447    70    80    80
  448    97   100   100
  449    45    55    55
  450    96   100   100
  451    86    96    96
  452    78    88    88
  453    87    97    97
  454    93   100   100
  455    94   100   100
  456    91   100   100
  457    94   100   100
  458    96   100   100
  459    60    70    70
  460    39    49    49
  461    94   100   100
  462    94   100   100
  463   100   100   100
  464    91   100   100
  465    97   100   100
  466    87    97    97
  467    97   100   100
  468    88    98    98
  469    92   100   100
  470    98   100   100
  471    91   100   100
  472    94   100   100
  473    94   100   100
  474    84    94    94
  475    98   100   100
  476    92   100   100
  477    90   100   100
  478    92   100   100
  479    98   100   100
  480    95   100   100
  481    91   100   100
  482    93   100   100
  483    98   100   100
  484    91   100   100
  485    93   100   100
  486    97   100   100
  487    93   100   100
  488    86    96    96
  489    94   100   100
  490    92   100   100
  491    97   100   100
  492    81    91    91
  493    97   100   100
  494    90   100   100
  495    92   100   100
  496    86    96    96
  497    98   100   100
  498    87    97    97
  499    89    99    99
  100