 1000
    0     3    13    97
    1     5    15    99
    2     2    12    95
    3     2    12    95
    4     7    17    98
    5     4    14    94
    6     2    12    92
    7     8    18    97
    8     6    16    94
    9     3    13    91
   10     7    17    93
   11     1    11    87
   12     6    16    92
   13    13    23    98
   14    14    24    99
   15     7    17    91
   16     5    15    88
   17    10    20    93
   18    10    20    92
   19    15    25    97
   20     5    15    87
   21    11    21    92
   22    11    21    92
   23    18    28    99
   24    15    25    95
   25     1    11    81
   26    18    28    98
   27    20    30    99
   28     1    11    80
   29    18    28    96
   30     4    14    82
   31    13    23    91
   32     8    18    85
   33     1    11    78
   34    10    20    87
   35     2    12    79
   36     1    11    78
   37    21    31    97
   38    11    21    86
   39    18    28    93
   40    22    32    96
   41     4    14    78
   42     7    17    81
   43    22    32    95
   44     6    16    79
   45    13    23    86
   46    13    23    85
   47     8    18    80
   48    21    31    93
   49    12    22    84
   50     9    19    81
   51    26    36    97
   52     4    14    75
   53    22    32    93
   54    12    22    83
   55    26    36    97
   56    29    39    99
   57     3    13    73
   58    30    40    99
   59    27    37    96
   60     2    12    71
   61    13    23    82
   62    31    41    99
   63    31    41    99
   64    31    41    99
   65     2    12    70
   66    31    41    98
   67     7    17    74
   68    30    40    97
   69    13    23    79
   70    19    29    85
   71     9    19    75
   72     8    18    74
   73    13    23    78
   74     1    11    66
   75     6    16    71
   76    21    31    86
   77    35    45    99
   78     9    19    73
   79    10    20    74
   80    13    23    77
   81     6    16    70
   82     5    15    68
   83    30    40    93
   84    36    46    99
   85    31    41    94
   86    25    35    88
   87    26    36    88
   88     7    17    69
   89    16    26    78
   90    22    32    84
   91    35    45    97
   92    18    28    80
   93    32    42    93
   94    16    26    77
   95    37    47    98
   96     7    17    68
   97    31    41    92
   98    35    45    95
   99    23    33    82
  100    23    33    82
  101    33    43    92
  102    40    50    98
  103    16    26    74
  104    23    33    81
  105    38    48    96
  106    25    35    83
  107     4    14    62
  108    16    26    73
  109     6    16    63
  110    35    45    92
  111     1    11    58
  112    40    50    97
  113    35    45    92
  114    31    41    88
  115    43    53    99
  116     5    15    61
  117    10    20    66
  118     5    15    61
  119     8    18    64
  120    36    46    92
  121    33    43    88
  122    42    52    97
  123    26    36    81
  124    12    22    67
  125     1    11    56
  126    15    25    70
  127    18    28    72
  128    39    49    93
  129     4    14    58
  130    25    35    79
  131    33    43    87
  132     5    15    59
  133    39    49    93
  134    34    44    88
  135    39    49    92
  136    16    26    69
  137    25    35    78
  138    34    44    87
  139    29    39    82
  140     8    18    61
  141    46    56    99
  142    22    32    75
  143    28    38    81
  144    43    53    96
  145    15    25    67
  146    29    39    81
  147    36    46    88
  148    28    38    80
  149    39    49    91
  150    10    20    62
  151     6    16    58
  152    21    31    72
  153    45    55    96
  154    30    40    81
  155    16    26    67
  156    39    49    90
  157    10    20    61
  158    31    41    81
  159    18    28    68
  160    39    49    89
  161    44    54    94
  162    45    55    95
  163    40    50    90
  164    44    54    94
  165    40    50    89
  166    46    56    95
  167    10    20    59
  168    10    20    59
  169    31    41    80
  170    19    29    67
  171    29    39    77
  172    37    47    85
  173    31    41    79
  174    21    31    69
  175    18    28    66
  176    42    52    90
  177    36    46    84
  178    31    41    79
  179    47    57    95
  180    44    54    92
  181    22    32    70
  182    36    46    84
  183    11    21    58
  184    48    58    95
  185    24    34    71
  186    50    60    97
  187    20    30    67
  188    46    56    93
  189     2    12    49
  190    11    21    58
  191     8    18    55
  192    35    45    81
  193    43    53    89
  194    29    39    75
  195    36    46    82
  196    23    33    69
  197    24    34    70
  198    49    59    95
  199    39    49    85
  200    49    59    95
  201    24    34    70
  202    48    58    94
  203     9    19    55
  204    48    58    94
  205    42    52    87
  206    24    34    69
  207     5    15    50
  208     4    14    49
  209    39    49    84
  210    46    56    91
  211    38    48    82
  212    22    32    66
  213    38    48    82
  214    13    23    57
  215    37    47    81
  216    49    59    93
  217    31    41    75
  218    51    61    95
  219    50    60    94
  220    35    45    79
  221    15    25    58
  222    40    50    83
  223    12    22    55
  224     2    12    45
  225    41    51    84
  226    36    46    79
  227    17    27    60
  228     9    19    52
  229    50    60    93
  230     4    14    47
  231     6    16    49
  232    34    44    77
  233    28    38    71
  234    47    57    90
  235    14    24    57
  236    53    63    95
  237     5    15    47
  238    54    64    96
  239    25    35    67
  240    51    61    93
  241    37    47    79
  242     8    18    50
  243    18    28    59
  244    11    21    52
  245    42    52    83
  246    38    48    79
  247    56    66    97
  248    54    64    94
  249    45    55    85
  250     3    13    43
  251    18    28    58
  252    59    69    99
  253    49    59    89
  254    39    49    79
  255    12    22    51
  256     6    16    45
  257    36    46    75
  258    47    57    86
  259    33    43    72
  260    19    29    58
  261    49    59    88
  262    24    34    63
  263    50    60    89
  264    29    39    67
  265     5    15    43
  266     7    17    45
  267    58    68    96
  268    25    35    63
  269    14    24    52
  270    38    48    76
  271    38    48    76
  272    28    38    66
  273    56    66    94
  274    26    36    64
  275     2    12    40
  276    50    60    88
  277    41    51    79
  278    26    36    64
  279    29    39    67
  280    49    59    87
  281    34    44    71
  282    16    26    53
  283    23    33    60
  284    57    67    94
  285     4    14    41
  286    30    40    67
  287     3    13    40
  288    42    52    79
  289    47    57    84
  290    21    31    58
  291    49    59    85
  292    55    65    91
  293    51    61    87
  294    53    63    89
  295    26    36    62
  296    12    22    48
  297    23    33    59
  298    26    36    62
  299    37    47    73
  300    61    71    97
  301    15    25    51
  302     8    18    44
  303    26    36    62
  304    24    34    60
  305    58    68    94
  306    15    25    51
  307    62    72    98
  308    24    34    60
  309    43    53    79
  310    47    57    83
  311    19    29    55
  312    22    32    57
  313    45    55    80
  314    59    69    94
  315    27    37    62
  316    15    25    50
  317    41    51    76
  318    54    64    89
  319    20    30    55
  320    32    42    67
  321    36    46    71
  322    56    66    91
  323    62    72    97
  324    16    26    51
  325    26    36    60
  326    43    53    77
  327     5    15    39
  328     6    16    40
  329    57    67    91
  330    25    35    59
  331    63    73    97
  332    59    69    93
  333    14    24    48
  334    55    65    89
  335    57    67    91
  336    18    28    52
  337    27    37    61
  338    23    33    57
  339    60    70    94
  340    66    76    99
  341    37    47    70
  342    48    58    81
  343    45    55    78
  344    16    26    49
  345    48    58    81
  346    53    63    86
  347    12    22    45
  348    51    61    84
  349    59    69    92
  350    49    59    82
  351    58    68    91
  352    42    52    75
  353    66    76    99
  354    36    46    69
  355    62    72    94
  356    24    34    56
  357    25    35    57
  358    26    36    58
  359    37    47    69
  360    56    66    88
  361    54    64    86
  362    40    50    72
  363     7    17    39
  364    13    23    45
  365    21    31    53
  366    20    30    52
  367    58    68    90
  368     6    16    38
  369    65    75    97
  370    53    63    85
  371    46    56    77
  372    35    45    66
  373    43    53    74
  374    57    67    88
  375    42    52    73
  376    21    31    52
  377    19    29    50
  378    65    75    96
  379    55    65    86
  380    54    64    85
  381    59    69    89
  382    57    67    87
  383    22    32    52
  384    15    25    45
  385    50    60    80
  386    47    57    77
  387    47    57    77
  388    52    62    82
  389     9    19    39
  390    58    68    87
  391    41    51    70
  392    54    64    83
  393    69    79    98
  394    69    79    98
  395    65    75    94
  396    14    24    43
  397    61    71    90
  398    45    55    74
  399    62    72    91
  400     6    16    35
  401    63    73    92
  402    34    44    63
  403    55    65    84
  404    23    33    52
  405    17    27    46
  406    43    53    72
  407    20    30    49
  408    51    61    79
  409    57    67    85
  410    33    43    61
  411    55    65    83
  412    69    79    97
  413    50    60    78
  414    11    21    39
  415    64    74    92
  416    29    39    57
  417     4    14    32
  418    35    45    63
  419    38    48    66
  420    18    28    46
  421    67    77    95
  422    69    79    97
  423    70    80    97
  424    69    79    96
  425    44    54    71
  426    29    39    56
  427    22    32    49
  428    25    35    52
  429    23    33    50
  430    69    79    96
  431    64    74    91
  432    33    43    60
  433    62    72    89
  434    70    80    97
  435    60    70    87
  436    11    21    38
  437    71    81    98
  438    29    39    56
  439    61    71    88
  440    47    57    74
  441    32    42    59
  442    72    82    99
  443    67    77    94
  444    65    75    92
  445    38    48    65
  446    26    36    53
  447    49    59    75
  448    18    28    44
  449    45    55    71
  450    10    20    36
  451    73    83    99
  452    73    83    99
  453    65    75    91
  454    63    73    89
  455    70    80    96
  456     2    12    28
  457    54    64    80
  458    72    82    98
  459    68    78    94
  460    33    43    59
  461    11    21    37
  462    23    33    49
  463    11    21    37
  464    35    45    61
  465    73    83    99
  466    45    55    71
  467    56    66    81
  468    71    81    96
  469    69    79    94
  470     1    11    26
  471    71    81    96
  472    59    69    84
  473    49    59    74
  474    12    22    37
  475    64    74    89
  476    62    72    87
  477    29    39    54
  478    28    38    53
  479    49    59    74
  480    74    84    98
  481    47    57    71
  482    57    67    81
  483    19    29    43
  484    75    85    99
  485    71    81    95
  486    38    48    62
  487    73    83    97
  488    36    46    60
  489    70    80    94
  490    41    51    65
  491    35    45    59
  492    67    77    90
  493    58    68    81
  494    75    85    98
  495    60    70    83
  496    71    81    94
  497    62    72    85
  498    62    72    85
  499    76    86    99
  500    74    84    97
  501    40    50    63
  502    50    60    73
  503    39    49    62
  504    38    48    61
  505    15    25    38
  506    65    75    88
  507    59    69    82
  508     6    16    29
  509    68    78    90
  510    11    21    33
  511    70    80    92
  512    46    56    68
  513    72    82    94
  514    65    75    87
  515    27    37    49
  516    23    33    45
  517    14    24    36
  518     6    16    28
  519    70    80    92
  520     8    18    30
  521    26    36    48
  522    73    83    95
  523    49    59    71
  524    67    77    89
  525    35    45    57
  526    63    73    85
  527    64    74    86
  528    71    81    93
  529    71    81    92
  530    73    83    94
  531    49    59    70
  532    67    77    88
  533    33    43    54
  534    60    70    81
  535    75    85    96
  536    78    88    99
  537     4    14    25
  538    74    84    95
  539    71    81    92
  540    23    33    44
  541    72    82    93
  542    62    72    83
  543    69    79    90
  544    45    55    66
  545    65    75    86
  546    57    67    78
  547    43    53    64
  548    78    88    99
  549    16    26    37
  550    65    75    85
  551    54    64    74
  552    49    59    69
  553    52    62    72
  554    64    74    84
  555    37    47    57
  556    10    20    30
  557    75    85    95
  558    74    84    94
  559    22    32    42
  560    72    82    92
  561    71    81    91
  562    72    82    92
  563    78    88    98
  564     2    12    22
  565    58    68    78
  566    56    66    76
  567    73    83    93
  568    16    26    36
  569    36    46    56
  570    53    63    73
  571    59    69    79
  572    76    86    95
  573    73    83    92
  574    75    85    94
  575    58    68    77
  576    46    56    65
  577    76    86    95
  578    23    33    42
  579    39    49    58
  580    70    80    89
  581    28    38    47
  582     4    14    23
  583    50    60    69
  584    70    80    89
  585    34    44    53
  586    79    89    98
  587    77    87    96
  588    72    82    90
  589    56    66    74
  590    27    37    45
  591    81    91    99
  592    59    69    77
  593    19    29    37
  594    80    90    98
  595    31    41    49
  596     8    18    26
  597    17    27    35
  598    49    59    67
  599    81    91    99
  600    79    89    97
  601    76    86    94
  602    73    83    91
  603    56    66    74
  604    50    60    68
  605    43    53    61
  606    35    45    53
  607    55    65    73
  608    70    80    87
  609    68    78    85
  610    82    92    99
  611    73    83    90
  612    77    87    94
  613    81    91    98
  614    10    20    27
  615    81    91    98
  616    53    63    70
  617     9    19    26
  618    54    64    71
  619    74    84    91
  620    80    90    97
  621    80    90    97
  622    74    84    91
  623    18    28    35
  624    79    89    96
  625    67    77    84
  626    64    74    81
  627    28    38    45
  628    40    50    57
  629    11    21    28
  630    76    86    93
  631    28    38    45
  632    56    66    73
  633    13    23    30
  634    75    85    92
  635    39    49    56
  636    43    53    60
  637    19    29    36
  638    74    84    91
  639    40    50    57
  640    82    92    99
  641    62    72    79
  642    53    63    70
  643    71    81    87
  644    83    93    99
  645    82    92    98
  646    55    65    71
  647    80    90    96
  648    81    91    97
  649    78    88    94
  650    78    88    94
  651    79    89    95
  652    83    93    99
  653    64    74    80
  654    69    79    85
  655    43    53    59
  656    16    26    32
  657    42    52    58
  658     7    17    23
  659    74    84    90
  660    70    80    86
  661    50    60    66
  662    65    75    81
  663    84    94    99
  664    77    87    92
  665    82    92    97
  666    10    20    25
  667    83    93    98
  668    78    88    93
  669    54    64    69
  670    23    33    38
  671    72    82    87
  672    74    84    89
  673    77    87    92
  674    58    68    73
  675    79    89    94
  676    71    81    86
  677    84    94    99
  678    42    52    57
  679    82    92    97
  680    68    78    83
  681    73    83    88
  682    75    85    90
  683    67    77    82
  684    84    94    99
  685    73    83    88
  686     1    11    16
  687     2    12    17
  688    81    91    96
  689    22    32    37
  690    68    78    83
  691    56    66    71
  692    83    93    98
  693    82    92    97
  694    20    30    35
  695    64    74    79
  696    60    70    75
  697    27    37    41
  698    82    92    96
  699    35    45    49
  700    68    78    82
  701    51    61    65
  702    30    40    44
  703    47    57    61
  704    36    46    50
  705    16    26    30
  706     6    16    20
  707    65    75    79
  708    76    86    90
  709     2    12    16
  710    22    32    36
  711    21    31    35
  712    58    68    72
  713    85    95    99
  714    17    27    31
  715    42    52    56
  716    81    91    95
  717    55    65    69
  718    68    78    82
  719    79    89    93
  720    79    89    93
  721    17    27    31
  722    85    95    99
  723    55    65    69
  724    14    24    28
  725    44    54    58
  726    21    31    35
  727    77    87    91
  728    79    89    93
  729    73    83    87
  730    32    42    45
  731    48    58    61
  732    67    77    80
  733    16    26    29
  734    83    93    96
  735    73    83    86
  736    56    66    69
  737    79    89    92
  738    25    35    38
  739    32    42    45
  740    47    57    60
  741    66    76    79
  742    30    40    43
  743    66    76    79
  744    75    85    88
  745    62    72    75
  746    63    73    76
  747    75    85    88
  748    80    90    93
  749    82    92    95
  750    60    70    73
  751     6    16    19
  752    70    80    83
  753    85    95    98
  754    66    76    79
  755    64    74    77
  756    84    94    97
  757    21    31    34
  758    85    95    98
  759    81    91    94
  760    75    85    88
  761    76    86    89
  762    86    96    99
  763    83    93    96
  764    60    70    73
  765    78    88    91
  766    84    94    97
  767    71    81    84
  768    58    68    71
  769    36    46    49
  770    84    94    97
  771    32    42    45
  772    29    39    42
  773    44    54    57
  774    87    97    99
  775    53    63    65
  776    38    48    50
  777    83    93    95
  778    84    94    96
  779    85    95    97
  780    85    95    97
  781    85    95    97
  782    84    94    96
  783    79    89    91
  784    76    86    88
  785    70    80    82
  786    72    82    84
  787    65    75    77
  788    87    97    99
  789    87    97    99
  790    65    75    77
  791    73    83    85
  792    53    63    65
  793    75    85    87
  794    37    47    49
  795    75    85    87
  796    86    96    98
  797    19    29    31
  798    87    97    99
  799    67    77    79
  800    80    90    92
  801    87    97    99
  802    87    97    99
  803    78    88    90
  804    75    85    87
  805    84    94    96
  806    87    97    99
  807    83    93    95
  808    70    80    82
  809    70    80    82
  810    44    54    56
  811    16    26    28
  812    82    92    94
  813    48    58    60
  814    76    86    88
  815    84    94    95
  816    86    96    97
  817    66    76    77
  818    53    63    64
  819    67    77    78
  820    83    93    94
  821    60    70    71
  822    87    97    98
  823    28    38    39
  824    83    93    94
  825    79    89    90
  826    76    86    87
  827    45    55    56
  828    18    28    29
  829    87    97    98
  830    36    46    47
  831    77    87    88
  832    80    90    91
  833    86    96    97
  834    81    91    92
  835    25    35    36
  836    88    98    99
  837    87    97    98
  838    82    92    93
  839    87    97    98
  840    83    93    94
  841    58    68    69
  842    59    69    70
  843    47    57    58
  844    79    89    90
  845    83    93    94
  846    49    59    60
  847    47    57    58
  848    86    96    97
  849    66    76    77
  850    42    52    53
  851    87    97    98
  852    40    50    51
  853    88    98    99
  854    84    94    95
  855    36    46    47
  856    22    32    33
  857    80    90    91
  858    91   100   100
  859    95   100   100
  860    90   100   100
  861    96   100   100
  862    97   100   100
  863    90   100   100
  864    90   100   100
  865    90   100   100
  866    89    99    99
  867    45    55    55
  868    85    95    95
  869    99   100   100
  870    95   100   100
  871    99   100   100
  872    89    99    99
  873    90   100   100
  874    99   100   100
  875    93   100   100
  876    98   100   100
  877    92   100   100
  878    89    99    99
  879    94   100   100
  880    74    84    84
  881    90   100   100
  882    14    24    24
  883    59    69    69
  884    99   100   100
  885    94   100   100
  886   100   100   100
  887   100   100   100
  888    94   100   100
  889    74    84    84
  890    95   100   100
  891    94   100   100
  892    96   100   100
  893    93   100   100
  894    76    86    86
  895    98   100   100
  896    88    98    98
  897    96   100   100
  898    94   100   100
  899    86    96    96
  900    96   100   100
  901    94   100   100
  902    75    85    85
  903    94   100   100
  904    95   100   100
  905    96   100   100
  906    88    98    98
  907    95   100   100
  908    66    76    76
  909    87    97    97
  910    86    96    96
  911    89    99    99
  912    95   100   100
  913    91   100   100
  914    89    99    99
  915    93   100   100
  916    96   100   100
  917    96   100   100
  918    86    96    96
  919    91   100   100
  920    84    94    94
  921    94   100   100
  922    92   100   100
  923    95   100   100
  924    93   100   100
  925    92   100   100
  926    92   100   100
  927    86    96    96
  928    99   100   100
  929    93   100   100
  930    92   100   100
  931    88    98    98
  932    93   100   100
  933    98   100   100
  934    78    88    88
  935    90   100   100
  936    92   100   100
  937    92   100   100
  938    92   100   100
  939    91   100   100
  940    89    99    99
  941    97   100   100
  942    92   100   100
  943    85    95    95
  944    67    77    77
  945    92   100   100
  946    84    94    94
  947    96   100   100
  948    95   100   100
  949    99   100   100
  950    89    99    99
  951    96   100   100
  952    94   100   100
  953    99   100   100
  954    96   100   100
  955   100   100   100
  956    98   100   100
  957    76    86    86
  958    93   100   100
  959    99   100   100
  960     8    18    18
  961    22    32    32
  962    93   100   100
  963    94   100   100
  964    98   100   100
  965    98   100   100
  966    95   100   100
  967    92   100   100
  968   100   100   100
  969    96   100   100
  970    70    80    80
  971    89    99    99
  972    90   100   100
  973    98   100   100
  974    87    97    97
  975    94   100   100
  976    99   100   100
  977    88    98    98
  978    86    96    96
  979   100   100   100
  980    97   100   100
  981    94   100   100
  982    90   100   100
  983    93   100   100
  984    96   100   100
  985    89    99    99
  986    97   100   100
  987    96   100   100
  988   100   100   100
  989    94   100   100
  990    88    98    98
  991    98   100   100
  992    64    74    74
  993    99   100   100
  994    77    87    87
  995    89    99    99
  996    90   100   100
  997    92   100   100
  998    90   100   100
  999    86    96    96
  100