 1000
    0    12     2    99
    1    12     2    94
    2    17     7    96
    3    20    10    99
    4    19     9    97
    5    21    11    99
    6    13     3    90
    7    24    14    98
    8    14     4    88
    9    23    13    96
   10    13     3    85
   11    18     8    90
   12    15     5    86
   13    18     8    88
   14    22    12    92
   15    20    10    89
   16    24    14    93
   17    18     8    87
   18    24    14    93
   19    24    14    93
   20    18     8    86
   21    23    13    90
   22    16     6    83
   23    22    12    89
   24    18     8    84
   25    30    20    95
   26    25    15    90
   27    30    20    95
   28    18     8    83
   29    22    12    87
   30    32    22    97
   31    33    23    97
   32    14     4    77
   33    36    26    99
   34    11     1    74
   35    31    21    94
   36    36    26    98
   37    36    26    98
   38    28    18    89
   39    35    25    96
   40    30    20    91
   41    21    11    81
   42    39    29    99
   43    27    17    86
   44    33    23    92
   45    29    19    88
   46    30    20    89
   47    31    21    89
   48    35    25    93
   49    20    10    78
   50    24    14    82
   51    27    17    85
   52    13     3    70
   53    37    27    94
   54    26    16    83
   55    24    14    80
   56    27    17    83
   57    23    13    79
   58    19     9    75
   59    20    10    76
   60    31    21    87
   61    35    25    91
   62    38    28    93
   63    39    29    94
   64    28    18    83
   65    41    31    96
   66    18     8    72
   67    42    32    96
   68    38    28    92
   69    43    33    97
   70    12     2    66
   71    17     7    70
   72    37    27    90
   73    15     5    68
   74    32    22    85
   75    24    14    76
   76    37    27    89
   77    31    21    83
   78    19     9    71
   79    29    19    81
   80    16     6    68
   81    23    13    74
   82    33    23    84
   83    37    27    88
   84    47    37    97
   85    31    21    81
   86    18     8    68
   87    16     6    66
   88    12     2    62
   89    38    28    88
   90    39    29    88
   91    29    19    78
   92    49    39    98
   93    46    36    95
   94    34    24    83
   95    37    27    85
   96    12     2    60
   97    38    28    86
   98    33    23    81
   99    33    23    81
  100    41    31    89
  101    39    29    86
  102    32    22    79
  103    40    30    87
  104    31    21    78
  105    20    10    67
  106    20    10    67
  107    19     9    65
  108    19     9    65
  109    36    26    82
  110    50    40    96
  111    28    18    74
  112    22    12    68
  113    52    42    98
  114    23    13    69
  115    33    23    78
  116    44    34    89
  117    14     4    59
  118    51    41    96
  119    45    35    90
  120    54    44    99
  121    28    18    72
  122    42    32    86
  123    19     9    63
  124    24    14    68
  125    49    39    93
  126    30    20    74
  127    40    30    84
  128    12     2    56
  129    13     3    57
  130    12     2    56
  131    26    16    69
  132    40    30    83
  133    40    30    83
  134    33    23    76
  135    30    20    73
  136    16     6    59
  137    45    35    88
  138    54    44    97
  139    22    12    65
  140    56    46    98
  141    38    28    80
  142    27    17    69
  143    32    22    74
  144    13     3    55
  145    53    43    94
  146    45    35    86
  147    38    28    79
  148    58    48    99
  149    47    37    88
  150    56    46    97
  151    14     4    54
  152    55    45    95
  153    14     4    54
  154    27    17    67
  155    23    13    63
  156    38    28    78
  157    17     7    57
  158    38    28    78
  159    54    44    94
  160    41    31    80
  161    18     8    57
  162    59    49    98
  163    27    17    66
  164    29    19    68
  165    58    48    97
  166    56    46    95
  167    59    49    97
  168    24    14    62
  169    31    21    69
  170    18     8    56
  171    16     6    54
  172    21    11    59
  173    43    33    80
  174    49    39    86
  175    54    44    91
  176    49    39    86
  177    16     6    53
  178    11     1    48
  179    52    42    88
  180    27    17    63
  181    42    32    78
  182    41    31    77
  183    62    52    98
  184    41    31    77
  185    54    44    90
  186    56    46    92
  187    60    50    96
  188    39    29    74
  189    46    36    81
  190    44    34    79
  191    41    31    76
  192    43    33    78
  193    17     7    51
  194    28    18    62
  195    47    37    81
  196    19     9    53
  197    11     1    45
  198    17     7    51
  199    63    53    97
  200    23    13    57
  201    54    44    88
  202    51    41    85
  203    43    33    76
  204    66    56    99
  205    55    45    88
  206    21    11    54
  207    25    15    58
  208    65    55    98
  209    50    40    83
  210    30    20    62
  211    52    42    84
  212    36    26    68
  213    18     8    50
  214    56    46    88
  215    45    35    77
  216    17     7    49
  217    21    11    52
  218    29    19    60
  219    39    29    70
  220    58    48    89
  221    26    16    57
  222    20    10    51
  223    35    25    66
  224    63    53    94
  225    18     8    48
  226    58    48    88
  227    59    49    89
  228    38    28    68
  229    36    26    66
  230    31    21    61
  231    55    45    85
  232    14     4    44
  233    18     8    48
  234    27    17    57
  235    52    42    82
  236    24    14    53
  237    21    11    50
  238    54    44    83
  239    30    20    59
  240    49    39    78
  241    48    38    77
  242    28    18    57
  243    31    21    60
  244    39    29    67
  245    60    50    88
  246    41    31    69
  247    25    15    53
  248    64    54    92
  249    15     5    43
  250    50    40    78
  251    13     3    41
  252    32    22    59
  253    45    35    72
  254    18     8    45
  255    61    51    88
  256    13     3    40
  257    43    33    70
  258    21    11    48
  259    37    27    64
  260    62    52    88
  261    20    10    46
  262    66    56    92
  263    49    39    75
  264    16     6    42
  265    12     2    38
  266    42    32    68
  267    48    38    74
  268    47    37    73
  269    59    49    85
  270    41    31    67
  271    45    35    71
  272    33    23    59
  273    63    53    88
  274    70    60    95
  275    46    36    71
  276    40    30    65
  277    34    24    59
  278    18     8    43
  279    52    42    77
  280    57    47    82
  281    17     7    42
  282    65    55    90
  283    35    25    60
  284    70    60    95
  285    42    32    66
  286    66    56    90
  287    19     9    43
  288    75    65    99
  289    64    54    88
  290    44    34    68
  291    13     3    37
  292    68    58    92
  293    65    55    89
  294    70    60    94
  295    24    14    48
  296    45    35    69
  297    63    53    86
  298    43    33    66
  299    18     8    41
  300    16     6    39
  301    20    10    43
  302    12     2    35
  303    57    47    80
  304    65    55    88
  305    51    41    73
  306    74    64    96
  307    51    41    73
  308    47    37    69
  309    66    56    88
  310    75    65    97
  311    75    65    97
  312    69    59    91
  313    67    57    89
  314    78    68    99
  315    65    55    86
  316    66    56    87
  317    76    66    97
  318    38    28    59
  319    35    25    56
  320    77    67    98
  321    39    29    60
  322    65    55    86
  323    28    18    49
  324    27    17    48
  325    46    36    67
  326    63    53    84
  327    64    54    85
  328    55    45    76
  329    76    66    97
  330    65    55    85
  331    39    29    59
  332    59    49    79
  333    57    47    77
  334    51    41    71
  335    21    11    41
  336    66    56    86
  337    66    56    86
  338    57    47    77
  339    11     1    31
  340    75    65    95
  341    14     4    34
  342    28    18    48
  343    44    34    64
  344    53    43    73
  345    43    33    62
  346    54    44    73
  347    42    32    61
  348    67    57    86
  349    21    11    40
  350    80    70    99
  351    33    23    52
  352    80    70    99
  353    67    57    86
  354    67    57    86
  355    25    15    44
  356    22    12    41
  357    76    66    95
  358    72    62    90
  359    50    40    68
  360    37    27    55
  361    25    15    43
  362    25    15    43
  363    41    31    59
  364    78    68    96
  365    77    67    95
  366    63    53    81
  367    71    61    89
  368    63    53    81
  369    78    68    96
  370    37    27    55
  371    58    48    76
  372    52    42    70
  373    61    51    78
  374    42    32    59
  375    25    15    42
  376    64    54    81
  377    79    69    96
  378    41    31    58
  379    67    57    84
  380    73    63    90
  381    42    32    59
  382    55    45    72
  383    83    73    99
  384    83    73    99
  385    42    32    58
  386    23    13    39
  387    73    63    89
  388    55    45    71
  389    83    73    99
  390    83    73    99
  391    21    11    36
  392    46    36    61
  393    51    41    66
  394    45    35    60
  395    60    50    75
  396    61    51    76
  397    59    49    74
  398    51    41    66
  399    82    72    97
  400    80    70    95
  401    36    26    51
  402    62    52    77
  403    26    16    41
  404    72    62    87
  405    27    17    42
  406    77    67    91
  407    48    38    62
  408    68    58    82
  409    61    51    75
  410    76    66    90
  411    57    47    71
  412    18     8    32
  413    38    28    52
  414    72    62    86
  415    58    48    72
  416    80    70    94
  417    62    52    76
  418    51    41    65
  419    25    15    39
  420    77    67    91
  421    84    74    98
  422    53    43    66
  423    82    72    95
  424    65    55    78
  425    63    53    76
  426    55    45    68
  427    60    50    73
  428    46    36    59
  429    56    46    69
  430    73    63    86
  431    69    59    82
  432    28    18    41
  433    73    63    86
  434    66    56    79
  435    61    51    74
  436    69    59    82
  437    84    74    97
  438    35    25    48
  439    19     9    32
  440    78    68    91
  441    86    76    99
  442    26    16    39
  443    86    76    98
  444    57    47    69
  445    87    77    99
  446    63    53    75
  447    82    72    94
  448    43    33    55
  449    87    77    99
  450    86    76    98
  451    85    75    97
  452    81    71    92
  453    64    54    75
  454    18     8    29
  455    69    59    80
  456    86    76    97
  457    22    12    33
  458    63    53    74
  459    63    53    74
  460    88    78    99
  461    55    45    66
  462    69    59    80
  463    64    54    75
  464    39    29    50
  465    64    54    74
  466    88    78    98
  467    47    37    57
  468    40    30    50
  469    67    57    77
  470    59    49    69
  471    14     4    24
  472    77    67    87
  473    86    76    96
  474    20    10    30
  475    68    58    78
  476    23    13    33
  477    78    68    88
  478    22    12    32
  479    19     9    29
  480    60    50    70
  481    71    61    80
  482    24    14    33
  483    38    28    47
  484    59    49    68
  485    63    53    72
  486    66    56    75
  487    85    75    94
  488    65    55    74
  489    59    49    68
  490    66    56    75
  491    60    50    69
  492    75    65    84
  493    51    41    60
  494    88    78    97
  495    71    61    80
  496    81    71    90
  497    39    29    48
  498    58    48    67
  499    66    56    74
  500    88    78    96
  501    25    15    33
  502    34    24    42
  503    68    58    76
  504    70    60    78
  505    85    75    93
  506    73    63    81
  507    65    55    73
  508    22    12    30
  509    79    69    87
  510    88    78    96
  511    90    80    98
  512    77    67    85
  513    80    70    88
  514    88    78    96
  515    79    69    87
  516    63    53    70
  517    91    81    98
  518    35    25    42
  519    71    61    78
  520    59    49    66
  521    62    52    69
  522    67    57    74
  523    13     3    20
  524    83    73    90
  525    16     6    23
  526    92    82    99
  527    15     5    22
  528    90    80    97
  529    85    75    92
  530    75    65    82
  531    18     8    25
  532    77    67    83
  533    68    58    74
  534    91    81    97
  535    86    76    92
  536    55    45    61
  537    64    54    70
  538    88    78    94
  539    17     7    23
  540    53    43    59
  541    47    37    53
  542    37    27    43
  543    87    77    93
  544    61    51    67
  545    93    83    99
  546    78    68    84
  547    91    81    97
  548    54    44    60
  549    81    71    87
  550    93    83    99
  551    70    60    76
  552    88    78    94
  553    57    47    62
  554    82    72    87
  555    92    82    97
  556    62    52    67
  557    94    84    99
  558    75    65    80
  559    87    77    92
  560    26    16    31
  561    74    64    79
  562    46    36    51
  563    64    54    69
  564    68    58    73
  565    84    74    89
  566    93    83    98
  567    64    54    69
  568    78    68    83
  569    92    82    97
  570    91    81    96
  571    41    31    46
  572    73    63    78
  573    44    34    49
  574    66    56    71
  575    38    28    43
  576    89    79    93
  577    78    68    82
  578    26    16    30
  579    74    64    78
  580    93    83    97
  581    44    34    48
  582    91    81    95
  583    19     9    23
  584    72    62    76
  585    88    78    92
  586    92    82    96
  587    91    81    95
  588    66    56    70
  589    82    72    86
  590    13     3    17
  591    95    85    98
  592    88    78    91
  593    76    66    79
  594    50    40    53
  595    77    67    80
  596    64    54    67
  597    50    40    53
  598    68    58    71
  599    15     5    18
  600    67    57    70
  601    65    55    68
  602    36    26    39
  603    75    65    78
  604    67    57    70
  605    75    65    78
  606    33    23    36
  607    67    57    70
  608    85    75    88
  609    85    75    88
  610    94    84    96
  611    64    54    66
  612    49    39    51
  613    93    83    95
  614    35    25    37
  615    78    68    80
  616    85    75    87
  617    43    33    45
  618    45    35    47
  619    34    24    36
  620    86    76    88
  621    89    79    91
  622    96    86    98
  623    77    67    79
  624    90    80    92
  625    96    86    97
  626    40    30    41
  627    95    85    96
  628    89    79    90
  629    93    83    94
  630    77    67    78
  631    58    48    59
  632    78    68    79
  633    57    47    58
  634    98    88    99
  635    13     3    14
  636    63    53    64
  637    94    84    95
  638    97    87    98
  639    72    62    73
  640    57    47    58
  641    81    71    82
  642    43    33    44
  643    91    81    92
  644    89    79    90
  645    75    65    75
  646    83    73    83
  647    62    52    62
  648    86    76    86
  649    97    87    97
  650    77    67    77
  651    89    79    89
  652    85    75    85
  653    93    83    93
  654    14     4    14
  655    98    88    98
  656    76    66    76
  657    98    88    98
  658    99    89    99
  659    77    67    77
  660    76    66    76
  661    84    74    84
  662    87    77    87
  663    96    86    96
  664    94    84    93
  665   100    90    99
  666    16     6    15
  667    65    55    64
  668    85    75    84
  669    73    63    72
  670    85    75    84
  671   100    90    99
  672    74    64    73
  673    97    87    96
  674   100    90    99
  675   100    90    99
  676    76    66    75
  677    42    32    41
  678    97    87    96
  679    85    75    84
  680    41    31    40
  681    83    73    82
  682    77    67    76
  683    93    83    92
  684    49    39    48
  685    98    88    97
  686    90    80    88
  687    99    89    97
  688    71    61    69
  689    83    73    81
  690    53    43    51
  691    93    83    91
  692   101    91    99
  693    72    62    70
  694    96    86    94
  695    85    75    83
  696   101    91    99
  697    80    70    78
  698    24    14    22
  699    62    52    60
  700    87    77    85
  701    91    81    89
  702    13     3    11
  703    78    68    76
  704    39    29    37
  705    65    55    62
  706    94    84    91
  707    38    28    35
  708    97    87    94
  709   101    91    98
  710    71    61    68
  711    75    65    72
  712   102    92    99
  713    62    52    59
  714    96    86    93
  715    90    80    87
  716    91    81    88
  717    90    80    87
  718    86    76    83
  719    52    42    49
  720    98    88    95
  721    76    66    73
  722   101    91    98
  723    69    59    66
  724    87    77    84
  725    91    81    88
  726    54    44    51
  727    89    79    86
  728    26    16    23
  729    88    78    85
  730   101    91    98
  731    90    80    87
  732    83    73    80
  733    47    37    44
  734    74    64    71
  735    81    71    78
  736    85    75    82
  737    68    58    65
  738    97    87    94
  739    88    78    85
  740    93    83    90
  741    99    89    96
  742    40    30    37
  743    41    31    38
  744    87    77    84
  745    35    25    31
  746    90    80    86
  747    28    18    24
  748   100    90    96
  749    30    20    26
  750    65    55    61
  751    98    88    94
  752    88    78    84
  753    72    62    68
  754    55    45    51
  755    60    50    56
  756    94    84    90
  757    99    89    95
  758    93    83    89
  759    82    72    78
  760   100    90    96
  761   103    93    99
  762    17     7    13
  763   102    92    98
  764   101    91    97
  765    93    83    89
  766    26    16    22
  767    85    75    80
  768    85    75    80
  769    85    75    80
  770    95    85    90
  771    83    73    78
  772    78    68    73
  773    83    73    78
  774    79    69    74
  775    76    66    71
  776    57    47    52
  777    39    29    34
  778   101    91    96
  779    21    11    16
  780    92    82    87
  781    17     7    12
  782    74    64    69
  783    78    68    73
  784    83    73    78
  785    22    12    17
  786    67    57    62
  787   104    94    99
  788    77    67    72
  789    52    42    47
  790    87    77    82
  791    83    73    78
  792    96    86    91
  793    63    53    58
  794   103    93    98
  795    62    52    57
  796    67    57    62
  797    99    89    94
  798    95    85    90
  799    92    82    87
  800   104    94    99
  801   102    92    97
  802   101    91    95
  803   105    95    99
  804    71    61    65
  805   103    93    97
  806    87    77    81
  807    51    41    45
  808    67    57    61
  809    91    81    85
  810    96    86    90
  811    96    86    90
  812   105    95    99
  813    40    30    34
  814    89    79    83
  815    46    36    40
  816   100    90    94
  817    54    44    48
  818    92    82    86
  819    70    60    64
  820   105    95    99
  821    18     8    12
  822    45    35    39
  823    88    78    82
  824   101    91    95
  825    95    85    89
  826    96    86    90
  827    77    67    71
  828   103    93    97
  829    75    65    69
  830    89    79    83
  831    49    39    43
  832    76    66    70
  833    61    51    55
  834   101    91    95
  835    51    41    44
  836   101    91    94
  837   103    93    96
  838   101    91    94
  839   105    95    98
  840   106    96    99
  841    19     9    12
  842    60    50    53
  843    77    67    70
  844    87    77    80
  845    77    67    70
  846   101    91    94
  847   106    96    99
  848    69    59    62
  849   105    95    98
  850    77    67    70
  851    90    80    83
  852    95    85    88
  853   100    90    93
  854    75    65    68
  855    68    58    61
  856    67    57    60
  857    38    28    31
  858    32    22    25
  859   105    95    98
  860    81    71    74
  861    99    89    92
  862    94    84    87
  863    90    80    82
  864   102    92    94
  865    72    62    64
  866    87    77    79
  867    81    71    73
  868    67    57    59
  869    74    64    66
  870    59    49    51
  871    21    11    13
  872   102    92    94
  873    37    27    29
  874    99    89    91
  875    77    67    69
  876   101    91    93
  877   107    97    99
  878    80    70    72
  879   101    91    93
  880    80    70    72
  881    73    63    65
  882    14     4     6
  883    99    89    91
  884    89    79    81
  885   100    90    92
  886    75    65    67
  887   106    96    98
  888   104    94    96
  889    95    85    87
  890    74    64    66
  891    43    33    35
  892    56    46    48
  893   106    96    98
  894    76    66    68
  895   107    97    99
  896   101    91    93
  897   104    94    96
  898   106    96    98
  899   100    90    91
  900    71    61    62
  901   104    94    95
  902   108    98    99
  903    73    63    64
  904    71    61    62
  905    68    58    59
  906    85    75    76
  907    98    88    89
  908   104    94    95
  909    92    82    83
  910   106    96    97
  911   103    93    94
  912   104    94    95
  913    72    62    63
  914   106    96    97
  915    97    87    88
  916    74    64    65
  917    94    84    85
  918    49    39    40
  919   108    98    99
  920    83    73    74
  921    62    52    53
  922    32    22    23
  923    98    88    89
  924   108    98    99
  925   103    93    94
  926    76    66    67
  927   102    92    93
  928    54    44    45
  929    24    14    15
  930    46    36    37
  931   103    93    94
  932   107    97    98
  933   107    97    98
  934   108    98    99
  935   110   100   100
  936    68    58    58
  937   103    93    93
  938   109    99    99
  939   110   100   100
  940   108    98    98
  941    33    23    23
  942   109    99    99
  943    94    84    84
  944   109    99    99
  945   110   100   100
  946   109    99    99
  947    65    55    55
  948   104    94    94
  949   108    98    98
  950    41    31    31
  951    99    89    89
  952   109    99    99
  953    18     8     8
  954    47    37    37
  955    58    48    48
  956   103    93    93
  957    94    84    84
  958   106    96    96
  959   100    90    90
  960    42    32    32
  961   109    99    99
  962   110   100   100
  963   110   100   100
  964    81    71    71
  965   109    99    99
  966   108    98    98
  967   101    91    91
  968    64    54    54
  969   108    98    98
  970   110   100   100
  971   104    94    94
  972    65    55    55
  973    82    72    72
  974    86    76    76
  975   102    92    92
  976    94    84    84
  977   101    91    91
  978   108    98    98
  979   105    95    95
  980    97    87    87
  981   110   100   100
  982   101    91    91
  983   110   100   100
  984   110   100   100
  985    99    89    89
  986    59    49    49
  987   109    99    99
  988    53    43    43
  989   110   100   100
  990    86    76    76
  991   108    98    98
  992   110   100   100
  993   110   100   100
  994   108    98    98
  995    74    64    64
  996   107    97    97
  997   103    93    93
  998   108    98    98
  999   110   100   100
  100