 1000
    0    13     3    98
    1    13     3    96
    2    12     2    94
    3    15     5    96
    4    19     9    99
    5    19     9    99
    6    14     4    93
    7    16     6    93
    8    11     1    87
    9    22    12    98
   10    19     9    94
   11    21    11    96
   12    18     8    93
   13    20    10    95
   14    22    12    96
   15    13     3    87
   16    25    15    99
   17    11     1    85
   18    13     3    86
   19    20    10    93
   20    19     9    91
   21    18     8    90
   22    28    18    99
   23    13     3    84
   24    11     1    81
   25    25    15    95
   26    27    17    97
   27    29    19    99
   28    24    14    94
   29    16     6    86
   30    13     3    82
   31    21    11    89
   32    29    19    97
   33    21    11    88
   34    15     5    82
   35    26    16    93
   36    12     2    78
   37    17     7    83
   38    33    23    99
   39    31    21    96
   40    20    10    84
   41    16     6    80
   42    25    15    89
   43    25    15    88
   44    33    23    96
   45    30    20    93
   46    15     5    78
   47    22    12    85
   48    23    13    86
   49    17     7    80
   50    16     6    78
   51    36    26    98
   52    13     3    75
   53    37    27    98
   54    23    13    84
   55    13     3    73
   56    27    17    86
   57    16     6    75
   58    32    22    91
   59    38    28    96
   60    30    20    88
   61    22    12    80
   62    25    15    83
   63    37    27    94
   64    26    16    83
   65    20    10    77
   66    25    15    82
   67    25    15    82
   68    12     2    68
   69    13     3    68
   70    31    21    86
   71    26    16    78
   72    36    26    88
   73    29    19    81
   74    34    24    86
   75    40    30    91
   76    16     6    67
   77    25    15    76
   78    12     2    62
   79    24    14    74
   80    30    20    80
   81    42    32    92
   82    46    36    96
   83    24    14    73
   84    46    36    95
   85    30    20    79
   86    33    23    82
   87    20    10    69
   88    46    36    95
   89    47    37    96
   90    29    19    78
   91    34    24    82
   92    34    24    82
   93    12     2    60
   94    25    15    73
   95    39    29    87
   96    51    41    98
   97    48    38    95
   98    34    24    81
   99    37    27    84
  100    17     7    64
  101    47    37    93
  102    41    31    87
  103    43    33    89
  104    49    39    95
  105    47    37    93
  106    19     9    65
  107    32    22    78
  108    46    36    92
  109    13     3    58
  110    35    25    80
  111    16     6    61
  112    25    15    70
  113    36    26    81
  114    49    39    94
  115    31    21    76
  116    53    43    98
  117    19     9    63
  118    46    36    90
  119    11     1    55
  120    13     3    57
  121    55    45    99
  122    50    40    94
  123    37    27    81
  124    46    36    90
  125    12     2    56
  126    27    17    70
  127    53    43    96
  128    22    12    65
  129    52    42    95
  130    50    40    93
  131    41    31    83
  132    56    46    98
  133    19     9    61
  134    51    41    93
  135    18     8    60
  136    11     1    53
  137    11     1    53
  138    41    31    83
  139    30    20    72
  140    27    17    69
  141    30    20    72
  142    46    36    88
  143    37    27    78
  144    32    22    73
  145    53    43    94
  146    52    42    93
  147    53    43    94
  148    54    44    94
  149    25    15    65
  150    25    15    65
  151    27    17    67
  152    24    14    64
  153    32    22    72
  154    32    22    71
  155    31    21    70
  156    19     9    58
  157    58    48    97
  158    49    39    88
  159    49    39    87
  160    34    24    72
  161    57    47    95
  162    44    34    82
  163    39    29    77
  164    32    22    70
  165    50    40    87
  166    39    29    76
  167    31    21    68
  168    59    49    96
  169    17     7    54
  170    55    45    92
  171    43    33    80
  172    48    38    84
  173    18     8    54
  174    41    31    77
  175    12     2    48
  176    36    26    72
  177    15     5    51
  178    59    49    95
  179    42    32    78
  180    42    32    78
  181    39    29    75
  182    39    29    74
  183    43    33    78
  184    29    19    64
  185    50    40    85
  186    61    51    96
  187    20    10    55
  188    57    47    92
  189    64    54    99
  190    22    12    57
  191    35    25    70
  192    53    43    87
  193    51    41    85
  194    28    18    62
  195    51    41    85
  196    28    18    62
  197    29    19    63
  198    58    48    92
  199    28    18    61
  200    58    48    91
  201    43    33    76
  202    32    22    65
  203    28    18    61
  204    37    27    70
  205    61    51    94
  206    15     5    48
  207    27    17    60
  208    41    31    74
  209    51    41    84
  210    59    49    92
  211    24    14    57
  212    54    44    86
  213    19     9    51
  214    41    31    73
  215    13     3    45
  216    49    39    81
  217    32    22    64
  218    51    41    82
  219    35    25    66
  220    56    46    87
  221    43    33    74
  222    56    46    87
  223    68    58    99
  224    31    21    61
  225    38    28    68
  226    42    32    72
  227    44    34    74
  228    52    42    82
  229    29    19    59
  230    20    10    49
  231    62    52    91
  232    56    46    85
  233    60    50    89
  234    39    29    68
  235    61    51    90
  236    66    56    95
  237    56    46    85
  238    49    39    78
  239    69    59    98
  240    47    37    76
  241    40    30    68
  242    43    33    71
  243    53    43    81
  244    62    52    90
  245    18     8    46
  246    60    50    88
  247    52    42    80
  248    15     5    43
  249    44    34    72
  250    31    21    58
  251    29    19    56
  252    57    47    84
  253    53    43    80
  254    23    13    50
  255    17     7    44
  256    62    52    89
  257    62    52    88
  258    26    16    52
  259    23    13    49
  260    52    42    78
  261    55    45    81
  262    38    28    64
  263    64    54    90
  264    57    47    83
  265    36    26    62
  266    21    11    47
  267    67    57    93
  268    49    39    74
  269    66    56    91
  270    38    28    63
  271    69    59    94
  272    42    32    67
  273    62    52    87
  274    59    49    84
  275    68    58    93
  276    69    59    94
  277    60    50    85
  278    73    63    98
  279    24    14    49
  280    58    48    83
  281    50    40    75
  282    68    58    92
  283    57    47    81
  284    51    41    75
  285    14     4    38
  286    42    32    66
  287    42    32    66
  288    67    57    91
  289    54    44    78
  290    46    36    70
  291    48    38    72
  292    50    40    73
  293    21    11    44
  294    11     1    34
  295    55    45    78
  296    37    27    60
  297    42    32    65
  298    76    66    99
  299    12     2    35
  300    76    66    98
  301    41    31    63
  302    72    62    94
  303    66    56    88
  304    44    34    66
  305    18     8    40
  306    69    59    91
  307    63    53    85
  308    74    64    96
  309    33    23    55
  310    37    27    59
  311    48    38    70
  312    62    52    84
  313    61    51    83
  314    69    59    91
  315    77    67    99
  316    52    42    74
  317    12     2    33
  318    21    11    42
  319    71    61    92
  320    64    54    85
  321    37    27    58
  322    18     8    39
  323    77    67    98
  324    75    65    96
  325    28    18    49
  326    23    13    44
  327    61    51    82
  328    28    18    48
  329    57    47    77
  330    78    68    98
  331    28    18    48
  332    41    31    61
  333    38    28    58
  334    65    55    85
  335    65    55    85
  336    70    60    90
  337    46    36    65
  338    62    52    81
  339    78    68    97
  340    71    61    90
  341    39    29    58
  342    54    44    73
  343    70    60    89
  344    60    50    79
  345    45    35    64
  346    66    56    85
  347    72    62    91
  348    34    24    53
  349    40    30    58
  350    76    66    94
  351    81    71    99
  352    32    22    50
  353    46    36    64
  354    43    33    61
  355    65    55    83
  356    16     6    34
  357    44    34    62
  358    30    20    48
  359    57    47    75
  360    70    60    88
  361    74    64    92
  362    78    68    96
  363    64    54    82
  364    82    72    99
  365    18     8    35
  366    51    41    68
  367    82    72    99
  368    57    47    74
  369    44    34    61
  370    66    56    83
  371    22    12    39
  372    81    71    98
  373    53    43    70
  374    73    63    90
  375    33    23    50
  376    14     4    31
  377    54    44    71
  378    60    50    77
  379    79    69    96
  380    14     4    31
  381    67    57    84
  382    22    12    38
  383    45    35    61
  384    65    55    81
  385    13     3    29
  386    32    22    48
  387    77    67    93
  388    67    57    83
  389    57    47    73
  390    27    17    43
  391    78    68    94
  392    35    25    51
  393    69    59    84
  394    55    45    70
  395    45    35    60
  396    33    23    48
  397    46    36    61
  398    75    65    90
  399    39    29    54
  400    19     9    34
  401    37    27    52
  402    77    67    92
  403    77    67    92
  404    32    22    47
  405    58    48    73
  406    71    61    86
  407    64    54    79
  408    84    74    99
  409    51    41    66
  410    71    61    85
  411    66    56    80
  412    83    73    97
  413    58    48    72
  414    32    22    46
  415    84    74    98
  416    85    75    99
  417    71    61    85
  418    69    59    83
  419    80    70    94
  420    45    35    58
  421    86    76    99
  422    69    59    82
  423    75    65    88
  424    51    41    64
  425    86    76    99
  426    65    55    78
  427    47    37    60
  428    68    58    81
  429    84    74    97
  430    20    10    33
  431    74    64    87
  432    51    41    64
  433    51    41    64
  434    53    43    66
  435    18     8    31
  436    69    59    82
  437    76    66    89
  438    56    46    68
  439    60    50    72
  440    50    40    62
  441    86    76    98
  442    57    47    69
  443    76    66    88
  444    73    63    85
  445    60    50    72
  446    38    28    50
  447    86    76    98
  448    17     7    29
  449    28    18    40
  450    57    47    69
  451    56    46    68
  452    33    23    45
  453    87    77    98
  454    66    56    77
  455    88    78    99
  456    67    57    78
  457    71    61    82
  458    86    76    97
  459    75    65    86
  460    27    17    38
  461    39    29    50
  462    81    71    92
  463    63    53    74
  464    33    23    43
  465    60    50    70
  466    85    75    95
  467    66    56    76
  468    68    58    78
  469    71    61    81
  470    73    63    83
  471    81    71    91
  472    85    75    95
  473    59    49    69
  474    36    26    46
  475    63    53    73
  476    79    69    89
  477    36    26    46
  478    73    63    83
  479    66    56    76
  480    60    50    70
  481    78    68    88
  482    84    74    93
  483    55    45    64
  484    86    76    95
  485    70    60    79
  486    66    56    75
  487    37    27    46
  488    77    67    86
  489    63    53    72
  490    76    66    85
  491    59    49    68
  492    82    72    91
  493    76    66    85
  494    83    73    92
  495    79    69    87
  496    35    25    43
  497    44    34    52
  498    74    64    82
  499    26    16    34
  500    39    29    47
  501    86    76    94
  502    83    73    91
  503    62    52    70
  504    66    56    74
  505    76    66    84
  506    88    78    96
  507    82    72    90
  508    32    22    40
  509    67    57    75
  510    82    72    90
  511    56    46    64
  512    42    32    50
  513    83    73    90
  514    88    78    95
  515    82    72    89
  516    65    55    72
  517    88    78    95
  518    79    69    86
  519    64    54    71
  520    69    59    76
  521    88    78    95
  522    33    23    40
  523    76    66    83
  524    63    53    70
  525    70    60    77
  526    82    72    89
  527    86    76    93
  528    60    50    67
  529    75    65    82
  530    48    38    55
  531    83    73    90
  532    12     2    19
  533    30    20    37
  534    40    30    47
  535    25    15    32
  536    70    60    77
  537    83    73    90
  538    88    78    95
  539    74    64    81
  540    87    77    94
  541    65    55    72
  542    73    63    80
  543    64    54    70
  544    65    55    71
  545    83    73    89
  546    58    48    64
  547    77    67    83
  548    36    26    42
  549    93    83    99
  550    22    12    28
  551    73    63    79
  552    41    31    47
  553    37    27    43
  554    64    54    70
  555    40    30    46
  556    46    36    52
  557    72    62    78
  558    28    18    34
  559    38    28    44
  560    93    83    98
  561    69    59    74
  562    28    18    33
  563    91    81    96
  564    67    57    72
  565    44    34    49
  566    14     4    19
  567    94    84    99
  568    34    24    39
  569    68    58    73
  570    59    49    64
  571    81    71    86
  572    83    73    88
  573    63    53    68
  574    79    69    84
  575    17     7    21
  576    23    13    27
  577    93    83    97
  578    59    49    63
  579    78    68    82
  580    55    45    59
  581    56    46    60
  582    72    62    76
  583    66    56    70
  584    56    46    60
  585    13     3    17
  586    29    19    33
  587    79    69    83
  588    74    64    78
  589    92    82    96
  590    41    31    45
  591    92    82    96
  592    71    61    74
  593    91    81    94
  594    87    77    90
  595    92    82    95
  596    81    71    84
  597    95    85    98
  598    96    86    99
  599    13     3    16
  600    86    76    89
  601    65    55    68
  602    74    64    77
  603    94    84    97
  604    33    23    36
  605    54    44    57
  606    51    41    54
  607    40    30    43
  608    84    74    87
  609    96    86    99
  610    90    80    93
  611    64    54    67
  612    59    49    62
  613    87    77    90
  614    84    74    87
  615    82    72    85
  616    74    64    77
  617    59    49    62
  618    95    85    98
  619    79    69    82
  620    53    43    55
  621    97    87    99
  622    82    72    84
  623    92    82    94
  624    43    33    45
  625    36    26    38
  626    37    27    39
  627    40    30    42
  628    85    75    87
  629    91    81    93
  630    80    70    82
  631    85    75    87
  632    88    78    90
  633    91    81    93
  634    61    51    63
  635    74    64    76
  636    72    62    74
  637    58    48    59
  638    51    41    52
  639    81    71    82
  640    66    56    67
  641    92    82    93
  642    69    59    70
  643    12     2    13
  644    98    88    99
  645    22    12    23
  646    70    60    71
  647    25    15    26
  648    63    53    64
  649    73    63    74
  650    97    87    98
  651    92    82    93
  652    96    86    97
  653    11     1    12
  654    51    41    52
  655    39    29    40
  656    78    68    79
  657    77    67    78
  658    81    71    82
  659    34    24    35
  660    58    48    59
  661    23    13    24
  662    47    37    48
  663    89    79    90
  664    48    38    49
  665    90    80    90
  666    97    87    97
  667    81    71    81
  668    79    69    79
  669    30    20    30
  670    36    26    36
  671    99    89    99
  672    42    32    42
  673    95    85    95
  674    91    81    91
  675    86    76    86
  676    29    19    29
  677    95    85    95
  678    66    56    66
  679    23    13    23
  680    79    69    79
  681    95    85    95
  682    91    81    91
  683    30    20    30
  684    85    75    85
  685    97    87    97
  686    32    22    32
  687    20    10    20
  688    21    11    21
  689    97    87    97
  690    88    78    88
  691    97    87    96
  692    94    84    93
  693    77    67    76
  694   100    90    99
  695    83    73    82
  696    86    76    85
  697    89    79    88
  698    68    58    67
  699    79    69    78
  700    97    87    96
  701    88    78    87
  702    63    53    62
  703    84    74    83
  704    84    74    83
  705    45    35    44
  706    92    82    91
  707    73    63    72
  708    57    47    56
  709    92    82    91
  710   100    90    99
  711    94    84    93
  712    53    43    52
  713    72    62    71
  714    99    89    98
  715    95    85    93
  716    51    41    49
  717   100    90    98
  718    18     8    16
  719    99    89    97
  720   101    91    99
  721    21    11    19
  722    61    51    59
  723    29    19    27
  724    70    60    68
  725    58    48    56
  726   101    91    99
  727    91    81    89
  728    66    56    64
  729    58    48    56
  730    61    51    59
  731    99    89    97
  732    95    85    93
  733    81    71    79
  734    84    74    82
  735    90    80    88
  736    64    54    62
  737    22    12    20
  738    90    80    88
  739    68    58    66
  740    51    41    48
  741    83    73    80
  742    90    80    87
  743    32    22    29
  744    91    81    88
  745   100    90    97
  746   101    91    98
  747    93    83    90
  748    97    87    94
  749    73    63    70
  750    17     7    14
  751    84    74    81
  752    44    34    41
  753    84    74    81
  754    93    83    90
  755    77    67    74
  756    88    78    85
  757    76    66    73
  758    45    35    42
  759    86    76    83
  760   100    90    97
  761    52    42    49
  762    80    70    76
  763    76    66    72
  764    86    76    82
  765   103    93    99
  766   100    90    96
  767    80    70    76
  768    85    75    81
  769    89    79    85
  770    73    63    69
  771    97    87    93
  772    62    52    58
  773    31    21    27
  774    60    50    56
  775    98    88    94
  776    99    89    95
  777    93    83    89
  778    59    49    55
  779    43    33    39
  780    84    74    80
  781    62    52    58
  782    79    69    75
  783    78    68    74
  784   102    92    98
  785    42    32    38
  786   100    90    96
  787    80    70    76
  788    56    46    52
  789   103    93    99
  790    92    82    88
  791    86    76    82
  792    46    36    42
  793    97    87    93
  794    87    77    82
  795    70    60    65
  796   100    90    95
  797    30    20    25
  798    36    26    31
  799    93    83    88
  800    17     7    12
  801    96    86    91
  802   104    94    99
  803    84    74    79
  804    89    79    84
  805    65    55    60
  806   100    90    95
  807   104    94    99
  808    66    56    61
  809    92    82    87
  810    46    36    41
  811    47    37    42
  812   101    91    96
  813   100    90    95
  814    73    63    67
  815    95    85    89
  816   104    94    98
  817    83    73    77
  818    87    77    81
  819    99    89    93
  820    85    75    79
  821    96    86    90
  822    65    55    59
  823    91    81    85
  824   104    94    98
  825   105    95    99
  826   105    95    99
  827    82    72    76
  828   101    91    95
  829   102    92    96
  830    90    80    84
  831    96    86    90
  832    77    67    71
  833    96    86    90
  834    55    45    49
  835   104    94    98
  836    87    77    81
  837    95    85    89
  838    78    68    72
  839    94    84    88
  840    42    32    36
  841   100    90    94
  842   100    90    94
  843    44    34    38
  844   106    96    99
  845    99    89    92
  846    68    58    61
  847   103    93    96
  848    40    30    33
  849    71    61    64
  850   106    96    99
  851   106    96    99
  852    69    59    62
  853   105    95    98
  854   102    92    95
  855    91    81    84
  856    48    38    41
  857    99    89    92
  858    34    24    27
  859    61    51    54
  860   106    96    99
  861    65    55    58
  862   103    93    96
  863    90    80    83
  864   103    93    96
  865   100    90    93
  866    60    50    53
  867    96    86    89
  868    26    16    19
  869    86    76    79
  870   101    91    94
  871    79    69    72
  872   106    96    99
  873   101    91    94
  874   106    96    98
  875   104    94    96
  876    84    74    76
  877    91    81    83
  878    39    29    31
  879   105    95    97
  880   102    92    94
  881   103    93    95
  882    92    82    84
  883   104    94    96
  884    52    42    44
  885    95    85    87
  886    24    14    16
  887    99    89    91
  888    88    78    80
  889   106    96    98
  890    15     5     7
  891   107    97    99
  892   103    93    95
  893   106    96    98
  894    46    36    38
  895    56    46    48
  896   107    97    99
  897    46    36    38
  898   100    90    91
  899   106    96    97
  900    84    74    75
  901    52    42    43
  902   104    94    95
  903   106    96    97
  904   106    96    97
  905    21    11    12
  906    62    52    53
  907   108    98    99
  908   105    95    96
  909    85    75    76
  910    88    78    79
  911   101    91    92
  912    43    33    34
  913    90    80    81
  914   105    95    96
  915   107    97    98
  916    99    89    90
  917    92    82    83
  918    98    88    89
  919   108    98    99
  920   108    98    99
  921    91    81    82
  922   105    95    96
  923   100    90    91
  924    92    82    83
  925    97    87    88
  926   105    95    96
  927    83    73    74
  928    96    86    87
  929    87    77    78
  930    84    74    75
  931    89    79    80
  932   106    96    97
  933   102    92    93
  934   107    97    98
  935   107    97    98
  936    96    86    87
  937   108    98    99
  938    98    88    89
  939   108    98    99
  940   105    95    95
  941   110   100   100
  942   109    99    99
  943   109    99    99
  944   109    99    99
  945    21    11    11
  946   106    96    96
  947   110   100   100
  948   108    98    98
  949   110   100   100
  950   109    99    99
  951   104    94    94
  952   106    96    96
  953   108    98    98
  954   110   100   100
  955    22    12    12
  956   100    90    90
  957   103    93    93
  958   110   100   100
  959   108    98    98
  960   106    96    96
  961    27    17    17
  962    79    69    69
  963    97    87    87
  964    78    68    68
  965    99    89    89
  966    36    26    26
  967    47    37    37
  968    57    47    47
  969   108    98    98
  970   108    98    98
  971   107    97    97
  972   104    94    94
  973   109    99    99
  974   106    96    96
  975   109    99    99
  976    37    27    27
  977    14     4     4
  978   110   100   100
  979   110   100   100
  980   109    99    99
  981   103    93    93
  982   110   100   100
  983   109    99    99
  984   107    97    97
  985    96    86    86
  986    85    75    75
  987    89    79    79
  988    18     8     8
  989   110   100   100
  990   104    94    94
  991   109    99    99
  992    79    69    69
  993   104    94    94
  994   108    98    98
  995   101    91    91
  996   109    99    99
  997   105    95    95
  998    82    72    72
  999   105    95    95
  100