  500
    0     1     1    99
    1     8     3    97
    2     7     6    99
    3     1     2    88
    4     8     8    93
    5     4     5    90
    6     1     3    87
    7     4     8    91
    8    10     3    86
    9     1     3    85
   10     8    10    92
   11     1     5    86
   12     4     9    89
   13    13     4    84
   14    19    18    97
   15    16    19    98
   16     8    15    94
   17    13    11    89
   18     6     3    80
   19    12     2    78
   20    17     7    82
   21    13    12    83
   22    24    28    98
   23    23    25    95
   24    19    15    84
   25     1    10    79
   26     8    16    85
   27     1     2    70
   28    13    11    79
   29     1     1    69
   30     3     5    72
   31    32    30    97
   32    28    32    99
   33    22    30    96
   34    36    31    96
   35    15    25    90
   36    33    23    88
   37     9    15    80
   38    12    22    87
   39    14     6    71
   40    27    21    86
   41    22    22    86
   42    20    20    83
   43    20    18    80
   44     1     2    64
   45    15     9    70
   46    32    35    95
   47    32    39    99
   48    45    39    99
   49    33    34    94
   50    26    35    95
   51     9    11    70
   52    29    35    94
   53    37    27    86
   54    31    39    98
   55     2     9    67
   56    16    25    82
   57    44    38    95
   58    40    34    90
   59    15    17    72
   60    45    40    95
   61    21    14    67
   62    37    44    97
   63    36    30    83
   64    15    15    67
   65    45    42    94
   66     1     4    56
   67    30    37    88
   68    38    46    97
   69    48    45    96
   70    49    48    99
   71     1     9    59
   72    45    47    97
   73    24    25    74
   74    28    25    74
   75    21    14    63
   76    22    16    65
   77     5     8    57
   78    46    50    99
   79    28    36    84
   80    28    20    68
   81    32    42    89
   82    22    13    59
   83    26    19    65
   84    22    19    65
   85    15    21    67
   86    29    23    68
   87    38    28    73
   88    29    32    77
   89    35    42    87
   90    26    34    78
   91    60    53    97
   92    11    18    62
   93    33    35    78
   94    18    20    63
   95    41    51    94
   96    37    45    88
   97    52    49    91
   98    34    43    85
   99    50    46    88
  100    49    42    84
  101     5    15    56
  102    51    53    94
  103    26    28    69
  104    12     8    49
  105    56    58    98
  106    41    51    91
  107    49    45    85
  108    21    27    66
  109    39    44    83
  110    55    59    98
  111    65    55    94
  112    63    56    95
  113    43    45    83
  114    40    30    68
  115    11     3    41
  116    29    38    76
  117    10     4    41
  118    48    49    86
  119    58    50    87
  120    56    56    93
  121    43    42    79
  122    61    51    88
  123     8    14    51
  124    28    23    59
  125    40    41    77
  126    42    52    88
  127     2     2    38
  128    32    31    66
  129    58    51    86
  130    17    19    54
  131    54    60    94
  132    24    32    66
  133    46    36    70
  134    45    40    74
  135    41    39    73
  136    74    67    99
  137    24    27    59
  138    60    63    95
  139    23    31    63
  140    74    65    97
  141    18    19    51
  142    11     9    40
  143    71    65    96
  144    61    52    83
  145    50    54    85
  146    56    49    79
  147    74    64    94
  148    76    68    98
  149    72    66    96
  150    19    18    48
  151    24    29    59
  152    45    54    84
  153    10     5    35
  154    50    45    74
  155    39    35    64
  156    29    20    49
  157    64    67    96
  158    54    54    83
  159    43    53    82
  160    32    32    61
  161    67    64    92
  162    54    48    76
  163    10    20    48
  164    48    39    67
  165    16     7    34
  166    47    47    74
  167    70    65    92
  168    17    18    45
  169    32    39    66
  170    74    72    98
  171    19    15    41
  172    73    73    99
  173    61    57    83
  174    39    48    74
  175    65    68    94
  176    45    48    74
  177    27    34    59
  178    47    53    78
  179    39    43    68
  180    45    54    79
  181    68    68    93
  182    28    28    53
  183    82    74    99
  184    36    45    70
  185    32    41    66
  186    25    24    49
  187    66    69    94
  188    61    68    93
  189    39    37    61
  190     1     7    31
  191    14    23    47
  192    13    23    47
  193    40    50    74
  194    20    19    42
  195    32    30    53
  196    73    64    87
  197    42    50    73
  198    21    15    38
  199    53    46    69
  200    56    58    81
  201    41    46    69
  202    78    75    97
  203    24    21    43
  204    78    77    99
  205    54    54    76
  206    73    69    91
  207    56    56    78
  208    75    73    95
  209    61    69    91
  210    57    60    82
  211    30    28    49
  212    65    68    89
  213    25    23    44
  214    54    54    75
  215    16     8    29
  216    64    69    90
  217    71    77    97
  218    77    73    93
  219    67    74    94
  220    56    49    69
  221    55    64    84
  222    61    63    83
  223    27    23    43
  224    75    78    98
  225    86    79    99
  226    69    75    94
  227    32    36    55
  228    16    16    35
  229     1     1    20
  230    38    35    54
  231    48    58    76
  232    77    73    91
  233    39    36    54
  234    89    81    99
  235    39    41    59
  236    71    65    83
  237    50    56    74
  238    51    50    67
  239    55    59    76
  240    67    69    86
  241    23    28    45
  242    26    36    53
  243    77    80    97
  244    60    59    76
  245    71    67    84
  246    31    28    45
  247    63    67    84
  248    88    82    99
  249    63    59    76
  250    36    36    52
  251    69    79    95
  252    43    52    68
  253    64    66    82
  254     6    13    29
  255    74    79    95
  256    40    36    52
  257    64    74    90
  258     1     7    23
  259    48    58    74
  260    81    71    87
  261    77    82    98
  262    73    64    79
  263    87    82    97
  264    51    45    60
  265    53    52    67
  266    83    84    99
  267    93    84    99
  268     8    12    27
  269    54    61    76
  270    68    76    91
  271    76    84    99
  272    69    65    79
  273    19    13    27
  274    21    26    40
  275     2     1    15
  276    73    76    90
  277     8    10    24
  278    36    45    59
  279    55    54    67
  280    65    71    84
  281    57    56    69
  282    63    71    84
  283    55    48    61
  284    87    86    99
  285     7    14    27
  286    75    79    92
  287    65    72    85
  288    38    31    44
  289    70    72    85
  290    22    29    42
  291    52    53    66
  292    42    45    58
  293    77    81    94
  294    80    86    98
  295    79    73    85
  296    54    64    76
  297    75    68    80
  298    59    65    77
  299    15    19    31
  300    84    77    89
  301    59    60    72
  302    74    83    95
  303    25    30    42
  304    49    49    60
  305    80    86    97
  306    61    63    74
  307    13     9    20
  308    81    82    93
  309    47    44    55
  310    50    47    58
  311    46    36    47
  312    78    85    96
  313    27    36    46
  314    18    28    38
  315    12    18    28
  316    50    60    70
  317    49    45    55
  318    85    87    97
  319    70    60    70
  320    91    88    98
  321    73    68    78
  322    30    28    38
  323    98    88    97
  324    92    88    97
  325    91    82    91
  326    74    75    84
  327    64    69    78
  328    23    26    35
  329     1     4    13
  330    93    87    96
  331    63    70    79
  332    79    80    89
  333    92    90    99
  334    89    79    88
  335     1     4    13
  336    25    35    44
  337    62    63    71
  338    71    65    73
  339    17    20    28
  340    88    89    97
  341    39    48    56
  342    78    71    79
  343    93    90    98
  344    91    84    92
  345    77    78    86
  346    80    84    91
  347    23    22    29
  348    56    56    63
  349    98    92    99
  350    61    68    75
  351    40    43    50
  352   100    90    97
  353    95    92    99
  354    76    85    92
  355    82    83    90
  356    76    79    86
  357    50    50    57
  358    94    92    99
  359    51    61    68
  360    52    47    54
  361    93    92    99
  362    82    81    87
  363    81    85    91
  364    55    63    69
  365    94    84    90
  366    98    88    94
  367    62    66    72
  368    80    78    84
  369    87    84    90
  370    83    91    97
  371    11     4    10
  372    67    76    82
  373    91    81    87
  374    60    57    63
  375    87    89    95
  376    56    61    67
  377    92    88    93
  378    85    84    89
  379    42    46    51
  380    18    14    19
  381    84    81    86
  382    94    94    99
  383    74    66    71
  384    93    94    99
  385    94    94    99
  386    90    90    95
  387    19    14    19
  388    37    29    34
  389    83    87    92
  390    35    44    49
  391    32    34    39
  392    94    86    91
  393    98    93    98
  394    71    61    65
  395    76    85    89
  396   100    92    96
  397    87    80    84
  398    88    90    94
  399    89    95    99
  400    95    85    89
  401    82    87    91
  402   101    93    97
  403    42    46    50
  404    61    68    72
  405    37    47    51
  406    64    56    59
  407    89    85    88
  408    41    44    47
  409    70    74    77
  410    80    75    78
  411    50    49    52
  412    92    93    96
  413    77    84    87
  414    86    84    87
  415    29    32    35
  416    69    61    64
  417    89    91    94
  418    25    27    30
  419    81    87    90
  420    91    89    92
  421    10    16    19
  422    92    96    99
  423    79    87    90
  424    74    67    70
  425    92    96    99
  426    40    33    36
  427    66    73    76
  428    93    90    93
  429    88    82    85
  430    81    85    88
  431     7     7     9
  432    96    93    95
  433   104    94    96
  434    92    97    99
  435    84    91    93
  436    24    34    36
  437    91    95    97
  438    72    77    79
  439    76    80    82
  440    11     7     9
  441    83    85    87
  442    92    90    92
  443    81    88    90
  444    95    97    99
  445   102    93    95
  446    78    87    89
  447    62    57    59
  448    77    83    85
  449    81    88    89
  450    93    98    99
  451    75    74    75
  452    93    90    91
  453    89    82    83
  454    84    94    95
  455    81    82    83
  456   100    91    92
  457    88    98    99
  458   106    97    98
  459    74    84    85
  460    87    88    89
  461     1     6     7
  462    91    97    98
  463   103    98    99
  464    52    57    58
  465    67    61    62
  466    75    82    83
  467    84    74    75
  468    92    89    90
  469   103    96    97
  470   101   100   100
  471    99    97    97
  472    96    89    89
  473    93    90    90
  474    95    90    90
  475    93    96    96
  476    86    92    92
  477    89    99    99
  478    21    29    29
  479    80    89    89
  480    52    61    61
  481    93    98    98
  482    91   100   100
  483   100   100   100
  484    85    95    95
  485    56    63    63
  486    91    96    96
  487    97    99    99
  488   101    91    91
  489   109    99    99
  490    94    97    97
  491    92   100   100
  492    98    89    89
  493    87    88    88
  494    66    75    75
  495    87    97    97
  496   102    98    98
  497    12     6     6
  498    98    99    99
  499    90    97    97
  100