  100
    0    10    10    97
    1    16    16    95
    2     8     8    82
    3     5     5    77
    4     4     4    74
    5     1     1    70
    6    10    10    78
    7    11    11    75
    8    23    23    87
    9     9     9    72
   10    38    38    98
   11    30    30    88
   12    40    40    96
   13    43    43    96
   14     7     7    58
   15    39    39    89
   16    17    17    64
   17    36    36    82
   18    11    11    55
   19    30    30    73
   20    40    40    82
   21    55    55    97
   22    33    33    75
   23    45    45    86
   24    43    43    82
   25    39    39    77
   26    48    48    85
   27    38    38    74
   28    54    54    89
   29    61    61    94
   30    60    60    93
   31    11    11    44
   32    36    36    68
   33    57    57    89
   34    54    54    84
   35    27    27    55
   36    31    31    58
   37    16    16    42
   38    60    60    86
   39    52    52    78
   40     3     3    29
   41    18    18    43
   42    61    61    86
   43    18    18    42
   44    40    40    64
   45    65    65    88
   46    38    38    61
   47    56    56    79
   48     5     5    27
   49    66    66    88
   50    56    56    78
   51    50    50    72
   52    51    51    73
   53    37    37    56
   54    76    76    95
   55    22    22    41
   56    75    75    93
   57    82    82    99
   58    55    55    72
   59    75    75    91
   60    39    39    55
   61    77    77    93
   62    82    82    97
   63    57    57    72
   64    14    14    29
   65     3     3    17
   66    44    44    58
   67    28    28    42
   68    54    54    67
   69    67    67    80
   70    33    33    45
   71    78    78    90
   72    85    85    96
   73    80    80    89
   74    79    79    88
   75    88    88    96
   76    17    17    25
   77    49    49    57
   78    28    28    35
   79    42    42    49
   80    77    77    84
   81    89    89    95
   82    92    92    97
   83    89    89    94
   84    67    67    72
   85    89    89    94
   86    72    72    77
   87    82    82    87
   88    88    88    92
   89    67    67    71
   90    94    94    97
   91    71    71    74
   92    34    34    37
   93    94    94    97
   94    77    77    79
   95    95    95    97
   96    26    26    27
   97    97    97    97
   98    67    67    67
   99    98    98    98
  100