  500
    0    13     3    97
    1    11     1    93
    2    17     7    97
    3    16     6    95
    4    17     7    95
    5    18     8    95
    6    22    12    98
    7    16     6    92
    8    16     6    89
    9    22    12    94
   10    16     6    88
   11    28    18    99
   12    26    16    97
   13    22    12    91
   14    21    11    90
   15    22    12    90
   16    17     7    85
   17    24    14    91
   18    31    21    97
   19    15     5    80
   20    27    17    91
   21    23    13    87
   22    27    17    90
   23    17     7    79
   24    32    22    94
   25    36    26    97
   26    15     5    75
   27    33    23    92
   28    23    13    80
   29    43    33    99
   30    14     4    70
   31    30    20    86
   32    34    24    90
   33    31    21    87
   34    30    20    85
   35    39    29    94
   36    41    31    96
   37    21    11    75
   38    34    24    87
   39    21    11    74
   40    46    36    99
   41    32    22    85
   42    47    37    99
   43    26    16    78
   44    26    16    77
   45    24    14    75
   46    41    31    91
   47    28    18    78
   48    25    15    75
   49    16     6    66
   50    33    23    82
   51    45    35    94
   52    41    31    90
   53    31    21    80
   54    38    28    86
   55    31    21    78
   56    19     9    65
   57    35    25    81
   58    51    41    97
   59    18     8    63
   60    40    30    84
   61    25    15    69
   62    43    33    87
   63    32    22    76
   64    29    19    73
   65    11     1    54
   66    45    35    88
   67    11     1    54
   68    45    35    87
   69    45    35    87
   70    43    33    85
   71    14     4    56
   72    32    22    74
   73    51    41    93
   74    57    47    99
   75    56    46    97
   76    51    41    92
   77    55    45    96
   78    42    32    83
   79    21    11    61
   80    48    38    88
   81    56    46    96
   82    39    29    78
   83    54    44    93
   84    54    44    93
   85    47    37    86
   86    53    43    92
   87    38    28    77
   88    45    35    83
   89    33    23    71
   90    31    21    68
   91    54    44    91
   92    60    50    97
   93    27    17    63
   94    23    13    59
   95    54    44    90
   96    29    19    65
   97    50    40    86
   98    62    52    98
   99    50    40    86
  100    54    44    89
  101    42    32    77
  102    14     4    48
  103    11     1    45
  104    36    26    70
  105    45    35    79
  106    35    25    69
  107    38    28    71
  108    57    47    90
  109    48    38    80
  110    47    37    79
  111    56    46    88
  112    62    52    94
  113    51    41    83
  114    44    34    76
  115    59    49    91
  116    46    36    77
  117    31    21    62
  118    14     4    44
  119    27    17    57
  120    31    21    61
  121    57    47    87
  122    49    39    79
  123    63    53    93
  124    15     5    45
  125    31    21    61
  126    68    58    97
  127    42    32    71
  128    23    13    52
  129    60    50    89
  130    45    35    74
  131    50    40    79
  132    60    50    88
  133    38    28    66
  134    71    61    99
  135    31    21    59
  136    58    48    86
  137    61    51    89
  138    42    32    70
  139    55    45    83
  140    48    38    76
  141    13     3    41
  142    42    32    70
  143    32    22    59
  144    52    42    79
  145    14     4    41
  146    34    24    60
  147    32    22    57
  148    19     9    44
  149    63    53    88
  150    44    34    69
  151    73    63    98
  152    59    49    83
  153    64    54    87
  154    53    43    76
  155    14     4    37
  156    55    45    78
  157    36    26    59
  158    16     6    39
  159    44    34    66
  160    31    21    53
  161    38    28    60
  162    13     3    35
  163    43    33    65
  164    21    11    43
  165    51    41    73
  166    57    47    79
  167    11     1    33
  168    67    57    89
  169    74    64    95
  170    55    45    76
  171    66    56    87
  172    20    10    41
  173    28    18    49
  174    46    36    66
  175    65    55    85
  176    77    67    97
  177    32    22    52
  178    50    40    70
  179    77    67    97
  180    21    11    40
  181    70    60    89
  182    69    59    88
  183    59    49    77
  184    34    24    52
  185    66    56    84
  186    74    64    92
  187    63    53    81
  188    24    14    42
  189    72    62    90
  190    60    50    78
  191    64    54    82
  192    72    62    90
  193    49    39    66
  194    81    71    98
  195    65    55    82
  196    62    52    79
  197    61    51    77
  198    35    25    51
  199    32    22    48
  200    68    58    84
  201    78    68    94
  202    64    54    80
  203    75    65    91
  204    47    37    63
  205    20    10    36
  206    39    29    54
  207    69    59    84
  208    12     2    27
  209    37    27    52
  210    52    42    67
  211    82    72    97
  212    41    31    56
  213    78    68    93
  214    60    50    75
  215    38    28    53
  216    15     5    30
  217    33    23    47
  218    18     8    32
  219    19     9    33
  220    17     7    31
  221    78    68    92
  222    73    63    86
  223    27    17    40
  224    52    42    65
  225    31    21    44
  226    28    18    41
  227    69    59    82
  228    59    49    72
  229    29    19    42
  230    86    76    99
  231    76    66    89
  232    43    33    56
  233    87    77    99
  234    58    48    70
  235    71    61    83
  236    41    31    53
  237    82    72    94
  238    69    59    81
  239    29    19    40
  240    55    45    66
  241    67    57    78
  242    79    69    90
  243    70    60    81
  244    88    78    98
  245    80    70    90
  246    32    22    42
  247    78    68    88
  248    28    18    38
  249    43    33    52
  250    42    32    51
  251    81    71    90
  252    68    58    77
  253    80    70    89
  254    26    16    35
  255    71    61    80
  256    68    58    77
  257    88    78    97
  258    59    49    67
  259    57    47    65
  260    82    72    90
  261    31    21    39
  262    91    81    99
  263    63    53    70
  264    34    24    41
  265    92    82    99
  266    91    81    98
  267    24    14    31
  268    91    81    98
  269    38    28    45
  270    41    31    47
  271    81    71    87
  272    81    71    87
  273    68    58    74
  274    71    61    77
  275    84    74    90
  276    39    29    45
  277    12     2    18
  278    91    81    96
  279    12     2    17
  280    83    73    88
  281    12     2    17
  282    89    79    94
  283    39    29    44
  284    18     8    23
  285    60    50    65
  286    66    56    71
  287    83    73    88
  288    40    30    45
  289    67    57    71
  290    64    54    68
  291    95    85    99
  292    74    64    78
  293    37    27    41
  294    92    82    96
  295    88    78    92
  296    75    65    79
  297    47    37    51
  298    81    71    84
  299    27    17    30
  300    17     7    20
  301    66    56    69
  302    92    82    95
  303    94    84    97
  304    82    72    85
  305    68    58    71
  306    94    84    96
  307    95    85    97
  308    62    52    64
  309    92    82    94
  310    93    83    95
  311    11     1    13
  312    80    70    82
  313    33    23    35
  314    94    84    96
  315    95    85    97
  316    48    38    50
  317    89    79    91
  318    93    83    95
  319    84    74    85
  320    87    77    88
  321    56    46    57
  322    27    17    28
  323    32    22    33
  324    96    86    97
  325    66    56    67
  326    48    38    49
  327    14     4    15
  328    65    55    66
  329    86    76    87
  330    80    70    80
  331    95    85    95
  332    59    49    59
  333    80    70    80
  334    18     8    18
  335    94    84    94
  336    55    45    55
  337    51    41    51
  338    85    75    85
  339    67    57    67
  340    83    73    83
  341   100    90    99
  342    28    18    27
  343   100    90    99
  344    11     1    10
  345    87    77    86
  346    25    15    24
  347    71    61    70
  348    70    60    68
  349    12     2    10
  350    93    83    91
  351    83    73    81
  352    79    69    77
  353    25    15    23
  354    76    66    74
  355    59    49    57
  356    71    61    69
  357   100    90    98
  358    95    85    93
  359   101    91    99
  360    74    64    72
  361    30    20    28
  362    69    59    67
  363    69    59    66
  364   102    92    99
  365    96    86    93
  366    90    80    87
  367    92    82    89
  368    76    66    73
  369   102    92    99
  370    97    87    94
  371    96    86    93
  372    46    36    43
  373    67    57    64
  374   102    92    99
  375    86    76    83
  376    65    55    62
  377   101    91    98
  378    84    74    81
  379    51    41    47
  380   101    91    97
  381    84    74    80
  382   100    90    96
  383    20    10    16
  384   103    93    99
  385    40    30    36
  386    85    75    81
  387   102    92    98
  388   103    93    99
  389    43    33    39
  390    35    25    31
  391    53    43    49
  392   103    93    99
  393    69    59    65
  394   102    92    98
  395   104    94    99
  396   102    92    97
  397    95    85    90
  398    98    88    93
  399    17     7    12
  400    24    14    19
  401    84    74    79
  402   103    93    98
  403    34    24    29
  404    79    69    74
  405    41    31    36
  406    87    77    81
  407    89    79    83
  408    71    61    65
  409   103    93    97
  410    97    87    91
  411    94    84    88
  412   105    95    99
  413    42    32    36
  414   101    91    95
  415    82    72    76
  416    20    10    14
  417   102    92    96
  418    28    18    22
  419   104    94    98
  420   102    92    96
  421    84    74    78
  422    81    71    74
  423   104    94    97
  424   106    96    99
  425    82    72    75
  426   105    95    98
  427    88    78    81
  428    69    59    62
  429    78    68    71
  430    26    16    19
  431    90    80    83
  432   102    92    95
  433    92    82    85
  434   100    90    93
  435    88    78    80
  436   104    94    96
  437    97    87    89
  438    98    88    90
  439    84    74    76
  440    21    11    13
  441   107    97    99
  442    44    34    36
  443   107    97    99
  444   103    93    95
  445   106    96    98
  446    48    38    40
  447    69    59    61
  448    66    56    58
  449    93    83    85
  450    75    65    67
  451   107    97    98
  452    15     5     6
  453   108    98    99
  454    46    36    37
  455   107    97    98
  456   108    98    99
  457    77    67    68
  458   101    91    92
  459    93    83    84
  460    91    81    82
  461   108    98    99
  462    59    49    50
  463    55    45    46
  464    73    63    64
  465   104    94    95
  466    35    25    26
  467    93    83    84
  468    94    84    85
  469    95    85    86
  470   105    95    96
  471    68    58    59
  472    82    72    73
  473    75    65    66
  474    66    56    57
  475   109    99    99
  476    81    71    71
  477    91    81    81
  478   109    99    99
  479   110   100   100
  480   107    97    97
  481    60    50    50
  482    34    24    24
  483    70    60    60
  484   109    99    99
  485    75    65    65
  486   102    92    92
  487   105    95    95
  488   109    99    99
  489   108    98    98
  490   108    98    98
  491    99    89    89
  492    56    46    46
  493    93    83    83
  494    83    73    73
  495    98    88    88
  496    94    84    84
  497   110   100   100
  498    60    50    50
  499    79    69    69
  100