  500
    0     2     2    95
    1     7     7    99
    2     7     7    99
    3     4     4    95
    4     2     2    92
    5    10    10    99
    6     6     6    95
    7     8     8    96
    8     4     4    91
    9     1     1    86
   10     6     6    90
   11    10    10    93
   12    10    10    92
   13     5     5    86
   14     7     7    88
   15    18    18    98
   16    20    20    98
   17    22    22    99
   18    19    19    95
   19     2     2    78
   20     9     9    85
   21    11    11    86
   22     1     1    74
   23    26    26    98
   24    20    20    92
   25    17    17    88
   26    11    11    82
   27    10    10    79
   28     2     2    71
   29    15    15    84
   30    28    28    97
   31     6     6    74
   32    14    14    82
   33     9     9    76
   34     9     9    76
   35     5     5    72
   36    13    13    79
   37    18    18    83
   38    26    26    90
   39    13    13    76
   40    12    12    75
   41    35    35    97
   42    36    36    98
   43    24    24    85
   44    12    12    73
   45     4     4    65
   46    24    24    85
   47     2     2    63
   48    39    39    99
   49    14    14    74
   50     4     4    64
   51     7     7    67
   52    12    12    72
   53    24    24    83
   54    29    29    88
   55    26    26    85
   56    32    32    90
   57    34    34    92
   58    25    25    82
   59    39    39    96
   60     9     9    66
   61    38    38    95
   62    24    24    81
   63    10    10    67
   64    27    27    83
   65    33    33    88
   66     5     5    60
   67    32    32    86
   68    45    45    98
   69    18    18    71
   70    36    36    89
   71    25    25    78
   72    33    33    85
   73    38    38    90
   74    26    26    78
   75    23    23    75
   76    35    35    87
   77    26    26    77
   78    26    26    77
   79    39    39    89
   80    23    23    73
   81     2     2    51
   82    34    34    82
   83     8     8    56
   84    48    48    96
   85    42    42    89
   86    19    19    66
   87     9     9    55
   88    36    36    82
   89    50    50    96
   90    42    42    88
   91    16    16    62
   92     2     2    47
   93    32    32    77
   94    43    43    87
   95    53    53    96
   96    38    38    81
   97    45    45    88
   98    33    33    75
   99    20    20    62
  100    40    40    82
  101    34    34    76
  102    26    26    68
  103    49    49    90
  104     2     2    43
  105    49    49    90
  106    57    57    97
  107    36    36    76
  108    45    45    84
  109    55    55    94
  110    43    43    81
  111    39    39    77
  112    36    36    74
  113    51    51    89
  114    23    23    61
  115    47    47    85
  116    50    50    88
  117    57    57    94
  118    62    62    99
  119    43    43    80
  120    42    42    79
  121    44    44    81
  122    59    59    95
  123    62    62    98
  124     2     2    38
  125    58    58    94
  126     8     8    44
  127    61    61    96
  128    47    47    82
  129    56    56    90
  130    26    26    60
  131    65    65    99
  132    43    43    77
  133     8     8    42
  134    18    18    52
  135    17    17    51
  136    27    27    61
  137    56    56    89
  138     5     5    38
  139    16    16    49
  140    65    65    98
  141    36    36    68
  142    55    55    87
  143    31    31    63
  144    65    65    97
  145    66    66    97
  146    68    68    99
  147    29    29    60
  148    23    23    54
  149    18    18    48
  150    43    43    73
  151    14    14    44
  152    68    68    98
  153     6     6    36
  154    41    41    71
  155    45    45    74
  156    36    36    65
  157    68    68    97
  158    53    53    82
  159    27    27    55
  160    23    23    51
  161    45    45    73
  162    52    52    80
  163    25    25    53
  164    15    15    43
  165    55    55    82
  166    17    17    44
  167    41    41    68
  168    71    71    98
  169    57    57    84
  170    64    64    91
  171    13    13    40
  172    59    59    86
  173    48    48    74
  174    47    47    73
  175    57    57    83
  176    58    58    84
  177    46    46    72
  178    62    62    88
  179    72    72    97
  180     5     5    30
  181    27    27    52
  182    46    46    71
  183    58    58    83
  184    21    21    46
  185    62    62    87
  186    50    50    75
  187     2     2    27
  188    73    73    98
  189    23    23    47
  190    73    73    97
  191    22    22    46
  192    69    69    93
  193    56    56    80
  194    41    41    64
  195    49    49    72
  196    56    56    79
  197    76    76    99
  198    48    48    71
  199    74    74    97
  200    20    20    43
  201    39    39    62
  202    54    54    77
  203    24    24    46
  204    24    24    46
  205    61    61    83
  206    15    15    37
  207    69    69    91
  208    76    76    98
  209    23    23    45
  210    54    54    76
  211    18    18    40
  212    73    73    95
  213    20    20    42
  214    68    68    90
  215    54    54    76
  216    67    67    88
  217     7     7    28
  218    30    30    51
  219     8     8    29
  220    48    48    68
  221    64    64    84
  222    25    25    45
  223    64    64    84
  224    18    18    38
  225    56    56    76
  226     7     7    27
  227    62    62    82
  228    72    72    92
  229    77    77    97
  230    46    46    66
  231    31    31    51
  232    73    73    93
  233    60    60    79
  234    43    43    62
  235    77    77    96
  236    77    77    96
  237    55    55    74
  238    71    71    90
  239    67    67    86
  240    79    79    97
  241    42    42    60
  242    66    66    84
  243    67    67    85
  244    26    26    44
  245    11    11    29
  246    64    64    82
  247    71    71    89
  248    67    67    85
  249    37    37    54
  250    20    20    37
  251    66    66    83
  252    78    78    95
  253    79    79    96
  254    30    30    47
  255    77    77    94
  256    54    54    71
  257    81    81    98
  258    69    69    86
  259    67    67    83
  260    63    63    79
  261    32    32    48
  262    77    77    93
  263    64    64    80
  264    83    83    99
  265    72    72    88
  266    37    37    53
  267    17    17    33
  268     1     1    17
  269    65    65    81
  270    72    72    87
  271    44    44    59
  272    19    19    34
  273    69    69    84
  274    84    84    99
  275    36    36    51
  276    56    56    71
  277    53    53    68
  278    82    82    97
  279    55    55    70
  280    26    26    40
  281    61    61    75
  282    27    27    41
  283    83    83    97
  284    61    61    75
  285    70    70    84
  286    34    34    48
  287    83    83    96
  288    71    71    84
  289    65    65    78
  290    69    69    82
  291    81    81    94
  292    53    53    66
  293    57    57    70
  294    69    69    82
  295    76    76    88
  296    80    80    92
  297    87    87    99
  298     2     2    14
  299    83    83    95
  300    18    18    30
  301    14    14    26
  302    27    27    39
  303    16    16    28
  304    66    66    78
  305    46    46    58
  306    55    55    67
  307    72    72    83
  308    31    31    42
  309    39    39    50
  310    28    28    39
  311    15    15    26
  312    76    76    87
  313     4     4    15
  314    49    49    60
  315    88    88    99
  316    70    70    81
  317    34    34    44
  318    85    85    95
  319    27    27    37
  320    58    58    68
  321    25    25    35
  322    44    44    54
  323    54    54    64
  324    22    22    32
  325    49    49    59
  326    81    81    91
  327    89    89    99
  328     4     4    13
  329    73    73    82
  330     1     1    10
  331    73    73    82
  332    73    73    82
  333    41    41    50
  334    14    14    23
  335    11    11    20
  336    66    66    75
  337     8     8    17
  338    61    61    70
  339    44    44    53
  340    82    82    91
  341    89    89    97
  342    65    65    73
  343    86    86    94
  344    57    57    65
  345    66    66    74
  346    55    55    63
  347    91    91    99
  348    62    62    70
  349    22    22    30
  350    44    44    52
  351    84    84    92
  352    88    88    96
  353    78    78    86
  354    81    81    89
  355    78    78    86
  356    68    68    76
  357    91    91    99
  358    86    86    94
  359    80    80    87
  360    92    92    99
  361    90    90    97
  362    11    11    18
  363    31    31    38
  364    51    51    58
  365    86    86    93
  366    61    61    68
  367    27    27    34
  368    90    90    97
  369    89    89    96
  370     3     3    10
  371    89    89    96
  372    74    74    81
  373    59    59    65
  374    76    76    82
  375    50    50    56
  376    17    17    23
  377    59    59    65
  378    90    90    96
  379    92    92    98
  380    91    91    97
  381    73    73    79
  382    78    78    84
  383    88    88    94
  384    93    93    99
  385     3     3     9
  386    43    43    49
  387    77    77    82
  388    63    63    68
  389    75    75    80
  390    63    63    68
  391    85    85    90
  392    33    33    38
  393    88    88    93
  394    42    42    47
  395    14    14    19
  396    90    90    95
  397    85    85    90
  398    84    84    89
  399    94    94    99
  400    92    92    97
  401    50    50    55
  402    89    89    94
  403    76    76    81
  404    43    43    47
  405    77    77    81
  406    94    94    98
  407     5     5     9
  408    95    95    99
  409    91    91    95
  410    28    28    32
  411    84    84    88
  412    89    89    93
  413    93    93    97
  414    91    91    95
  415    62    62    66
  416    79    79    83
  417    76    76    79
  418    92    92    95
  419    92    92    95
  420    56    56    59
  421    77    77    80
  422    96    96    99
  423    94    94    97
  424    82    82    85
  425    66    66    69
  426    59    59    62
  427    85    85    88
  428    77    77    80
  429    36    36    39
  430    87    87    90
  431    65    65    68
  432    50    50    53
  433    89    89    92
  434    96    96    99
  435     5     5     8
  436    96    96    99
  437    30    30    32
  438    96    96    98
  439    17    17    19
  440    74    74    76
  441    75    75    77
  442    93    93    95
  443    66    66    68
  444    95    95    97
  445    86    86    88
  446    97    97    99
  447    60    60    62
  448    93    93    95
  449    93    93    95
  450    91    91    93
  451    86    86    88
  452    89    89    91
  453    97    97    98
  454    21    21    22
  455    68    68    69
  456    50    50    51
  457    95    95    96
  458    36    36    37
  459    96    96    97
  460    41    41    42
  461    90    90    91
  462    95    95    96
  463    48    48    49
  464    92    92    93
  465    76    76    77
  466    96    96    97
  467    73    73    74
  468    94    94    95
  469    96    96    97
  470    98    98    99
  471    44    44    45
  472    82    82    83
  473    80    80    81
  474    94    94    94
  475    87    87    87
  476    73    73    73
  477    97    97    97
  478   100   100   100
  479    97    97    97
  480    84    84    84
  481    82    82    82
  482    79    79    79
  483    98    98    98
  484   100   100   100
  485   100   100   100
  486    65    65    65
  487    95    95    95
  488    99    99    99
  489    87    87    87
  490   100   100   100
  491     2     2     2
  492    47    47    47
  493    97    97    97
  494    91    91    91
  495    96    96    96
  496    99    99    99
  497    94    94    94
  498    98    98    98
  499    93    93    93
  100