  500
    0     6     1    97
    1     8     5    97
    2    20    10    99
    3     9     5    92
    4    13     5    91
    5    11     6    92
    6    10     8    92
    7     6     8    92
    8    18    10    94
    9    27    18    99
   10     1     5    85
   11    10    20    98
   12     1     8    85
   13    13    18    92
   14     1     3    76
   15    36    26    98
   16    10     2    73
   17    16    10    80
   18    18    21    90
   19    35    26    95
   20    19    21    89
   21    12     8    76
   22     1     2    70
   23    38    28    96
   24    17    21    87
   25    19    19    85
   26    15    22    87
   27     1     6    71
   28    26    33    97
   29    21    29    93
   30    33    29    92
   31     2     9    71
   32    12     8    70
   33    18    27    87
   34    33    40    99
   35    27    28    86
   36    16    18    76
   37    17    23    81
   38    38    31    88
   39    21    19    76
   40     7    10    66
   41    44    39    95
   42    44    39    95
   43    38    37    92
   44    25    21    76
   45     1     3    58
   46     2     4    58
   47     2     9    63
   48     9    19    72
   49    47    41    94
   50    29    28    80
   51    29    38    90
   52     3     1    53
   53    12    10    62
   54    32    41    92
   55    47    44    95
   56    46    40    89
   57     5     4    53
   58    18    23    72
   59    16    14    62
   60    40    46    94
   61     6     6    54
   62    17    21    68
   63    41    49    96
   64    36    35    82
   65    33    32    79
   66    21    12    59
   67    29    38    85
   68    31    41    87
   69    49    52    98
   70    30    33    79
   71    22    19    65
   72    34    40    86
   73    27    25    71
   74     8     2    48
   75    12    11    57
   76    16    17    63
   77    22    23    68
   78    61    53    98
   79    21    21    66
   80    29    20    65
   81    59    55    99
   82    17     8    52
   83    54    51    95
   84    40    46    90
   85    28    24    68
   86    47    41    84
   87     7    14    57
   88    46    56    98
   89    23    32    74
   90    45    36    78
   91    53    45    87
   92    51    41    83
   93    30    36    77
   94     1     4    45
   95    52    42    82
   96    55    56    96
   97    48    52    92
   98    50    40    79
   99    11    16    55
  100    15    13    52
  101    44    52    91
  102    28    28    67
  103    51    43    82
  104    48    57    96
  105    31    38    76
  106     1     9    47
  107    31    37    75
  108     6    13    51
  109     5    11    49
  110    47    56    94
  111    41    47    84
  112    65    55    92
  113     9     3    40
  114    40    38    75
  115    46    45    82
  116    19    22    59
  117    13    15    51
  118    10    19    55
  119    17    19    55
  120    38    46    82
  121    43    51    87
  122    15     8    43
  123    47    44    79
  124    67    65    99
  125    36    39    73
  126    21    15    49
  127    68    65    99
  128    13     7    41
  129    49    45    79
  130    63    55    88
  131    42    37    70
  132    42    49    82
  133    24    16    48
  134     2     8    40
  135    42    44    76
  136    57    66    98
  137    21    20    52
  138    48    54    86
  139    20    20    51
  140     1     2    33
  141    30    33    64
  142    16    19    50
  143    54    46    77
  144     1     5    36
  145    53    45    76
  146    31    32    63
  147    12    22    53
  148    20    24    55
  149    58    65    95
  150    33    43    73
  151    30    39    69
  152    59    64    94
  153    63    58    88
  154    60    68    98
  155    53    54    84
  156    67    60    90
  157    67    64    94
  158    32    36    66
  159    38    28    57
  160    38    48    77
  161    18    10    39
  162    67    60    89
  163    58    60    88
  164    38    40    68
  165    41    48    76
  166    60    57    85
  167    70    71    98
  168     1     4    31
  169    79    71    98
  170    77    72    99
  171    50    60    86
  172    67    73    99
  173    30    35    61
  174    66    58    84
  175    14    10    36
  176    76    73    99
  177    76    73    98
  178    31    38    63
  179    46    55    80
  180    76    73    98
  181    73    70    95
  182    81    73    98
  183    16    19    44
  184    16    24    48
  185    37    41    65
  186    23    20    44
  187    60    50    74
  188    57    56    80
  189    46    42    65
  190    81    76    99
  191    36    44    67
  192    52    50    73
  193    26    30    53
  194    35    32    55
  195    36    42    65
  196    60    65    88
  197    14    20    43
  198    75    76    98
  199    48    48    70
  200     1     3    25
  201    21    25    47
  202    48    50    72
  203    39    46    68
  204    55    56    78
  205    49    42    64
  206    55    61    83
  207    39    49    71
  208    68    61    82
  209     1     5    26
  210    31    29    50
  211    36    40    61
  212    55    50    71
  213    31    29    50
  214    26    25    46
  215    30    34    55
  216    49    54    75
  217    52    58    78
  218    71    62    82
  219    55    64    84
  220    71    63    83
  221    43    43    63
  222    65    74    94
  223    54    59    79
  224    84    74    94
  225    12     7    26
  226    39    38    57
  227    62    57    76
  228    34    27    46
  229    43    43    62
  230    54    55    74
  231    68    63    82
  232    54    59    78
  233    47    57    75
  234    16    15    33
  235    15    11    29
  236    65    60    78
  237    62    67    85
  238    55    55    73
  239    63    64    82
  240    16    15    32
  241    73    71    88
  242    62    69    86
  243     1    10    27
  244    84    80    97
  245    13    10    27
  246    85    81    97
  247    56    64    80
  248    68    69    85
  249    73    66    82
  250    43    51    67
  251    90    81    97
  252    62    65    81
  253    57    51    66
  254    66    68    83
  255    74    78    93
  256    63    55    70
  257    60    67    82
  258    64    68    83
  259     9     2    17
  260    77    84    99
  261    32    24    39
  262    56    65    80
  263    18    22    37
  264    63    65    79
  265    66    59    73
  266    45    51    65
  267    77    84    98
  268    86    82    96
  269    80    77    91
  270    49    56    70
  271    64    74    88
  272    73    74    88
  273    80    74    88
  274    71    74    88
  275    81    75    89
  276    55    57    70
  277     9     5    18
  278    59    52    65
  279    50    54    67
  280     8    10    23
  281    16    16    29
  282    76    84    96
  283     1     8    20
  284    77    74    86
  285    72    79    91
  286    81    86    98
  287    56    65    77
  288    65    55    67
  289    36    42    54
  290    14    20    32
  291    11     3    15
  292    24    32    43
  293    39    46    57
  294    76    82    93
  295    60    62    73
  296    68    74    85
  297    70    60    71
  298    88    85    96
  299    26    25    36
  300    89    81    92
  301    62    54    65
  302    54    63    74
  303    77    87    98
  304    91    83    94
  305    36    42    53
  306    37    47    57
  307    10     5    15
  308    62    67    77
  309    14    22    32
  310    90    88    98
  311    45    53    63
  312    74    73    83
  313    41    32    42
  314    77    73    83
  315    70    75    85
  316    66    75    85
  317     1     4    14
  318    67    75    84
  319    30    31    40
  320    63    62    71
  321    56    52    61
  322    82    87    96
  323    86    90    99
  324    84    80    89
  325    93    89    98
  326    67    69    78
  327    63    61    70
  328    39    39    48
  329    88    89    98
  330    75    66    75
  331    53    59    67
  332    98    89    97
  333    31    40    48
  334    84    87    95
  335    66    58    66
  336    24    27    35
  337   101    91    99
  338    33    38    46
  339    75    82    90
  340    82    91    99
  341    83    84    91
  342    74    81    88
  343    11    20    27
  344    54    64    71
  345    82    74    81
  346    91    91    98
  347    67    63    70
  348    71    78    85
  349    43    38    45
  350    82    91    98
  351    41    33    40
  352    11    17    24
  353    93    87    94
  354    79    82    89
  355    67    58    65
  356    80    83    90
  357    78    79    85
  358    85    80    86
  359    24    31    37
  360    96    88    94
  361    63    69    75
  362    81    84    90
  363     5    15    21
  364    95    91    97
  365    85    76    82
  366     3     2     8
  367    97    91    97
  368    80    81    87
  369    86    89    95
  370    53    52    58
  371     5     3     9
  372    83    79    85
  373    67    61    67
  374    35    44    50
  375    82    77    83
  376    65    55    61
  377    93    90    96
  378    96    90    96
  379    47    52    57
  380    89    94    99
  381   102    93    98
  382    57    67    72
  383    72    74    79
  384    16    13    18
  385    75    74    79
  386    96    94    99
  387    57    59    64
  388    96    91    96
  389    47    50    54
  390    66    70    74
  391   102    94    98
  392    77    72    76
  393    65    69    73
  394    62    55    59
  395    33    40    44
  396    64    71    75
  397    75    77    81
  398    89    81    85
  399    51    52    56
  400    93    85    89
  401    97    93    97
  402    80    87    91
  403    14     9    13
  404     5     9    13
  405    86    95    99
  406    84    91    95
  407     5     8    12
  408    35    34    38
  409    85    95    99
  410    77    81    85
  411    34    42    46
  412    88    89    92
  413    99    94    97
  414    96    87    90
  415   104    94    97
  416    96    90    93
  417    19    21    24
  418    37    30    33
  419    42    43    46
  420    91    92    95
  421    24    32    35
  422    97    93    96
  423    88    82    85
  424    96    89    92
  425    70    77    79
  426    30    21    23
  427    77    74    76
  428    29    34    36
  429    65    65    67
  430    87    96    98
  431    77    81    83
  432    95    96    98
  433     1     2     4
  434    80    88    90
  435   102    97    99
  436    42    51    53
  437   101    97    99
  438    68    70    72
  439   100    96    98
  440    90    94    96
  441    48    41    43
  442    50    57    59
  443    76    77    79
  444   102    94    96
  445    34    43    45
  446    77    70    72
  447    96    97    99
  448    65    68    70
  449    34    27    29
  450    64    55    57
  451     7     2     4
  452    96    97    99
  453    97    93    95
  454    91    97    98
  455    71    70    71
  456    89    96    97
  457    91    85    86
  458    23    15    16
  459    93    85    86
  460    93    86    87
  461    93    98    99
  462    53    47    48
  463    72    80    81
  464    35    40    41
  465    63    73    74
  466    75    65    66
  467    50    53    54
  468   102    96    97
  469   104    97    98
  470    64    72    73
  471    49    54    55
  472    98    96    97
  473    98    96    97
  474    94    92    92
  475    88    97    97
  476   105    97    97
  477    92   100   100
  478    90    99    99
  479   104    99    99
  480   106    97    97
  481   100   100   100
  482    68    70    70
  483    82    90    90
  484    99    97    97
  485    90    99    99
  486    98    91    91
  487   109   100   100
  488    67    76    76
  489   104    95    95
  490   103    95    95
  491    15    21    21
  492   102    99    99
  493    89    95    95
  494   108    98    98
  495    92   100   100
  496    97    99    99
  497    81    80    80
  498    97    97    97
  499    98    99    99
  100