  100
    0    24    14    98
    1    18     8    90
    2    17     7    88
    3    34    24    98
    4    15     5    77
    5    17     7    78
    6    37    27    98
    7    16     6    75
    8    30    20    85
    9    20    10    74
   10    40    30    93
   11    33    23    86
   12    47    37    95
   13    29    19    76
   14    51    41    93
   15    23    13    65
   16    36    26    77
   17    58    48    98
   18    44    34    82
   19    38    28    75
   20    22    12    59
   21    23    13    60
   22    45    35    81
   23    20    10    54
   24    55    45    89
   25    43    33    73
   26    71    61    99
   27    55    45    83
   28    17     7    45
   29    59    49    86
   30    57    47    82
   31    63    53    86
   32    32    22    54
   33    66    56    88
   34    64    54    85
   35    48    38    69
   36    51    41    71
   37    43    33    62
   38    50    40    67
   39    45    35    61
   40    48    38    64
   41    82    72    98
   42    67    57    83
   43    17     7    32
   44    63    53    78
   45    80    70    95
   46    19     9    33
   47    85    75    98
   48    82    72    95
   49    66    56    78
   50    53    43    65
   51    27    17    39
   52    37    27    48
   53    61    51    72
   54    61    51    71
   55    72    62    82
   56    62    52    72
   57    39    29    48
   58    76    66    85
   59    78    68    86
   60    91    81    98
   61    58    48    65
   62    70    60    76
   63    78    68    82
   64    84    74    88
   65    29    19    32
   66    35    25    37
   67    95    85    97
   68    90    80    92
   69    96    86    96
   70    98    88    97
   71    75    65    73
   72    92    82    90
   73    96    86    92
   74    44    34    40
   75   104    94    99
   76    54    44    49
   77   101    91    96
   78    64    54    59
   79    87    77    82
   80    59    49    54
   81    67    57    62
   82    75    65    70
   83    64    54    58
   84    75    65    69
   85    51    41    45
   86    96    86    90
   87   100    90    93
   88    30    20    23
   89    71    61    64
   90    98    88    90
   91   100    90    91
   92    46    36    37
   93   107    97    98
   94   103    93    93
   95    84    74    74
   96   101    91    91
   97   106    96    96
   98    98    88    88
   99    87    77    77
  100