  100
    0    21    11    87
    1    13     3    79
    2    13     3    75
    3    18     8    79
    4    32    22    91
    5    17     7    76
    6    34    24    87
    7    14     4    66
    8    37    27    88
    9    24    14    73
   10    12     2    60
   11    20    10    67
   12    31    21    71
   13    28    18    67
   14    36    26    74
   15    20    10    54
   16    61    51    94
   17    64    54    97
   18    22    12    54
   19    50    40    81
   20    48    38    78
   21    59    49    89
   22    63    53    93
   23    72    62    99
   24    71    61    97
   25    37    27    61
   26    14     4    37
   27    23    13    45
   28    70    60    92
   29    64    54    86
   30    15     5    37
   31    38    28    60
   32    79    69    99
   33    75    65    94
   34    28    18    47
   35    41    31    58
   36    49    39    66
   37    63    53    80
   38    30    20    46
   39    11     1    27
   40    67    57    82
   41    71    61    86
   42    57    47    72
   43    78    68    92
   44    71    61    85
   45    83    73    96
   46    72    62    82
   47    73    63    82
   48    78    68    87
   49    69    59    77
   50    89    79    96
   51    66    56    73
   52    93    83    99
   53    73    63    79
   54    92    82    97
   55    80    70    85
   56    67    57    72
   57    66    56    70
   58    88    78    92
   59    31    21    35
   60    81    71    85
   61    64    54    68
   62    82    72    85
   63    96    86    98
   64    77    67    79
   65    16     6    17
   66    93    83    92
   67    91    81    90
   68    91    81    89
   69    63    53    61
   70    65    55    63
   71    13     3    11
   72    97    87    95
   73    29    19    26
   74    77    67    73
   75    99    89    95
   76    91    81    87
   77    54    44    50
   78    87    77    83
   79   103    93    99
   80   104    94    99
   81    79    69    74
   82   104    94    99
   83   101    91    96
   84    84    74    77
   85   106    96    99
   86    45    35    38
   87   106    96    98
   88   106    96    97
   89    63    53    54
   90    40    30    31
   91   108    98    98
   92   109    99    99
   93    97    87    87
   94    24    14    14
   95    99    89    89
   96   110   100   100
   97   109    99    99
   98   106    96    96
   99    92    82    82
  100