 1000
    0    61     6    99
    1    96     3    96
    2     9     7    98
    3    24     2    93
    4    63     8    98
    5     1     2    92
    6    64     7    97
    7    72     4    93
    8    54     9    97
    9    92     5    92
   10   100     8    94
   11    70    12    97
   12    95     4    88
   13    82    15    99
   14    21     4    88
   15    44    13    96
   16    33     9    90
   17    25     7    88
   18    87     7    88
   19    71    14    94
   20    74    19    99
   21    10     3    83
   22    19    15    95
   23    22    16    96
   24    80    15    94
   25     4    11    90
   26    80     4    83
   27     1    13    92
   28    60    17    96
   29    62    13    91
   30    84    19    97
   31    34    20    97
   32     1     5    82
   33    52    15    92
   34     4     8    84
   35    39     3    79
   36    13     9    85
   37    66    15    90
   38    78     4    79
   39   100     6    80
   40    20     4    78
   41    88     4    78
   42    46    18    92
   43    79     8    82
   44    35    23    97
   45    53    12    86
   46    66     2    75
   47    64     5    78
   48    55    26    99
   49    99     3    76
   50    64     1    73
   51    41    25    97
   52    10    16    88
   53     9    20    92
   54    13    24    95
   55    45    17    88
   56     8    17    88
   57    16    13    83
   58    48    13    83
   59    57    18    88
   60     5    29    97
   61    97    20    88
   62    35     8    76
   63    95     3    71
   64    89    24    91
   65    42    12    79
   66    52     1    68
   67    43    18    84
   68    63     7    73
   69    89    10    76
   70    92    17    83
   71    51    18    83
   72    97    17    82
   73    59    32    97
   74     5    27    91
   75    19    32    96
   76    36    24    88
   77    46    29    92
   78    84    36    99
   79    15    28    91
   80    81    23    86
   81    65     7    70
   82    15    18    81
   83    96    29    91
   84    48    33    94
   85    61    31    92
   86    72    14    74
   87    50    13    73
   88    28    31    91
   89    43     9    69
   90    81     2    62
   91    38    34    93
   92    94    27    86
   93    82    32    91
   94    69    35    93
   95    27    16    74
   96    35     1    59
   97    32    41    98
   98     2    12    69
   99    19    37    94
  100    73    34    91
  101    51    23    80
  102    41    43    99
  103     9    43    99
  104    43    19    75
  105    96    22    78
  106    44    16    71
  107    24    23    78
  108     4    37    92
  109     5    39    94
  110    76    26    81
  111     4    22    77
  112    87    39    93
  113    60    37    91
  114     6    33    87
  115    97     7    61
  116    86    25    79
  117    31    39    93
  118    88    20    74
  119    26    14    67
  120    68    37    90
  121    10    36    89
  122    27     1    54
  123    47    44    97
  124    36    40    92
  125    89    12    64
  126    33    33    85
  127    91    47    99
  128    93    28    80
  129    74    42    94
  130    29    48    99
  131    87    44    95
  132    23    43    94
  133    57    23    74
  134    56    40    90
  135    21    15    65
  136    12     5    55
  137    67    23    73
  138    90    24    74
  139    12    45    95
  140    69    40    90
  141    94    17    67
  142    17     3    52
  143    40    20    69
  144    94    25    74
  145    31    43    92
  146    68     6    55
  147    84    31    80
  148    66    11    60
  149     6    11    60
  150    73     2    50
  151    62    13    61
  152    87    49    97
  153    52    41    89
  154    71    39    87
  155    31     6    54
  156    20    30    77
  157    97    42    89
  158    83     9    56
  159    63    50    97
  160    79    18    65
  161    12    21    68
  162    96    39    86
  163    18    20    67
  164     8     3    50
  165    78    10    56
  166    51    11    57
  167    62    11    57
  168    49    50    96
  169    69    19    65
  170     5    51    97
  171    19    52    98
  172    78    34    80
  173    56    52    98
  174    10    36    81
  175    56    28    73
  176    30    17    62
  177    20    30    75
  178    94    16    61
  179     4    30    75
  180     1    54    99
  181    90    10    55
  182     5    14    59
  183    87    15    60
  184    89    34    78
  185    60    22    66
  186     5    13    57
  187     5    32    76
  188    68    54    98
  189    38    27    71
  190    18    15    59
  191    51    43    87
  192    66    14    58
  193     3    37    81
  194    76    41    85
  195    47    31    75
  196    16    46    90
  197    59    38    82
  198    49    11    55
  199    11     7    50
  200    87    29    72
  201     8    50    93
  202    25     9    52
  203    45    38    80
  204    43    49    91
  205    67    12    54
  206    78    34    76
  207     6    16    58
  208    49    52    94
  209    15    27    69
  210    49    31    73
  211    71    30    71
  212     5    54    95
  213    42    29    70
  214    79    28    69
  215    81    23    64
  216    24    22    63
  217    85    34    75
  218    89    36    77
  219    26    56    97
  220    97    11    52
  221    31     2    42
  222    30    50    90
  223    54    59    99
  224    19    55    95
  225    80    20    60
  226    24    51    91
  227    86    22    62
  228    62    46    85
  229    46    56    95
  230    41     6    45
  231    65    58    97
  232    14     4    43
  233    87    43    82
  234    32    10    49
  235    78    37    75
  236    20    61    99
  237    60    58    96
  238   100    58    96
  239    63    50    88
  240     8    43    81
  241    50    36    74
  242    63    49    87
  243    79     7    45
  244    88    15    53
  245    71    58    95
  246    35    58    95
  247    83    47    84
  248    72    30    67
  249    71    29    66
  250    11    16    53
  251     8    62    99
  252    81    63    99
  253    76    29    65
  254    70    50    86
  255    87    55    91
  256    87    35    71
  257    82    51    87
  258    53    11    47
  259    97     3    39
  260    46     1    36
  261    71    48    83
  262    13    63    98
  263    67    47    82
  264    95    29    64
  265    56    61    96
  266    73    60    95
  267    39    27    62
  268    75    60    95
  269    43    64    99
  270   100    13    48
  271    63    15    50
  272    57    16    51
  273    66    53    88
  274    52    54    88
  275    83    39    73
  276     2     7    41
  277    45    37    71
  278    11    32    66
  279    69    57    91
  280    37    15    49
  281    87    32    65
  282    36     7    40
  283    72    10    43
  284    77    29    62
  285    25    19    52
  286     8    17    50
  287    43    10    43
  288    44    56    88
  289    86    47    79
  290    14    53    85
  291    22    34    66
  292    18    14    46
  293   100    54    86
  294     9    26    58
  295     2    18    50
  296    64    23    55
  297    31    32    64
  298    52    33    65
  299    22    14    46
  300    88    62    94
  301    70    11    43
  302    28    56    87
  303    68    44    75
  304     2    44    75
  305    85    64    95
  306    70    55    86
  307    75    19    50
  308     9    63    94
  309     6    57    88
  310    90    55    86
  311     9    36    67
  312    41    58    89
  313    26     1    32
  314     2    49    80
  315    70    53    83
  316    70     6    36
  317    94    15    45
  318    21    68    98
  319    13    36    66
  320   100    48    78
  321    27     5    35
  322    91    54    84
  323    26    30    60
  324    70    30    60
  325    28    49    79
  326    60    68    98
  327    32    63    93
  328    57    56    85
  329    93    12    41
  330     3    43    72
  331    45    67    96
  332    82    66    95
  333    12    60    89
  334    91    45    74
  335    91     8    37
  336    16     9    38
  337    43    51    80
  338    90    60    89
  339    92    54    83
  340    52    22    51
  341    24    42    70
  342    66    69    97
  343    95    71    99
  344    53    70    98
  345    25    68    96
  346    61     5    33
  347    95    65    93
  348    13    20    47
  349    26    56    83
  350    84    58    85
  351    44    53    80
  352    46    39    66
  353    35    38    65
  354    32    64    91
  355    41    11    38
  356     7    16    43
  357    70    54    81
  358    56     8    35
  359    95    55    82
  360     8    48    75
  361    44    38    65
  362    54     8    34
  363    68    70    96
  364    18    71    97
  365    32    49    75
  366    48    28    54
  367    54     6    32
  368    44    16    42
  369    36    71    97
  370    65    21    47
  371    11    60    86
  372    93    68    94
  373    32    58    84
  374    47    48    73
  375    58     4    29
  376     2    65    90
  377    15    14    39
  378     3    71    96
  379    42    22    47
  380    98    29    54
  381    78    48    73
  382    31    58    83
  383    86    56    81
  384     9     2    27
  385    20    60    85
  386    98    50    74
  387    74    60    84
  388    62    38    62
  389    88    73    97
  390    95    28    52
  391    19    19    43
  392    82    71    95
  393    43    68    92
  394    10    49    73
  395     3    38    62
  396    81    64    88
  397    62    37    61
  398     5    63    87
  399    41    72    96
  400    40    56    80
  401    79    25    49
  402     7    39    63
  403    97     9    33
  404    94    22    46
  405    61    22    46
  406    99    50    74
  407    90    71    95
  408    95    35    58
  409    67    25    48
  410    40    22    45
  411    61    40    63
  412    26    73    96
  413    56    46    69
  414    53    72    95
  415    86    74    97
  416    33    61    84
  417     5    67    90
  418    50    46    69
  419    55    68    91
  420    87    65    88
  421    87    68    91
  422    15    32    55
  423    87    76    98
  424    75    60    82
  425    23    75    97
  426    11    55    77
  427    84    30    52
  428    10    29    51
  429    35    67    89
  430    75    67    89
  431    95     4    26
  432    13    73    95
  433    78    64    86
  434    47    19    41
  435    86    71    92
  436    97    10    31
  437     3    53    74
  438    37    78    99
  439    40    42    63
  440    91    55    76
  441    34    31    52
  442    67    58    79
  443    70    68    89
  444    99    45    65
  445    28    76    96
  446    78    28    48
  447    70     6    26
  448    27    22    42
  449    84    72    92
  450    59    73    93
  451    91    59    79
  452    14    62    82
  453    27    74    94
  454    17    43    63
  455    76    77    97
  456    58    68    88
  457    76    34    54
  458    92    70    90
  459    89    53    73
  460    71    79    99
  461    26    51    70
  462    33    48    67
  463    82    61    80
  464    80     3    22
  465    11     8    27
  466    56    61    80
  467    42     6    25
  468    35    13    32
  469     2     7    26
  470     2    43    62
  471    55    42    61
  472   100    45    64
  473    28    38    56
  474    95    19    37
  475    97    64    82
  476    96    65    83
  477    13    16    34
  478    22    35    53
  479    98    80    98
  480    33    48    66
  481    55    52    70
  482     4    29    47
  483    33    13    31
  484    65    78    96
  485    61    53    71
  486    24    35    53
  487    72    58    76
  488    74    73    91
  489    26    32    50
  490    81    15    33
  491    32    59    77
  492    29    75    92
  493    67    54    71
  494    93    50    67
  495    19    80    97
  496    58    72    89
  497    98    47    64
  498    79    65    82
  499    58    52    69
  500    36    65    82
  501    70    76    93
  502     5    77    94
  503    63    68    85
  504    97    66    83
  505    22    78    95
  506    69    22    39
  507    24    56    73
  508    42    11    28
  509    50    82    99
  510    99    57    74
  511    32    42    59
  512    17    77    94
  513    95    69    86
  514     7    69    86
  515     1    47    64
  516    24    69    85
  517    31    12    28
  518    10    63    79
  519    99    38    54
  520     3    14    30
  521    23    53    69
  522    79    38    54
  523    29    40    56
  524    54    54    70
  525    85    79    95
  526     5     6    22
  527    98    81    96
  528    44    23    38
  529    35    78    93
  530    64     4    19
  531    73    62    77
  532    77    33    48
  533   100    22    37
  534    77    13    28
  535    35    81    96
  536    43    80    95
  537    94    72    87
  538    17    81    96
  539    37    58    73
  540    98    82    97
  541    39    73    88
  542    79    82    97
  543    88    53    68
  544    34    78    93
  545     3    49    64
  546     5    65    80
  547    14    49    64
  548   100    77    92
  549    85    36    51
  550    77    20    35
  551    70    57    71
  552    11    32    46
  553    17    18    32
  554    59    24    38
  555    46    85    99
  556    27    81    95
  557     7    81    95
  558    41    67    81
  559    84     5    19
  560    82    67    81
  561     1    58    72
  562     6    65    79
  563    39    39    53
  564    13    58    72
  565    40    65    79
  566    13    33    47
  567    68    67    81
  568    34    25    39
  569     1    26    40
  570    32    55    69
  571    60    74    88
  572    96    56    69
  573    17    20    33
  574    91    75    88
  575    89    62    75
  576    45    16    29
  577     8    12    25
  578    88    83    96
  579    11    44    57
  580    84    11    24
  581    30    69    82
  582    91    59    72
  583    10    77    90
  584    40    49    62
  585     6    21    34
  586    96    66    79
  587    71    56    69
  588    96    28    41
  589    48    81    94
  590    47    84    96
  591    48    72    84
  592    17    16    28
  593    71     8    20
  594    82    38    50
  595    71    51    63
  596     9    42    54
  597    92    26    38
  598    33    87    99
  599    60    75    87
  600    96    45    57
  601    69    65    77
  602    81    59    71
  603    92     5    17
  604    40    37    49
  605    26     2    14
  606    24    51    63
  607    20    19    31
  608    33    61    73
  609    95    87    99
  610     9    83    95
  611    58    73    84
  612    43    85    96
  613    81    31    42
  614    88    77    88
  615    64    72    83
  616    73    75    86
  617    65    34    45
  618    31    73    84
  619     9    82    93
  620    47    64    75
  621    61    83    94
  622    27    71    82
  623    39    50    61
  624     7    84    95
  625    67     9    20
  626    12    80    91
  627    35    81    92
  628    51    88    99
  629    79    68    79
  630    43     6    17
  631    88    64    75
  632    64    65    76
  633    94    69    80
  634     5    63    74
  635    29    85    96
  636    87    19    30
  637    94    66    77
  638     9    60    71
  639    12    88    99
  640    65    84    94
  641    21    89    99
  642    72    84    94
  643    88    89    99
  644    15    82    92
  645    92     5    15
  646    40    89    99
  647     1    77    87
  648    38    49    59
  649    67    85    95
  650     5    38    48
  651    57    52    62
  652    79    76    86
  653    41    88    98
  654    65    28    38
  655    20     5    14
  656    50    81    90
  657    41    37    46
  658    91    89    98
  659    96    62    71
  660    98    56    65
  661     8    85    94
  662    12    62    71
  663    60    52    61
  664    13    38    47
  665    28    33    42
  666    53    86    95
  667    47    58    67
  668    28    78    87
  669    28    39    48
  670    81    66    75
  671    72    90    99
  672    98    68    77
  673    46    67    76
  674     1    44    53
  675    98    29    38
  676     6     2    11
  677    40    21    30
  678    72    41    50
  679    93    67    76
  680    87    71    80
  681    64    84    93
  682    88    71    80
  683    22    90    98
  684     4    33    41
  685    79    65    73
  686    45    35    43
  687    33    85    93
  688    19    90    98
  689    32    84    92
  690    89    73    81
  691    55    89    97
  692    27    75    83
  693    67    58    66
  694    36    85    93
  695    39    78    86
  696     1    47    55
  697    83    32    40
  698    76    68    76
  699    72     7    15
  700    88    87    95
  701    82    87    95
  702    66    59    67
  703    28    87    95
  704     6    90    98
  705    96    91    99
  706     2    88    95
  707    29    75    82
  708    99    68    75
  709    68    70    77
  710    50    37    44
  711    33    82    89
  712    46    74    81
  713    97    49    56
  714    44    73    80
  715    35    82    89
  716    78    39    46
  717    19    47    54
  718    22    89    96
  719    31    42    49
  720    13    30    37
  721    43    59    66
  722    19    84    91
  723    53    71    78
  724    70    53    60
  725     6    77    84
  726    12    63    70
  727    12    82    89
  728    90    87    94
  729    35    92    99
  730    91    71    78
  731    26    91    98
  732    83    88    95
  733    21    31    38
  734    27    52    59
  735    71    66    73
  736    31    90    97
  737    79    21    28
  738    76    91    98
  739    80    83    90
  740    90    63    70
  741    38    91    98
  742    56    82    89
  743    74    92    98
  744    45     4    10
  745    35    62    68
  746    14    60    66
  747    92    19    25
  748    93    48    54
  749    77    60    66
  750    88    92    98
  751    21    60    66
  752    63    90    96
  753    55    85    91
  754     8    84    90
  755    24    65    71
  756    93    83    89
  757    24    89    95
  758    35    76    82
  759    29    93    99
  760    53    45    51
  761    43    85    91
  762    67    76    82
  763    63    87    93
  764    32    80    86
  765     4    91    97
  766    86    81    87
  767    80    77    83
  768    28    77    83
  769    52    81    87
  770     4    85    91
  771     9    17    23
  772    46    90    96
  773    96    89    95
  774    82    59    65
  775    80    16    21
  776    71    42    47
  777    21    83    88
  778    26    54    59
  779    44    82    87
  780    11    92    97
  781    14    92    97
  782    22    89    94
  783    17    25    30
  784    60    34    39
  785    77    37    42
  786    95    51    56
  787    83    69    74
  788    43    92    97
  789    24    82    87
  790    86    16    21
  791    65    22    27
  792     3    93    98
  793    71    82    87
  794    60    12    17
  795    30    91    96
  796    38    54    59
  797    55    69    74
  798    86    76    81
  799    75    92    97
  800    94    25    30
  801    56    90    94
  802     8    94    98
  803    17    91    95
  804     8    75    79
  805    61    86    90
  806    64     7    11
  807    82    86    90
  808    67    85    89
  809    70    71    75
  810    75    36    40
  811    20    82    86
  812    91    95    99
  813    48    46    50
  814    36    33    37
  815    90    64    68
  816    56    91    95
  817    74    10    14
  818    35    94    98
  819     7    84    88
  820    33    93    97
  821    91    57    61
  822   100    53    57
  823     9    83    87
  824    42    92    96
  825     5    92    96
  826    57    84    88
  827    87    26    30
  828    12    93    97
  829     3    14    18
  830    33    58    62
  831     5    85    89
  832    50    38    42
  833    99    93    97
  834    12    12    16
  835     8    87    91
  836    29    92    96
  837    95    79    83
  838    43    23    26
  839    95    91    94
  840    37    59    62
  841    75    41    44
  842    49     5     8
  843    20    91    94
  844    93    93    96
  845     6    96    99
  846    75    93    96
  847    63    59    62
  848    15    95    98
  849    10    71    74
  850     6    54    57
  851    58    59    62
  852    68    41    44
  853    82    79    82
  854    74    24    27
  855    42    73    76
  856     8    96    99
  857     5    72    75
  858    15    15    18
  859    22    60    63
  860    39    50    53
  861    46    92    95
  862    79    80    83
  863    93    94    97
  864    42    95    98
  865    58    86    89
  866    46    94    97
  867     9    94    97
  868    22    56    59
  869    86    26    29
  870    23    52    55
  871     5    81    84
  872    29    96    99
  873     8    31    33
  874    69    92    94
  875    14    39    41
  876    91    90    92
  877    58    94    96
  878    83    55    57
  879    21    84    86
  880    88    63    65
  881    76    97    99
  882    62    75    77
  883    21    78    80
  884    74    88    90
  885    92    97    99
  886     3    91    93
  887    47    42    44
  888    75    96    98
  889    51    85    87
  890    55    63    65
  891    10    93    95
  892    85    97    99
  893    76    97    99
  894    27    29    31
  895    48    94    96
  896    47    85    87
  897    17    10    12
  898     9    83    85
  899    43    94    96
  900    76    93    95
  901    34    21    23
  902    17    96    98
  903    95    94    96
  904    17    30    31
  905    92    88    89
  906    65    40    41
  907    10    70    71
  908    55    18    19
  909    20     2     3
  910    21    44    45
  911    89    39    40
  912    49    72    73
  913    86    97    98
  914    42    69    70
  915    13    87    88
  916    59    46    47
  917    78    96    97
  918    36    46    47
  919     2    63    64
  920    87    98    99
  921    22    90    91
  922    82    61    62
  923    17    42    43
  924    90    62    63
  925    54    96    97
  926    11    96    97
  927    80    65    66
  928    33    92    93
  929    37    88    89
  930    26    40    41
  931    57    81    82
  932    14    96    97
  933    59    34    35
  934    70    69    70
  935    81    96    97
  936    60    98    99
  937    14    88    89
  938    54     7     8
  939     7    94    95
  940    31     8     9
  941    46    97    98
  942    56    88    89
  943    48    93    94
  944    61    97    97
  945    66    96    96
  946    93    79    79
  947    38    98    98
  948    44    98    98
  949    93    42    42
  950    15    98    98
  951    60   100   100
  952    84    99    99
  953    61    15    15
  954    60   100   100
  955    10    97    97
  956    14    97    97
  957     2   100   100
  958    72    88    88
  959    86   100   100
  960    69   100   100
  961    49    43    43
  962    49    91    91
  963    85    96    96
  964    98    99    99
  965    75    99    99
  966    79    94    94
  967    70    57    57
  968    49    84    84
  969    11    76    76
  970    63    99    99
  971    12    51    51
  972    34    98    98
  973    86   100   100
  974    64    98    98
  975    33    97    97
  976    88   100   100
  977    92    99    99
  978     6    21    21
  979    73   100   100
  980    61    99    99
  981     2   100   100
  982    17    99    99
  983    66    79    79
  984    92    78    78
  985    30    98    98
  986    89   100   100
  987    92    87    87
  988    38    99    99
  989    95    84    84
  990    31    99    99
  991    38    99    99
  992    62    99    99
  993    38    93    93
  994    11   100   100
  995    56    97    97
  996    21    10    10
  997    22    97    97
  998    89    68    68
  999    97   100   100
  100