 1000
    0     2     2    99
    1     3     3    95
    2     2     2    91
    3    11    11    99
    4     2     2    89
    5     3     3    90
    6    11    11    97
    7     2     2    88
    8    12    12    97
    9     9     9    93
   10    15    15    97
   11    15    15    96
   12     8     8    88
   13     1     1    81
   14     9     9    89
   15    19    19    99
   16    18    18    98
   17    17    17    96
   18     9     9    87
   19    12    12    89
   20    22    22    99
   21    11    11    87
   22    15    15    91
   23    18    18    94
   24    18    18    93
   25    20    20    93
   26     2     2    75
   27     3     3    75
   28    20    20    91
   29     9     9    80
   30    23    23    94
   31     8     8    78
   32     6     6    76
   33    21    21    91
   34     5     5    75
   35    26    26    95
   36    14    14    83
   37    23    23    92
   38    12    12    81
   39    19    19    87
   40    25    25    93
   41    21    21    88
   42    23    23    90
   43     2     2    69
   44    25    25    92
   45    21    21    87
   46     3     3    69
   47    23    23    89
   48    14    14    80
   49    23    23    89
   50     9     9    74
   51    28    28    93
   52    24    24    89
   53    23    23    87
   54    34    34    98
   55    10    10    74
   56    23    23    87
   57    21    21    85
   58    26    26    90
   59    30    30    93
   60    20    20    83
   61    26    26    89
   62    19    19    82
   63    19    19    82
   64    36    36    99
   65    20    20    83
   66    29    29    91
   67    36    36    98
   68    21    21    83
   69    35    35    97
   70     8     8    69
   71    33    33    94
   72    25    25    86
   73    22    22    83
   74    38    38    99
   75    17    17    78
   76    28    28    89
   77    26    26    87
   78    31    31    91
   79    33    33    93
   80    24    24    83
   81    14    14    73
   82    35    35    94
   83    27    27    86
   84    33    33    92
   85    28    28    87
   86    21    21    79
   87    14    14    72
   88     6     6    64
   89    13    13    71
   90    11    11    69
   91    32    32    90
   92    36    36    93
   93     9     9    66
   94    18    18    75
   95    21    21    78
   96    36    36    92
   97    32    32    88
   98    26    26    82
   99    29    29    85
  100    27    27    83
  101    33    33    89
  102     9     9    65
  103     9     9    64
  104    40    40    95
  105    27    27    82
  106    29    29    84
  107    38    38    93
  108    20    20    75
  109    31    31    85
  110    15    15    69
  111    36    36    90
  112    45    45    99
  113    19    19    73
  114     4     4    58
  115    24    24    78
  116     6     6    59
  117    33    33    86
  118    32    32    85
  119     5     5    57
  120    43    43    95
  121    32    32    84
  122    34    34    86
  123    46    46    98
  124    24    24    76
  125    45    45    96
  126    20    20    71
  127     2     2    53
  128    45    45    96
  129    37    37    88
  130    47    47    98
  131    45    45    96
  132    29    29    80
  133    25    25    76
  134    35    35    86
  135    31    31    81
  136    36    36    86
  137    45    45    95
  138    28    28    78
  139    18    18    68
  140    20    20    70
  141    21    21    71
  142     1     1    51
  143    31    31    80
  144    41    41    90
  145    47    47    96
  146    42    42    91
  147     8     8    57
  148    48    48    97
  149    27    27    76
  150    23    23    72
  151    49    49    98
  152    21    21    70
  153     8     8    57
  154    34    34    82
  155     7     7    55
  156    49    49    97
  157     5     5    53
  158    38    38    86
  159    44    44    92
  160    50    50    98
  161    44    44    92
  162     5     5    53
  163    16    16    64
  164    34    34    82
  165    39    39    87
  166    36    36    84
  167    41    41    89
  168    50    50    98
  169    22    22    70
  170    52    52    99
  171    39    39    86
  172    39    39    86
  173    11    11    57
  174    18    18    64
  175    48    48    94
  176    47    47    93
  177    52    52    98
  178    34    34    79
  179    48    48    93
  180    54    54    99
  181    34    34    79
  182    35    35    80
  183    51    51    96
  184    27    27    72
  185    43    43    88
  186    45    45    90
  187    39    39    84
  188     9     9    54
  189    34    34    79
  190    18    18    62
  191    21    21    65
  192     3     3    47
  193    30    30    74
  194    51    51    95
  195    42    42    86
  196     4     4    48
  197    30    30    74
  198    25    25    69
  199    53    53    97
  200     9     9    52
  201    55    55    98
  202    30    30    73
  203    40    40    83
  204    24    24    67
  205    12    12    54
  206    36    36    78
  207    20    20    62
  208    56    56    98
  209    47    47    89
  210    28    28    69
  211    18    18    59
  212    57    57    98
  213    16    16    57
  214    58    58    99
  215    36    36    77
  216    19    19    60
  217    55    55    96
  218    14    14    55
  219    52    52    93
  220    42    42    82
  221    13    13    53
  222    52    52    92
  223    44    44    84
  224    25    25    65
  225    11    11    51
  226    33    33    73
  227    52    52    92
  228    45    45    85
  229    46    46    86
  230    40    40    80
  231    56    56    96
  232    35    35    75
  233    55    55    94
  234     2     2    41
  235    30    30    69
  236    33    33    72
  237    48    48    87
  238    44    44    83
  239    31    31    70
  240    29    29    68
  241    13    13    52
  242    38    38    77
  243    57    57    96
  244     5     5    44
  245    27    27    65
  246    37    37    75
  247    45    45    83
  248    60    60    98
  249    58    58    96
  250    61    61    99
  251    31    31    69
  252    42    42    80
  253    49    49    86
  254    61    61    98
  255    19    19    56
  256    36    36    73
  257     6     6    43
  258    38    38    75
  259    57    57    94
  260    61    61    98
  261    55    55    92
  262    57    57    94
  263    51    51    88
  264    57    57    94
  265    45    45    82
  266    32    32    69
  267    20    20    57
  268     6     6    43
  269    45    45    81
  270    41    41    77
  271    30    30    66
  272    55    55    91
  273    62    62    98
  274    28    28    64
  275     9     9    45
  276    44    44    79
  277    61    61    96
  278    42    42    77
  279    63    63    98
  280     2     2    37
  281    49    49    84
  282    10    10    44
  283    50    50    84
  284    24    24    58
  285    17    17    51
  286    56    56    90
  287    45    45    79
  288    51    51    85
  289    63    63    97
  290     4     4    38
  291    18    18    52
  292    36    36    70
  293    58    58    92
  294    18    18    52
  295    19    19    53
  296    21    21    55
  297     3     3    37
  298    50    50    84
  299    40    40    73
  300    36    36    69
  301    27    27    60
  302    59    59    92
  303     2     2    35
  304    65    65    97
  305     7     7    39
  306    34    34    66
  307    51    51    83
  308    48    48    80
  309    34    34    66
  310    11    11    43
  311     8     8    40
  312    50    50    82
  313    56    56    88
  314    66    66    98
  315    48    48    80
  316     6     6    38
  317    61    61    93
  318    45    45    77
  319    22    22    53
  320    51    51    82
  321    66    66    97
  322    36    36    67
  323     1     1    32
  324    22    22    53
  325    61    61    92
  326    19    19    50
  327    35    35    66
  328    54    54    85
  329    65    65    95
  330    31    31    61
  331    55    55    85
  332     7     7    37
  333    29    29    59
  334    64    64    94
  335    55    55    84
  336    59    59    88
  337    44    44    73
  338    14    14    43
  339    64    64    93
  340    49    49    78
  341    28    28    57
  342    68    68    97
  343    20    20    49
  344    48    48    77
  345    67    67    96
  346    28    28    57
  347    20    20    49
  348    67    67    96
  349     9     9    38
  350    21    21    50
  351    39    39    67
  352    59    59    87
  353    41    41    69
  354    47    47    75
  355    59    59    87
  356    46    46    74
  357    52    52    80
  358    69    69    97
  359    60    60    88
  360    50    50    78
  361    49    49    77
  362    15    15    42
  363    32    32    59
  364    69    69    96
  365    67    67    94
  366    59    59    86
  367    68    68    95
  368    62    62    89
  369    28    28    55
  370    48    48    75
  371    70    70    97
  372    49    49    76
  373    27    27    53
  374    31    31    57
  375    23    23    49
  376    22    22    48
  377    19    19    45
  378    51    51    77
  379    54    54    80
  380    54    54    80
  381    68    68    94
  382    12    12    38
  383    10    10    36
  384    62    62    88
  385    37    37    62
  386    74    74    99
  387    74    74    99
  388    72    72    97
  389    23    23    48
  390    36    36    61
  391    38    38    63
  392    60    60    85
  393     9     9    34
  394    73    73    98
  395    54    54    79
  396    69    69    94
  397    73    73    98
  398    48    48    73
  399    23    23    47
  400    72    72    96
  401    36    36    60
  402    67    67    91
  403    72    72    96
  404     5     5    29
  405    60    60    84
  406    66    66    90
  407    60    60    84
  408    47    47    71
  409    73    73    96
  410    44    44    67
  411    45    45    68
  412    61    61    84
  413    20    20    43
  414    35    35    58
  415    73    73    96
  416    59    59    82
  417    27    27    50
  418     7     7    30
  419    76    76    98
  420    49    49    71
  421    77    77    99
  422    69    69    91
  423    14    14    36
  424    65    65    87
  425    38    38    60
  426    69    69    91
  427    41    41    63
  428    70    70    92
  429    32    32    54
  430    60    60    82
  431    58    58    80
  432    75    75    97
  433    24    24    46
  434    42    42    64
  435    18    18    40
  436    65    65    86
  437    26    26    47
  438    52    52    73
  439    67    67    88
  440    33    33    54
  441    53    53    74
  442    24    24    45
  443    65    65    86
  444    78    78    99
  445    15    15    36
  446    42    42    63
  447     6     6    27
  448    75    75    95
  449    71    71    91
  450    79    79    99
  451    76    76    96
  452    41    41    61
  453    73    73    93
  454    78    78    98
  455    41    41    61
  456    22    22    42
  457    63    63    83
  458    54    54    74
  459    24    24    44
  460    13    13    33
  461    42    42    61
  462    48    48    67
  463    74    74    93
  464    47    47    66
  465    65    65    84
  466    20    20    39
  467    23    23    42
  468    16    16    35
  469    73    73    92
  470    50    50    69
  471    57    57    76
  472     4     4    23
  473    77    77    96
  474    74    74    93
  475    16    16    35
  476    54    54    73
  477    80    80    99
  478    67    67    86
  479    58    58    77
  480    22    22    40
  481    74    74    92
  482    50    50    68
  483    21    21    39
  484    41    41    59
  485    81    81    99
  486    62    62    80
  487    50    50    68
  488    57    57    75
  489    26    26    44
  490    55    55    73
  491    53    53    71
  492    58    58    76
  493    10    10    28
  494    72    72    90
  495    52    52    70
  496    76    76    94
  497    80    80    98
  498    55    55    73
  499    63    63    81
  500    40    40    57
  501    71    71    88
  502    37    37    54
  503    69    69    86
  504    80    80    97
  505    80    80    97
  506    82    82    99
  507    37    37    54
  508    54    54    71
  509    40    40    57
  510     6     6    23
  511    70    70    87
  512    14    14    30
  513    49    49    65
  514    71    71    87
  515    18    18    34
  516    75    75    91
  517     2     2    18
  518    35    35    51
  519    51    51    67
  520    39    39    55
  521    11    11    27
  522    50    50    66
  523    81    81    97
  524    67    67    83
  525    82    82    98
  526    74    74    90
  527    74    74    90
  528    58    58    74
  529    69    69    85
  530    61    61    76
  531    60    60    75
  532    56    56    71
  533    24    24    39
  534    72    72    87
  535    56    56    71
  536    83    83    98
  537    54    54    69
  538    35    35    50
  539    82    82    97
  540    25    25    40
  541    63    63    78
  542    83    83    98
  543    43    43    58
  544    31    31    46
  545    80    80    95
  546    19    19    34
  547    74    74    89
  548    34    34    49
  549    56    56    71
  550    65    65    80
  551    84    84    98
  552    72    72    86
  553    84    84    98
  554    70    70    84
  555    10    10    24
  556    83    83    97
  557    58    58    72
  558    81    81    95
  559    76    76    90
  560     8     8    22
  561    56    56    70
  562    78    78    92
  563    81    81    95
  564    65    65    79
  565    29    29    43
  566    60    60    74
  567    22    22    35
  568    69    69    82
  569    11    11    24
  570    69    69    82
  571    86    86    99
  572    30    30    43
  573    67    67    80
  574    74    74    87
  575    40    40    53
  576    44    44    57
  577    62    62    75
  578    86    86    99
  579    72    72    85
  580    77    77    90
  581    78    78    91
  582    58    58    71
  583    32    32    45
  584    84    84    97
  585     5     5    18
  586    71    71    84
  587    56    56    69
  588    56    56    68
  589    12    12    24
  590     5     5    17
  591    43    43    55
  592    13    13    25
  593    82    82    94
  594    66    66    78
  595    54    54    66
  596    80    80    92
  597    87    87    99
  598    82    82    94
  599    59    59    71
  600     8     8    20
  601    74    74    86
  602    60    60    72
  603    77    77    89
  604    88    88    99
  605    68    68    79
  606    73    73    84
  607    87    87    98
  608    16    16    27
  609    57    57    68
  610    60    60    71
  611    51    51    62
  612    32    32    43
  613    81    81    92
  614    25    25    36
  615    67    67    78
  616    39    39    50
  617    60    60    71
  618    10    10    21
  619    42    42    53
  620    57    57    68
  621    20    20    31
  622    84    84    95
  623    21    21    32
  624    78    78    89
  625    67    67    78
  626    42    42    53
  627    84    84    95
  628    88    88    98
  629    70    70    80
  630    68    68    78
  631    24    24    34
  632    37    37    47
  633    71    71    81
  634    88    88    98
  635    59    59    69
  636     4     4    14
  637    47    47    57
  638    70    70    80
  639    12    12    22
  640    87    87    97
  641    31    31    41
  642    84    84    94
  643    85    85    95
  644    37    37    47
  645    39    39    49
  646    54    54    64
  647    60    60    70
  648    71    71    80
  649     8     8    17
  650    28    28    37
  651    64    64    73
  652    52    52    61
  653    85    85    94
  654    87    87    96
  655    89    89    98
  656    84    84    93
  657     3     3    12
  658    84    84    93
  659    48    48    57
  660    57    57    66
  661    70    70    79
  662    75    75    84
  663    80    80    89
  664    90    90    99
  665     4     4    13
  666    19    19    28
  667    63    63    72
  668    41    41    50
  669    54    54    63
  670    41    41    50
  671    46    46    55
  672    88    88    97
  673    90    90    98
  674    56    56    64
  675    91    91    99
  676    64    64    72
  677    43    43    51
  678    36    36    44
  679    70    70    78
  680    89    89    97
  681    89    89    97
  682    51    51    59
  683    10    10    18
  684    56    56    64
  685    42    42    50
  686    76    76    84
  687    73    73    81
  688    89    89    97
  689    85    85    93
  690     8     8    16
  691    91    91    99
  692     3     3    11
  693    59    59    67
  694    86    86    94
  695    84    84    92
  696    84    84    92
  697    40    40    48
  698    89    89    97
  699    48    48    56
  700    35    35    43
  701    36    36    43
  702    67    67    74
  703    89    89    96
  704    90    90    97
  705    35    35    42
  706    80    80    87
  707    57    57    64
  708    88    88    95
  709    72    72    79
  710    34    34    41
  711    66    66    73
  712    92    92    99
  713    38    38    45
  714     8     8    15
  715    85    85    92
  716    76    76    83
  717    74    74    81
  718    65    65    72
  719    60    60    67
  720    69    69    76
  721    10    10    17
  722    77    77    84
  723    79    79    86
  724    90    90    97
  725    60    60    67
  726    92    92    99
  727    44    44    51
  728    88    88    95
  729    51    51    58
  730    74    74    80
  731    61    61    67
  732    39    39    45
  733    84    84    90
  734    87    87    93
  735     8     8    14
  736    76    76    82
  737    23    23    29
  738    91    91    97
  739    77    77    83
  740    17    17    23
  741    86    86    92
  742    90    90    96
  743    92    92    98
  744    92    92    98
  745    78    78    84
  746    83    83    89
  747    23    23    29
  748    83    83    89
  749    45    45    51
  750    91    91    97
  751    83    83    89
  752    57    57    63
  753    88    88    94
  754    32    32    38
  755     6     6    11
  756     1     1     6
  757    50    50    55
  758    92    92    97
  759     4     4     9
  760    83    83    88
  761    76    76    81
  762    72    72    77
  763    43    43    48
  764    66    66    71
  765    67    67    72
  766    94    94    99
  767    93    93    98
  768    55    55    60
  769    33    33    38
  770    75    75    80
  771    94    94    99
  772    82    82    87
  773    30    30    35
  774     7     7    12
  775    87    87    92
  776    79    79    84
  777    94    94    99
  778    68    68    73
  779    61    61    66
  780    34    34    39
  781    94    94    99
  782    91    91    96
  783    80    80    85
  784    84    84    89
  785    84    84    89
  786    26    26    31
  787    94    94    99
  788    89    89    94
  789    25    25    30
  790    91    91    96
  791    85    85    90
  792    90    90    95
  793    94    94    99
  794    40    40    44
  795    90    90    94
  796    63    63    67
  797    94    94    98
  798    67    67    71
  799    59    59    63
  800    61    61    65
  801    94    94    98
  802    95    95    99
  803    33    33    37
  804    17    17    21
  805    80    80    84
  806    58    58    62
  807    73    73    77
  808     2     2     6
  809    43    43    47
  810    92    92    96
  811    84    84    88
  812    83    83    87
  813    36    36    40
  814    89    89    93
  815    26    26    30
  816    85    85    89
  817    18    18    22
  818    71    71    75
  819    83    83    87
  820    95    95    99
  821    76    76    80
  822    36    36    40
  823    94    94    98
  824    80    80    84
  825    77    77    81
  826    89    89    93
  827    66    66    70
  828    86    86    89
  829     1     1     4
  830    83    83    86
  831    71    71    74
  832    91    91    94
  833    91    91    94
  834    89    89    92
  835    94    94    97
  836    80    80    83
  837    80    80    83
  838    96    96    99
  839    80    80    83
  840     6     6     9
  841    95    95    98
  842    94    94    97
  843    12    12    15
  844    96    96    99
  845    93    93    96
  846     1     1     4
  847    28    28    31
  848    27    27    30
  849    96    96    99
  850    78    78    81
  851    45    45    48
  852    76    76    79
  853    46    46    49
  854    96    96    99
  855    57    57    60
  856    53    53    55
  857    90    90    92
  858    97    97    99
  859    95    95    97
  860    79    79    81
  861    96    96    98
  862    53    53    55
  863    53    53    55
  864    94    94    96
  865    67    67    69
  866    94    94    96
  867     3     3     5
  868    88    88    90
  869    40    40    42
  870    97    97    99
  871    92    92    94
  872    88    88    90
  873    95    95    97
  874    97    97    99
  875    81    81    83
  876    89    89    91
  877    62    62    64
  878    86    86    88
  879    84    84    86
  880    15    15    17
  881    44    44    46
  882    92    92    94
  883    90    90    92
  884    90    90    92
  885    92    92    94
  886    97    97    99
  887    73    73    75
  888    97    97    99
  889    72    72    74
  890    83    83    85
  891    94    94    96
  892    84    84    86
  893    58    58    60
  894    83    83    85
  895    82    82    84
  896    76    76    78
  897    70    70    72
  898    90    90    91
  899    24    24    25
  900    39    39    40
  901     1     1     2
  902    82    82    83
  903    66    66    67
  904    95    95    96
  905    38    38    39
  906    96    96    97
  907    75    75    76
  908    15    15    16
  909    95    95    96
  910    84    84    85
  911    98    98    99
  912    84    84    85
  913    89    89    90
  914    97    97    98
  915    98    98    99
  916    77    77    78
  917    55    55    56
  918    83    83    84
  919    83    83    84
  920    97    97    98
  921    75    75    76
  922    85    85    86
  923    87    87    88
  924    71    71    72
  925    93    93    94
  926    91    91    92
  927    98    98    99
  928    84    84    85
  929    65    65    66
  930    96    96    97
  931    89    89    90
  932    93    93    94
  933    91    91    92
  934    98    98    99
  935    91    91    92
  936    87    87    88
  937    24    24    25
  938    46    46    47
  939    84    84    85
  940    90    90    91
  941    87    87    88
  942    96    96    97
  943    39    39    40
  944    45    45    46
  945    56    56    57
  946   100   100   100
  947    92    92    92
  948    99    99    99
  949     8     8     8
  950   100   100   100
  951    99    99    99
  952    98    98    98
  953    93    93    93
  954    92    92    92
  955    99    99    99
  956    96    96    96
  957    37    37    37
  958    99    99    99
  959    99    99    99
  960    96    96    96
  961    99    99    99
  962   100   100   100
  963    32    32    32
  964    69    69    69
  965    86    86    86
  966    71    71    71
  967    99    99    99
  968    44    44    44
  969    98    98    98
  970    86    86    86
  971    45    45    45
  972    91    91    91
  973    99    99    99
  974    98    98    98
  975    97    97    97
  976    37    37    37
  977    66    66    66
  978   100   100   100
  979     6     6     6
  980    57    57    57
  981    99    99    99
  982    94    94    94
  983    81    81    81
  984    99    99    99
  985    99    99    99
  986    91    91    91
  987    45    45    45
  988    99    99    99
  989    69    69    69
  990   100   100   100
  991    93    93    93
  992    94    94    94
  993    96    96    96
  994    93    93    93
  995    88    88    88
  996    88    88    88
  997    88    88    88
  998   100   100   100
  999    88    88    88
  100