  500
    0     7    10    97
    1     9    13    96
    2     5    15    98
    3    15     7    90
    4    16    16    99
    5     8     2    84
    6    16    10    91
    7     1     6    85
    8     1     5    83
    9     3     2    80
   10    24    19    95
   11    10    15    91
   12     7     3    78
   13     1     2    76
   14    27    20    94
   15    26    17    90
   16    20    22    95
   17     9     9    81
   18    28    22    92
   19    17    17    87
   20    23    13    80
   21     1     7    74
   22     9     7    72
   23    36    28    93
   24    18    14    79
   25    18    28    93
   26    29    33    97
   27    29    28    92
   28    28    21    85
   29    25    21    85
   30    40    32    96
   31    25    31    94
   32     1     2    63
   33    25    25    86
   34     3     9    70
   35     8     5    66
   36    46    38    98
   37    39    33    92
   38    41    33    92
   39    42    32    90
   40     1     3    61
   41    36    42    99
   42    17    22    79
   43    35    26    82
   44    41    41    97
   45    37    33    89
   46    35    30    86
   47     1     5    61
   48    43    41    97
   49    42    35    89
   50    21    25    79
   51    22    25    79
   52    27    36    89
   53    27    19    72
   54    35    31    83
   55    31    39    91
   56    48    43    95
   57    53    43    94
   58    15     7    57
   59    29    36    86
   60     6     7    57
   61    46    47    97
   62    53    47    97
   63    33    29    78
   64    13     3    52
   65    12    16    65
   66    35    28    76
   67    28    25    73
   68    10    15    63
   69     9     6    53
   70     1     7    54
   71     7     2    48
   72    27    25    71
   73    48    40    85
   74    15    23    68
   75    32    38    83
   76    10    17    62
   77    42    44    89
   78    44    54    98
   79    10     9    53
   80     1     8    52
   81    56    46    90
   82    23    15    59
   83    36    34    78
   84    39    35    79
   85    14    17    61
   86    10    11    55
   87    42    46    89
   88    33    35    78
   89    20    24    67
   90    32    31    73
   91    42    50    92
   92    28    26    68
   93    29    38    80
   94    42    51    92
   95    39    40    81
   96     7     2    43
   97    36    42    83
   98    46    37    78
   99    23    13    54
  100    42    33    73
  101    36    32    72
  102    31    30    70
  103    60    52    92
  104    38    30    70
  105    43    49    88
  106    67    59    98
  107     7    17    56
  108    20    14    53
  109    25    24    63
  110    45    50    89
  111     9     2    40
  112     1     4    42
  113    37    46    84
  114    10    13    51
  115    42    33    71
  116    50    56    94
  117     1     8    46
  118    51    55    93
  119    29    20    58
  120    23    16    54
  121    11     9    47
  122    15    13    50
  123    41    37    74
  124    49    56    93
  125    17    13    50
  126    54    45    82
  127    65    60    96
  128    58    51    87
  129    39    35    71
  130    12     2    37
  131     9    15    50
  132    47    40    75
  133    14    15    50
  134    58    64    99
  135    53    50    84
  136    38    30    64
  137    35    42    75
  138    61    52    85
  139    27    31    64
  140    25    15    48
  141    11     5    38
  142    23    32    65
  143    53    46    78
  144    49    46    78
  145    46    53    85
  146    45    50    82
  147    35    39    71
  148    57    60    92
  149    35    37    69
  150    24    23    54
  151    61    54    85
  152    31    27    58
  153    50    56    86
  154    54    50    80
  155     8     1    31
  156    40    39    69
  157    60    58    88
  158     6     4    34
  159    12    12    42
  160    29    35    65
  161    56    66    95
  162     8    18    47
  163    42    36    65
  164    70    60    89
  165    67    67    96
  166    13     4    32
  167    46    36    64
  168    48    39    67
  169    31    35    63
  170    66    71    99
  171    60    53    80
  172    50    59    86
  173    51    59    86
  174    63    69    96
  175    62    60    87
  176    38    29    56
  177    74    64    91
  178    49    53    80
  179    11    16    43
  180    60    68    95
  181    81    73    99
  182    59    66    92
  183    66    65    91
  184    40    48    74
  185    17     8    33
  186    60    66    91
  187    41    47    72
  188     7     7    32
  189    72    73    98
  190    62    56    81
  191    41    50    75
  192    48    47    71
  193    78    75    99
  194    12     5    29
  195    54    44    68
  196    55    63    87
  197    74    74    98
  198    38    41    65
  199    50    51    74
  200     6     5    28
  201    31    36    59
  202    63    71    94
  203    71    65    88
  204    28    33    55
  205    49    50    72
  206    30    26    48
  207     6     6    28
  208    40    49    71
  209    85    75    97
  210    60    59    81
  211    33    33    54
  212    21    15    36
  213    40    32    53
  214     1     4    24
  215    72    75    95
  216    46    37    57
  217    69    74    94
  218    67    74    94
  219    27    19    39
  220    23    20    40
  221    66    64    84
  222    63    71    91
  223    48    50    70
  224    76    78    98
  225    70    75    95
  226     9     9    28
  227    33    33    52
  228    77    70    89
  229    28    22    41
  230    51    52    71
  231    57    67    86
  232    15    11    30
  233    69    73    92
  234    55    51    69
  235    10    14    32
  236    83    75    93
  237    85    79    97
  238    38    30    47
  239    76    70    87
  240    35    37    54
  241    76    74    91
  242    84    80    97
  243    90    81    98
  244    81    81    98
  245     1     2    19
  246    42    38    55
  247    57    65    82
  248    45    42    59
  249    40    41    58
  250    62    68    84
  251     9    13    29
  252    12    14    30
  253    59    55    71
  254    80    83    99
  255    70    60    76
  256     1     6    22
  257    57    52    68
  258    39    29    44
  259    93    83    98
  260    19    17    32
  261    26    25    40
  262    76    68    83
  263    45    48    63
  264    79    78    93
  265    72    73    88
  266    66    59    74
  267    34    26    41
  268    59    63    78
  269    53    43    58
  270    65    72    86
  271    65    67    81
  272    26    24    38
  273    80    75    89
  274    76    78    92
  275    72    82    96
  276    21    15    29
  277    74    71    85
  278    68    77    91
  279    65    64    78
  280    85    81    95
  281    81    75    88
  282    75    78    91
  283    87    81    94
  284    35    43    56
  285    77    84    97
  286    84    77    90
  287    53    51    64
  288    78    77    90
  289    22    24    36
  290    58    60    72
  291    76    76    88
  292    79    83    95
  293     1     7    19
  294    21    26    38
  295    73    82    94
  296    93    83    95
  297    45    40    52
  298     8     4    15
  299    82    81    92
  300    54    63    74
  301    55    56    67
  302    82    85    96
  303    85    79    90
  304    28    33    44
  305    72    73    84
  306    79    78    89
  307    67    68    79
  308    75    78    88
  309    85    77    87
  310    85    83    93
  311    14    23    33
  312    70    75    85
  313    13     4    14
  314    62    59    69
  315    71    68    78
  316    69    71    81
  317    12    11    21
  318    12    15    25
  319    10    19    29
  320    44    40    49
  321    80    79    88
  322    81    74    83
  323     5     6    15
  324    81    85    94
  325    54    49    58
  326     4    11    20
  327    78    87    96
  328    35    38    47
  329    39    31    40
  330    82    89    98
  331    65    55    64
  332    66    66    75
  333    71    63    72
  334    94    88    97
  335     9     1     9
  336    55    49    57
  337    96    86    94
  338    79    88    96
  339    27    34    42
  340    87    88    96
  341    48    52    60
  342    79    77    85
  343    85    91    99
  344    89    88    96
  345    77    86    94
  346    83    76    83
  347    85    81    88
  348    84    84    91
  349    33    25    32
  350    67    61    68
  351    72    64    71
  352    34    36    43
  353    67    75    82
  354    68    60    67
  355    27    27    34
  356    78    72    79
  357    87    78    85
  358    74    82    89
  359    23    27    34
  360    52    50    57
  361    16    18    25
  362    81    76    82
  363    87    92    98
  364    26    20    26
  365    85    93    99
  366    81    82    88
  367    89    87    93
  368    58    50    56
  369    18    15    21
  370    54    49    55
  371    85    86    91
  372    84    93    98
  373   100    90    95
  374    54    63    68
  375    82    77    82
  376    86    83    88
  377    38    43    48
  378    89    89    94
  379    89    90    95
  380    76    84    89
  381    93    93    98
  382    87    85    90
  383    68    67    72
  384    22    14    19
  385    25    28    33
  386    31    22    27
  387    90    90    95
  388    13    19    24
  389    98    90    95
  390    94    89    93
  391    93    90    94
  392    86    93    97
  393    94    84    88
  394    71    63    67
  395    63    65    69
  396    95    90    94
  397   102    95    99
  398    47    38    42
  399    70    74    78
  400    81    74    78
  401    60    67    71
  402    50    53    57
  403    59    62    66
  404    96    89    93
  405    55    59    63
  406   104    94    98
  407    15    23    26
  408    76    66    69
  409    82    78    81
  410    83    84    87
  411    80    77    80
  412    25    32    35
  413    86    92    95
  414    65    75    78
  415    89    80    83
  416    87    93    96
  417    83    85    88
  418    96    95    98
  419    78    73    76
  420    73    69    72
  421    63    54    57
  422   100    92    95
  423    28    21    23
  424    83    88    90
  425    86    86    88
  426    43    37    39
  427    95    90    92
  428   100    97    99
  429   105    96    98
  430    47    44    46
  431    56    63    65
  432    90    95    97
  433    64    63    65
  434    10    11    13
  435    62    63    65
  436    68    72    74
  437    20    28    30
  438    10    11    13
  439    60    61    63
  440    15     7     9
  441    21    19    21
  442    87    90    92
  443    96    94    96
  444    84    93    95
  445    76    75    77
  446    81    74    76
  447    98    94    95
  448    88    95    96
  449    83    74    75
  450    86    87    88
  451    69    62    63
  452    92    90    91
  453    10     9    10
  454    72    81    82
  455    93    98    99
  456    88    98    99
  457    89    98    99
  458    73    72    73
  459    83    89    90
  460    33    23    24
  461    88    97    98
  462    22    31    32
  463    93    92    93
  464    65    71    72
  465    73    83    84
  466    81    91    92
  467    35    35    36
  468    40    34    35
  469    96    95    96
  470   105    98    99
  471    96    96    97
  472    98    96    97
  473    70    65    66
  474    40    44    45
  475    41    44    45
  476    28    30    31
  477    85    79    80
  478    59    57    57
  479   101    99    99
  480    89    99    99
  481    93   100   100
  482   105   100   100
  483   108    99    99
  484   100    92    92
  485   107   100   100
  486   105   100   100
  487    92   100   100
  488    99    98    98
  489    35    31    31
  490    79    75    75
  491    94   100   100
  492    85    91    91
  493    74    66    66
  494    93    96    96
  495    90    99    99
  496    88    93    93
  497    45    36    36
  498    99    90    90
  499   101    98    98
  100