 1000
    0    79     1    96
    1    72     3    98
    2    64     3    96
    3    36     8    99
    4    34     1    92
    5   100     7    96
    6    70     8    96
    7    57     6    94
    8     4     7    95
    9    83    11    98
   10    49    11    98
   11    89     1    88
   12    26     5    91
   13    40     1    87
   14    26     6    90
   15    20    14    97
   16    74    16    99
   17    33    10    92
   18    98    11    93
   19    30     1    83
   20    42     8    90
   21    88     9    89
   22    27    13    91
   23    20    11    88
   24    52    10    87
   25    57    13    90
   26    58    17    94
   27    41     8    84
   28    14    18    94
   29    48    20    95
   30    73    24    99
   31    39    18    92
   32    52    22    96
   33    71    13    86
   34    26    19    92
   35    65     6    78
   36    26     4    76
   37    13    25    96
   38    34    25    96
   39    25    13    83
   40    33    24    93
   41    13     1    70
   42    24    28    97
   43    47     1    70
   44   100     9    77
   45    35    22    90
   46    14    10    78
   47    68    27    95
   48    28    17    85
   49     9    15    83
   50    85    22    90
   51    20    12    80
   52    99     8    76
   53    76    31    98
   54     3     2    69
   55    31    25    92
   56     9     6    73
   57    65    11    78
   58    83    10    77
   59    13    32    98
   60    77    13    79
   61    62     6    72
   62    44     3    69
   63    35    33    98
   64    93    26    91
   65    54    34    99
   66    79     7    72
   67    11    30    94
   68    70     5    69
   69    50    23    86
   70    50    19    82
   71    30    19    82
   72    45    21    84
   73   100    27    90
   74    95     2    65
   75    29     6    68
   76    63    12    74
   77    97    24    86
   78     1    12    74
   79    27    20    82
   80     7    21    83
   81    22    32    93
   82    73    30    91
   83    92    22    83
   84    75    33    94
   85    31    20    81
   86     8    15    76
   87    36    29    90
   88     3    19    80
   89    19    14    74
   90    51     4    64
   91     4     5    65
   92    69    34    93
   93    41    16    75
   94    78    36    95
   95    51    28    87
   96    94    25    83
   97    92    40    98
   98    59    38    96
   99    76    25    83
  100    85    35    93
  101    62    20    78
  102    10    39    97
  103    65    40    97
  104    10     5    62
  105    56    41    98
  106    52    40    97
  107    54    22    79
  108     3     4    60
  109    80     9    65
  110    37    24    80
  111    82    25    81
  112    76    37    93
  113    23    38    93
  114    41    30    85
  115    17     3    58
  116    98    12    67
  117    29    22    77
  118    21    24    79
  119    25     7    62
  120    82    27    82
  121    97    31    85
  122    89    32    86
  123    25    44    98
  124    44    45    99
  125    36    39    92
  126    90    43    96
  127    68    21    74
  128    17    10    63
  129    92    21    74
  130    23    31    84
  131    77    23    76
  132    30    10    62
  133    90    32    84
  134    54    22    74
  135    73    24    76
  136    70    19    71
  137    14    37    89
  138     1    25    77
  139    69    20    71
  140    60    40    91
  141    64    11    62
  142    38    37    88
  143    59    46    96
  144    62    33    83
  145    51    42    92
  146    28    46    96
  147    85    30    80
  148    61     9    59
  149    36     5    55
  150    77     2    51
  151    28    25    74
  152     8    12    61
  153    45    45    94
  154    62    28    76
  155    14    31    79
  156    38    32    80
  157    37     8    56
  158    13    25    73
  159    86    47    95
  160     2    15    62
  161    13     7    54
  162    95     4    51
  163    37    35    82
  164    75     2    48
  165    92    33    79
  166    17    15    61
  167    38    52    97
  168    86    25    70
  169    96    21    66
  170    60    39    84
  171    63     5    50
  172     1    36    81
  173    72    40    85
  174    39    52    97
  175    46    22    67
  176    53    51    95
  177     9    42    86
  178    70    51    95
  179    50    18    62
  180    93    53    97
  181    76    25    69
  182    73    38    82
  183    54     3    47
  184    12    45    89
  185    41    10    53
  186     5    52    95
  187    15    35    78
  188    47    28    71
  189    79    31    74
  190    96    31    74
  191    47    52    95
  192    47    44    87
  193    64    50    93
  194     9    44    86
  195    79    45    87
  196    27    50    92
  197    47    47    89
  198    92    17    59
  199    42    45    86
  200    81    10    51
  201    76    30    71
  202    68    39    80
  203    39     3    44
  204    24    35    76
  205    70    31    72
  206    29    44    85
  207    70    39    80
  208    37    45    86
  209    38    40    81
  210    61     8    49
  211    72    58    98
  212    65    50    90
  213    29    58    98
  214    30    25    65
  215     7    11    51
  216    91    19    59
  217    74    57    97
  218    79    44    84
  219    74    48    88
  220    56    54    94
  221    58    19    58
  222    71     9    48
  223    17    45    84
  224    44    52    91
  225    93    11    50
  226    43    57    96
  227     6    34    73
  228    18     5    44
  229     1    53    92
  230    78    31    70
  231    52    53    92
  232    69    49    88
  233    87    13    51
  234    19    34    72
  235     7    13    51
  236    29    43    81
  237    90    43    81
  238     2    35    73
  239    95    51    88
  240    27    48    85
  241    59    26    63
  242    82    51    88
  243    57    58    95
  244     3    55    92
  245    33    43    80
  246    66     1    38
  247   100    37    74
  248    67    44    81
  249    42    60    97
  250    32    28    65
  251    45    11    48
  252     7    41    77
  253    41    37    73
  254    52     2    38
  255    92    53    89
  256    24    56    92
  257    25    20    55
  258    70    45    80
  259    60    64    99
  260    48    53    88
  261    24    30    65
  262    58     6    41
  263    21    22    57
  264    55    44    79
  265    84     7    42
  266     6    15    50
  267     7    14    49
  268    42    28    63
  269    13    47    82
  270    49    41    76
  271    55    29    64
  272    56     8    43
  273    31     5    40
  274    74    37    72
  275    58    62    97
  276    97     3    38
  277    29    37    71
  278    48    58    92
  279    22    48    82
  280    14    62    96
  281    77    64    98
  282    59     1    35
  283    99    40    74
  284    56    17    50
  285    13    52    85
  286    93    51    84
  287    17    66    99
  288     3    53    86
  289    21    10    43
  290     5    53    86
  291     5     3    36
  292    98    56    88
  293    13    50    82
  294    47    42    74
  295    10    51    83
  296    47    35    67
  297    37    51    83
  298    59    26    58
  299    70    30    62
  300    69    36    68
  301    26    49    81
  302     6    61    93
  303     1    50    82
  304    83    15    47
  305   100    62    94
  306    20    14    46
  307    31    53    84
  308    73    65    96
  309    95    59    90
  310     8    32    63
  311    69    60    91
  312    53    66    97
  313    73    52    83
  314    36    20    51
  315    18    31    62
  316    32     8    39
  317    97    62    93
  318    98    52    83
  319    20    45    75
  320    23    68    98
  321    76    26    56
  322    12    43    73
  323     9    66    96
  324    35    45    75
  325    56    53    83
  326     9    46    76
  327    22    61    91
  328     8    42    72
  329    44    22    52
  330    70    48    78
  331     4    41    71
  332    37    68    98
  333    62    68    98
  334    40    63    93
  335    82    54    83
  336    80    41    70
  337     5    43    72
  338    73    38    67
  339   100    61    90
  340    32    10    39
  341    49    21    50
  342    55    19    48
  343    85    14    43
  344    39    67    96
  345    13    17    45
  346    34    46    74
  347    59    31    59
  348    80    68    96
  349    98    29    57
  350    83    69    97
  351   100    33    61
  352    64    37    65
  353    33    43    71
  354    50     7    35
  355    88    24    52
  356    55    20    48
  357    84    16    44
  358    20    40    68
  359    47    51    79
  360    97    68    96
  361     6    22    50
  362    29    36    64
  363    51    12    40
  364     5    14    42
  365    49    57    85
  366    20     4    31
  367    59    15    42
  368    93    66    93
  369    76    70    97
  370    21    25    52
  371    70    14    41
  372    12    55    82
  373    49    35    62
  374    38    14    41
  375    83     7    34
  376    20    66    93
  377    58    61    88
  378    19    35    62
  379    56    67    94
  380    84    15    42
  381    64    21    48
  382    95    25    51
  383    24    57    83
  384    66    12    38
  385    35    71    97
  386    57    55    81
  387    13    68    94
  388    33    40    66
  389    72    39    65
  390    28     6    32
  391    92    58    84
  392    30    71    97
  393    86    43    69
  394    66    56    82
  395    46     9    34
  396    60    24    49
  397     2    35    60
  398     2    57    82
  399    28    43    68
  400    38    71    96
  401    33     3    28
  402    44    42    67
  403     6    58    83
  404    27    65    90
  405    14    37    62
  406     4    54    79
  407    12     8    33
  408    10    41    66
  409    94    22    46
  410    16    63    87
  411    10    69    93
  412    42    51    75
  413    38    60    84
  414    50    75    99
  415    33    10    34
  416    33    54    78
  417    90    66    90
  418    47    42    66
  419    74    71    95
  420    41     9    33
  421    97    36    60
  422    57    42    66
  423    27    67    91
  424    46    28    52
  425    62    72    96
  426    61    43    67
  427    33    73    96
  428    98     1    24
  429    36    68    91
  430    81    31    54
  431    73    38    61
  432    74    64    87
  433    45    65    88
  434     3    63    86
  435    10    38    61
  436    83    31    54
  437    64    49    71
  438    95    56    78
  439    76    21    43
  440    45    71    93
  441    73    75    97
  442     9    53    75
  443    76    12    34
  444    23    19    41
  445    56    42    64
  446    73    73    95
  447    18    23    45
  448    11    74    95
  449    55    76    97
  450     5    64    85
  451    90    41    62
  452    72    20    41
  453    65    54    75
  454    70    66    87
  455     4     1    22
  456    36    62    83
  457    89    20    41
  458    83    74    95
  459    17    19    40
  460    30    72    93
  461    58    42    63
  462    48    56    77
  463    87    17    38
  464    28    17    38
  465    51    67    87
  466    92    68    88
  467    29    31    51
  468    33    46    66
  469    21    45    65
  470    15    66    86
  471    65     8    28
  472    87    25    45
  473     2    23    43
  474    32    32    52
  475    62    67    87
  476    19    18    37
  477    48    67    86
  478    34    23    42
  479    46    77    96
  480    88    33    52
  481    71    66    85
  482    15    80    99
  483    59    17    36
  484    67     9    28
  485    69    46    65
  486    15    80    99
  487    66    41    60
  488    96    35    54
  489    76    75    94
  490    46    67    86
  491    59    77    96
  492     9    59    77
  493    31    76    94
  494    28    61    79
  495     5    38    56
  496    79    60    78
  497    71    75    93
  498    12    58    76
  499    27    65    83
  500    82    60    78
  501    98    81    99
  502    21    81    99
  503    68    81    99
  504    75    54    72
  505    29    80    98
  506    20    62    80
  507    32    66    84
  508    32    37    55
  509    75    19    37
  510    82    73    91
  511    18    78    96
  512    88    60    77
  513     3    73    90
  514    33    17    34
  515    80    18    35
  516    45    42    59
  517    73    50    67
  518    36    65    82
  519    36    42    59
  520    36    58    75
  521    25    69    86
  522    52    52    69
  523    35    35    51
  524     6    75    91
  525    37    50    66
  526    94    55    71
  527     3    12    28
  528    77    78    94
  529    94    45    61
  530    76    74    90
  531    99    16    32
  532    67     7    23
  533    51    65    81
  534    32    80    96
  535    96    82    98
  536    60    10    26
  537     5    72    88
  538    83    28    44
  539    94    30    46
  540    78    37    53
  541    45    63    78
  542    60    80    95
  543    47    75    90
  544    97    83    98
  545    50    18    33
  546   100    76    91
  547    29    78    93
  548    14    49    64
  549    41    83    98
  550    78    83    98
  551    42    65    80
  552    33    31    46
  553    59    75    90
  554    95    68    83
  555    53    66    81
  556    32    25    40
  557    35    79    94
  558    86    75    89
  559    44    73    87
  560    39    32    46
  561    32    61    75
  562    90    56    70
  563    80    53    67
  564    29    67    81
  565    86     2    16
  566    67    80    94
  567     5    10    24
  568   100    58    72
  569     2    70    84
  570    70    49    63
  571    26    67    81
  572     4    82    96
  573    98    85    99
  574    82    74    88
  575    65    77    91
  576    35    28    42
  577    53    76    90
  578    56    69    83
  579    12    30    44
  580    46    65    79
  581    31    29    43
  582    46    58    72
  583     3    65    78
  584    80    15    28
  585    93    47    60
  586    71    71    84
  587     1    84    97
  588    94    64    77
  589    41    86    99
  590    92    78    91
  591    91     7    20
  592     4    23    36
  593    86    40    53
  594    23    52    65
  595    27    71    84
  596    40    66    79
  597    69    80    93
  598    45    71    84
  599    52    84    97
  600    71    81    94
  601    26    73    85
  602    82    40    52
  603    16    82    94
  604    43    36    48
  605    75    69    81
  606    38    80    92
  607    72    87    99
  608    93    85    97
  609    87    83    95
  610    84    26    38
  611    11    75    87
  612    13    63    75
  613    24    69    81
  614    87    77    89
  615    89    73    85
  616    80    47    59
  617    46    53    65
  618    86    50    62
  619    96    78    90
  620    29    59    71
  621    73    24    36
  622    66    64    76
  623    31    39    51
  624    66    49    61
  625    97    62    74
  626    98    84    95
  627    85    61    72
  628    90    17    28
  629    23    12    23
  630    81    66    77
  631    44    37    48
  632    31    40    51
  633    92    80    91
  634    98    82    93
  635    82    75    86
  636    11    68    79
  637    45    30    41
  638    59    13    24
  639    43    35    46
  640    57     9    20
  641    45    59    70
  642    83    84    95
  643    74    86    96
  644    51    61    71
  645     2    53    63
  646    92    51    61
  647     2    86    96
  648    16    62    72
  649    65    82    92
  650    57    88    98
  651    56    81    91
  652    44    31    41
  653    94    69    79
  654    75    69    79
  655    85    33    43
  656    51    23    33
  657    78    73    83
  658    52     6    16
  659    55    85    95
  660     1    74    84
  661    24    87    97
  662    72    38    48
  663    52    75    85
  664    26    87    97
  665    84    24    34
  666    17     9    19
  667    14    77    87
  668    59    68    78
  669    90    88    98
  670    53    49    59
  671    71    63    73
  672    21    79    89
  673    16    59    69
  674    93    66    76
  675     3    79    88
  676    76    33    42
  677    18    78    87
  678    74    40    49
  679    75    13    22
  680    40    49    58
  681    33    85    94
  682     9     9    18
  683    48    58    67
  684    35    85    94
  685    64    89    98
  686    83    27    36
  687    70    90    99
  688    31    74    83
  689    43    37    46
  690     4    90    99
  691    26    68    77
  692    36    71    80
  693    24    49    58
  694    42    75    84
  695    16    72    81
  696    35    26    35
  697    59    46    55
  698    96    69    78
  699    47    45    54
  700    57    37    46
  701    69    83    92
  702    32    64    73
  703    92    32    41
  704    52    53    62
  705    72    42    51
  706    96    69    78
  707    58    47    56
  708     9    21    29
  709    46    89    97
  710     7    64    72
  711    36    67    75
  712    62    87    95
  713    71    70    78
  714    65    76    84
  715    66    64    72
  716    11    84    92
  717    45    65    73
  718    73    64    72
  719    38    26    34
  720    19    77    85
  721    55    53    61
  722    79    90    98
  723    63     8    16
  724     5    80    88
  725    76     1     9
  726    45    18    25
  727    20    83    90
  728    20    81    88
  729     1    79    86
  730    12    63    70
  731    88     3    10
  732    83     1     8
  733     9    83    90
  734    10    90    97
  735    95    92    99
  736    78    89    96
  737    97    77    84
  738    76    86    93
  739    87    87    94
  740    38    75    82
  741    96    91    98
  742    33    47    54
  743    86    90    97
  744    29    71    77
  745     2    89    95
  746    94    71    77
  747    68    87    93
  748     6    72    78
  749    26    93    99
  750    44    91    97
  751    18    66    72
  752    28    92    98
  753     9    61    67
  754    23    79    85
  755    82    63    69
  756    10    93    99
  757    92     8    14
  758    28    90    96
  759    59    30    36
  760     9    52    58
  761    81    81    87
  762    59    72    78
  763    97    93    99
  764    93    40    45
  765    14    88    93
  766    27    71    76
  767    15    76    81
  768    42    37    42
  769    63    38    43
  770    62    56    61
  771    66    93    98
  772    70    93    98
  773    24    87    92
  774    41    29    34
  775    36    48    53
  776    87    36    41
  777    13    93    98
  778    48    90    95
  779    10    85    90
  780    23    59    64
  781    41    84    89
  782    86    87    92
  783    54    33    38
  784    13    88    93
  785     7    62    67
  786    45    88    93
  787    40    72    77
  788    95    61    66
  789    31     2     7
  790    38    71    76
  791    68    84    89
  792    19    94    99
  793    54    36    41
  794    64    14    19
  795    64    93    97
  796    30    76    80
  797    23    90    94
  798    85    54    58
  799    60    94    98
  800    26    94    98
  801    76    79    83
  802    59    65    69
  803    20    75    79
  804     3    17    21
  805     8    92    96
  806    14    42    46
  807    35    82    86
  808    36    78    82
  809    24    95    99
  810    11    78    82
  811    69    87    91
  812    10    71    75
  813    72    95    99
  814    35    93    97
  815    95    92    96
  816    95    86    90
  817    46    29    33
  818    26    95    99
  819    50    46    50
  820    94    80    84
  821    67    58    62
  822    46    89    93
  823    53    38    41
  824    81    92    95
  825    22    25    28
  826    66    93    96
  827    82    93    96
  828    58    81    84
  829    82    30    33
  830    33    86    89
  831    60    63    66
  832    53    95    98
  833    16    60    63
  834     4    96    99
  835     6    36    39
  836    24    65    68
  837    84    78    81
  838   100    90    93
  839    68    57    60
  840    55    13    16
  841     7    50    53
  842    35    92    95
  843    35    43    46
  844    87    83    86
  845    92    62    65
  846    94    57    60
  847    99    79    82
  848    73    49    52
  849    81    93    96
  850    43    41    44
  851    15    86    89
  852    33    58    61
  853    58    89    91
  854    56    92    94
  855    24    89    91
  856    82     4     6
  857   100    88    90
  858    50    97    99
  859    47    19    21
  860    51    93    95
  861    55    58    60
  862    64    71    73
  863     5    97    99
  864    81    45    47
  865    24    91    93
  866    68    90    92
  867    39    33    35
  868    71    96    98
  869    94    69    71
  870    76    96    98
  871    45    80    82
  872    36    95    97
  873    25    91    93
  874    76    96    98
  875    14    56    58
  876    76    97    99
  877    75    78    80
  878    63    82    84
  879    98    39    41
  880    85    62    63
  881    70    77    78
  882    16    66    67
  883    49    96    97
  884    12    84    85
  885     1    92    93
  886    79    21    22
  887    69    36    37
  888    85    12    13
  889    14    93    94
  890    88    68    69
  891    87    97    98
  892    27    95    96
  893    50    96    97
  894     9    95    96
  895    70    95    96
  896    59    80    81
  897    16    59    60
  898    35    97    98
  899    30    96    97
  900    64    90    91
  901    29    37    38
  902    50    97    98
  903    27    65    66
  904    56    94    95
  905     2    96    97
  906    61    96    97
  907    25    97    98
  908    10    40    41
  909    69    70    71
  910    72    48    49
  911    55    88    89
  912    36    85    86
  913    92    88    89
  914    70    55    56
  915     9    10    11
  916     5    24    25
  917    26    93    94
  918    17    40    41
  919    68    96    97
  920    18    51    52
  921    12    91    92
  922    98    80    81
  923    20    92    93
  924    72    98    99
  925    86    87    88
  926    14    39    40
  927    48    92    93
  928    16    69    70
  929    30    84    85
  930    37    25    26
  931    34    95    96
  932    90    25    25
  933    15    99    99
  934    44    95    95
  935    13    98    98
  936   100    80    80
  937    51    99    99
  938    60    98    98
  939    46    99    99
  940    36    99    99
  941    82    60    60
  942    73    36    36
  943    25    93    93
  944    31    93    93
  945    55    85    85
  946    81    55    55
  947    51    95    95
  948    32    99    99
  949    13   100   100
  950     1    47    47
  951    20    97    97
  952    59    99    99
  953    84    98    98
  954    19   100   100
  955    13    89    89
  956    57    88    88
  957    91    93    93
  958    78    94    94
  959    26    99    99
  960    43    99    99
  961    30   100   100
  962    49    90    90
  963    72    83    83
  964    31    98    98
  965    54    98    98
  966    36    99    99
  967    89    21    21
  968    56    99    99
  969    60    97    97
  970    50    35    35
  971    64    57    57
  972     4    39    39
  973    48    96    96
  974    80    99    99
  975    41    97    97
  976     4   100   100
  977    49    47    47
  978     6   100   100
  979    61    99    99
  980    77    89    89
  981    15   100   100
  982     1    45    45
  983    89   100   100
  984    75    99    99
  985    39   100   100
  986     7    99    99
  987    72    70    70
  988     8    98    98
  989    32    98    98
  990    34    94    94
  991    22    73    73
  992   100    98    98
  993    65    82    82
  994    90    28    28
  995    35    92    92
  996    45    99    99
  997    78    94    94
  998    18    79    79
  999    20   100   100
  100