  100
    0    12    12    95
    1    22    16    96
    2    17    13    89
    3     3     6    74
    4    29    34    99
    5    15    15    73
    6    36    40    96
    7    41    32    87
    8     2     5    60
    9    23    19    73
   10    33    39    93
   11    32    40    92
   12    29    31    75
   13    30    36    78
   14    34    35    76
   15    33    40    81
   16    20    19    60
   17    59    59    99
   18     1     8    47
   19    39    33    72
   20    23    29    66
   21    56    47    84
   22    43    33    67
   23    56    50    84
   24    47    45    78
   25    67    59    91
   26    37    41    73
   27    21    17    48
   28    25    34    65
   29    51    55    85
   30    73    65    94
   31    40    34    62
   32     6     6    33
   33    16    22    48
   34    37    47    73
   35    23    26    52
   36    58    54    79
   37    18    15    39
   38    44    49    73
   39    83    74    98
   40    65    64    87
   41    72    70    92
   42     5     8    30
   43     1     3    25
   44    65    67    88
   45    42    43    64
   46    19    11    31
   47    68    60    79
   48    74    67    86
   49    33    27    46
   50    37    40    58
   51    56    47    65
   52    57    47    64
   53    78    81    98
   54    51    54    70
   55    20    20    34
   56    68    73    87
   57    12    13    26
   58    83    81    94
   59    57    57    70
   60    70    80    91
   61    45    48    58
   62    66    71    81
   63    86    85    95
   64    59    64    74
   65    64    57    67
   66     4     1    10
   67    65    63    72
   68    82    90    98
   69    81    91    99
   70    78    83    90
   71    78    69    76
   72    18    28    34
   73    81    90    96
   74    32    33    39
   75    48    45    51
   76    71    72    77
   77    94    86    91
   78     7     5    10
   79    49    47    52
   80    16    20    25
   81    63    66    69
   82    37    34    37
   83    87    97    99
   84    60    56    58
   85    77    70    72
   86    62    54    55
   87     1     7     8
   88    73    81    82
   89    85    92    93
   90    93    95    96
   91    11    21    21
   92   106   100   100
   93    97    96    96
   94   103    98    98
   95    71    70    70
   96    79    75    75
   97    95    97    97
   98    36    44    44
   99   105    98    98
  100