 1000
    0     1    11    98
    1     4    14    99
    2     4    14    99
    3     2    12    96
    4     1    11    95
    5     5    15    99
    6     6    16    98
    7     1    11    93
    8     8    18    99
    9     6    16    95
   10     3    13    92
   11     8    18    95
   12     8    18    94
   13     7    17    93
   14     2    12    87
   15     6    16    91
   16     6    16    90
   17    13    23    97
   18    15    25    98
   19    13    23    96
   20     2    12    85
   21     9    19    92
   22    10    20    93
   23     8    18    89
   24    11    21    92
   25    14    24    94
   26    12    22    92
   27     9    19    88
   28     9    19    88
   29    14    24    93
   30    16    26    95
   31    21    31    99
   32     9    19    86
   33    17    27    94
   34     2    12    79
   35    12    22    89
   36    20    30    97
   37     8    18    85
   38     4    14    80
   39    20    30    96
   40    17    27    92
   41    12    22    87
   42    19    29    93
   43    19    29    93
   44    24    34    98
   45    14    24    88
   46     2    12    76
   47    17    27    91
   48    14    24    87
   49    13    23    86
   50     8    18    81
   51     8    18    81
   52    10    20    82
   53     5    15    77
   54    23    33    95
   55    21    31    92
   56    18    28    89
   57    21    31    91
   58    23    33    92
   59    28    38    97
   60    24    34    93
   61     1    11    70
   62    21    31    90
   63    12    22    80
   64    10    20    78
   65    19    29    87
   66     7    17    74
   67    18    28    85
   68     2    12    69
   69     1    11    68
   70    16    26    82
   71    12    22    78
   72    32    42    98
   73     7    17    73
   74     6    16    72
   75    11    21    77
   76     3    13    69
   77    20    30    85
   78    30    40    95
   79    22    32    86
   80    30    40    94
   81    30    40    93
   82    15    25    78
   83     8    18    71
   84    24    34    87
   85    25    35    88
   86     1    11    63
   87    18    28    80
   88    37    47    99
   89    24    34    86
   90    11    21    73
   91    36    46    97
   92    15    25    76
   93    30    40    91
   94    29    39    90
   95     8    18    69
   96    34    44    95
   97    26    36    86
   98     1    11    61
   99    15    25    75
  100    20    30    80
  101    33    43    93
  102    27    37    87
  103    16    26    76
  104    24    34    83
  105    23    33    82
  106    33    43    92
  107    12    22    71
  108    39    49    97
  109    14    24    72
  110    30    40    88
  111    24    34    82
  112    23    33    81
  113    20    30    78
  114    18    28    76
  115     4    14    62
  116    39    49    97
  117     5    15    62
  118    27    37    84
  119    31    41    88
  120     4    14    61
  121    30    40    87
  122    16    26    73
  123    37    47    94
  124    38    48    95
  125     4    14    60
  126    39    49    95
  127    33    43    89
  128    23    33    79
  129    19    29    74
  130     8    18    63
  131    24    34    79
  132    27    37    82
  133    28    38    83
  134    29    39    83
  135    31    41    85
  136    38    48    92
  137    16    26    70
  138    25    35    79
  139    29    39    83
  140     9    19    63
  141    36    46    90
  142    21    31    74
  143    27    37    80
  144     2    12    55
  145    39    49    92
  146    40    50    93
  147    14    24    67
  148    12    22    64
  149    38    48    90
  150     3    13    55
  151     1    11    53
  152    16    26    68
  153    29    39    81
  154    32    42    84
  155    30    40    82
  156    30    40    81
  157    12    22    63
  158    14    24    65
  159    47    57    98
  160    10    20    61
  161     6    16    57
  162    30    40    81
  163    42    52    93
  164    36    46    87
  165    20    30    71
  166    11    21    61
  167    40    50    90
  168    44    54    94
  169    48    58    98
  170    48    58    98
  171    46    56    96
  172    17    27    67
  173    37    47    87
  174    10    20    60
  175    16    26    65
  176    40    50    89
  177    43    53    92
  178    13    23    62
  179     9    19    58
  180    37    47    86
  181    31    41    80
  182     5    15    53
  183    15    25    63
  184    18    28    66
  185    48    58    96
  186    32    42    80
  187    49    59    97
  188    28    38    76
  189    51    61    99
  190    39    49    87
  191     7    17    55
  192    45    55    93
  193    17    27    65
  194    47    57    94
  195     1    11    48
  196    44    54    91
  197    47    57    94
  198    52    62    99
  199    27    37    74
  200    36    46    83
  201    20    30    66
  202    43    53    89
  203    48    58    94
  204    32    42    78
  205    51    61    97
  206    31    41    77
  207    14    24    60
  208     4    14    50
  209    38    48    84
  210    46    56    91
  211     3    13    48
  212     4    14    49
  213     4    14    49
  214    54    64    99
  215    37    47    82
  216    30    40    75
  217     5    15    50
  218    46    56    91
  219    48    58    93
  220    24    34    68
  221    34    44    78
  222    19    29    63
  223    51    61    95
  224    51    61    95
  225    33    43    77
  226    33    43    77
  227    40    50    84
  228    37    47    81
  229     1    11    45
  230    55    65    99
  231     5    15    49
  232    41    51    84
  233    49    59    92
  234    43    53    86
  235    16    26    59
  236    34    44    77
  237    23    33    66
  238    42    52    85
  239    54    64    97
  240    48    58    91
  241    47    57    90
  242    32    42    75
  243     8    18    51
  244    54    64    97
  245    38    48    81
  246     6    16    48
  247     4    14    46
  248     9    19    51
  249    56    66    98
  250    42    52    84
  251    46    56    87
  252    40    50    81
  253    27    37    68
  254    22    32    63
  255    13    23    54
  256    19    29    60
  257    48    58    89
  258    11    21    52
  259    35    45    76
  260    23    33    64
  261    33    43    74
  262     8    18    48
  263    22    32    62
  264    44    54    84
  265    22    32    62
  266    30    40    70
  267    44    54    84
  268    50    60    90
  269    23    33    63
  270    31    41    71
  271    29    39    69
  272    33    43    73
  273    42    52    82
  274    45    55    85
  275    55    65    95
  276    12    22    52
  277    43    53    82
  278    42    52    81
  279    57    67    96
  280    60    70    99
  281    31    41    70
  282     4    14    43
  283    22    32    61
  284    54    64    93
  285    42    52    81
  286     9    19    48
  287    56    66    95
  288    31    41    69
  289    28    38    66
  290    48    58    86
  291    31    41    69
  292    51    61    89
  293     5    15    43
  294    17    27    55
  295    57    67    95
  296    53    63    91
  297    20    30    57
  298    57    67    94
  299    58    68    95
  300    51    61    88
  301    48    58    85
  302    57    67    94
  303    42    52    79
  304    18    28    55
  305    53    63    90
  306    21    31    58
  307    32    42    69
  308    47    57    83
  309    44    54    80
  310    28    38    64
  311    38    48    74
  312    24    34    60
  313    30    40    66
  314    57    67    93
  315    16    26    52
  316    13    23    49
  317    17    27    53
  318    34    44    70
  319    39    49    75
  320    30    40    66
  321    52    62    88
  322    56    66    92
  323    32    42    68
  324    23    33    59
  325    18    28    54
  326    62    72    97
  327    41    51    76
  328    39    49    74
  329    40    50    75
  330    23    33    58
  331    27    37    62
  332    52    62    87
  333    59    69    94
  334    26    36    61
  335     1    11    36
  336    48    58    83
  337    28    38    63
  338    33    43    68
  339    30    40    65
  340    11    21    46
  341    53    63    87
  342    27    37    61
  343     9    19    43
  344    56    66    90
  345    32    42    66
  346    43    53    77
  347    44    54    78
  348    58    68    92
  349    16    26    50
  350     7    17    41
  351    43    53    77
  352    20    30    53
  353    14    24    47
  354    46    56    79
  355    29    39    62
  356    56    66    89
  357    34    44    67
  358    21    31    54
  359    63    73    96
  360     1    11    34
  361    43    53    76
  362     2    12    35
  363    38    48    71
  364    27    37    60
  365    39    49    72
  366    19    29    52
  367    51    61    84
  368    62    72    94
  369    24    34    56
  370    27    37    59
  371    33    43    65
  372    56    66    88
  373    16    26    48
  374    19    29    51
  375    21    31    53
  376    51    61    83
  377    46    56    78
  378    32    42    64
  379    40    50    72
  380    29    39    61
  381    53    63    85
  382    55    65    86
  383    43    53    74
  384    66    76    97
  385    65    75    96
  386    30    40    61
  387    63    73    94
  388     7    17    38
  389    41    51    72
  390    16    26    47
  391    66    76    97
  392    14    24    44
  393    13    23    43
  394    32    42    62
  395    46    56    76
  396    45    55    75
  397    32    42    62
  398    67    77    97
  399    67    77    97
  400     5    15    35
  401    64    74    94
  402    45    55    75
  403    42    52    72
  404    53    63    82
  405    18    28    47
  406    23    33    52
  407    37    47    66
  408    43    53    72
  409    26    36    55
  410    55    65    84
  411    31    41    60
  412    29    39    58
  413    53    63    82
  414    65    75    93
  415    40    50    68
  416    60    70    88
  417    63    73    91
  418    56    66    84
  419    35    45    63
  420    56    66    84
  421    38    48    66
  422    47    57    75
  423    38    48    66
  424    40    50    68
  425    57    67    85
  426    10    20    38
  427    35    45    63
  428    62    72    90
  429    56    66    84
  430    27    37    55
  431    68    78    96
  432    68    78    96
  433    51    61    79
  434    71    81    98
  435    72    82    99
  436    17    27    44
  437    58    68    85
  438    64    74    91
  439     1    11    28
  440    49    59    76
  441     8    18    35
  442     6    16    33
  443    44    54    71
  444    64    74    91
  445    19    29    46
  446    56    66    83
  447    48    58    75
  448    47    57    74
  449    65    75    92
  450    71    81    97
  451    14    24    40
  452    14    24    40
  453    58    68    84
  454    49    59    75
  455    37    47    63
  456    18    28    44
  457    35    45    61
  458    48    58    74
  459    70    80    96
  460    28    38    54
  461    69    79    95
  462    10    20    35
  463    72    82    97
  464    41    51    66
  465    66    76    91
  466    29    39    54
  467    64    74    89
  468    43    53    68
  469    21    31    46
  470    38    48    63
  471    70    80    95
  472    62    72    87
  473    14    24    39
  474    57    67    82
  475    36    46    61
  476    33    43    57
  477    65    75    89
  478    73    83    97
  479    62    72    86
  480    45    55    69
  481    19    29    43
  482    17    27    41
  483    66    76    90
  484    75    85    99
  485    57    67    81
  486    66    76    90
  487    67    77    91
  488    49    59    73
  489    72    82    96
  490    61    71    85
  491    55    65    79
  492    10    20    34
  493     6    16    30
  494    71    81    95
  495    38    48    61
  496    45    55    68
  497    67    77    90
  498    60    70    83
  499    66    76    89
  500    61    71    84
  501    51    61    74
  502    15    25    38
  503    69    79    92
  504    71    81    94
  505    75    85    98
  506    72    82    95
  507     1    11    24
  508    60    70    82
  509    35    45    57
  510    54    64    76
  511    76    86    98
  512    42    52    64
  513    60    70    82
  514    54    64    76
  515     6    16    28
  516    15    25    37
  517    76    86    98
  518    35    45    57
  519    49    59    71
  520    55    65    77
  521    60    70    82
  522    39    49    61
  523    27    37    49
  524    47    57    69
  525    76    86    98
  526    49    59    71
  527    75    85    96
  528    26    36    47
  529    76    86    97
  530    24    34    45
  531    52    62    73
  532    68    78    89
  533    51    61    72
  534    62    72    83
  535    46    56    67
  536    76    86    97
  537    26    36    47
  538    76    86    97
  539    43    53    64
  540    66    76    87
  541     4    14    25
  542    54    64    75
  543    78    88    99
  544    68    78    89
  545    27    37    48
  546    21    31    42
  547    53    63    74
  548     7    17    28
  549    73    83    94
  550    72    82    93
  551    78    88    99
  552    78    88    98
  553    75    85    95
  554    35    45    55
  555    51    61    71
  556    74    84    94
  557    79    89    99
  558    66    76    86
  559    75    85    95
  560    67    77    87
  561    74    84    94
  562    70    80    90
  563    72    82    92
  564    78    88    98
  565    19    29    39
  566    26    36    46
  567    74    84    94
  568    70    80    90
  569    62    72    82
  570     5    15    25
  571    49    59    69
  572     2    12    21
  573    45    55    64
  574    78    88    97
  575    33    43    52
  576    78    88    97
  577    78    88    97
  578    26    36    45
  579     9    19    28
  580    30    40    49
  581    33    43    52
  582    77    87    96
  583    76    86    95
  584    73    83    91
  585    24    34    42
  586    65    75    83
  587     1    11    19
  588    14    24    32
  589    75    85    93
  590    15    25    33
  591    80    90    98
  592    81    91    99
  593    78    88    96
  594    66    76    84
  595    51    61    69
  596    72    82    90
  597    51    61    69
  598    75    85    93
  599    63    73    81
  600    72    82    90
  601     5    15    23
  602    70    80    88
  603    81    91    99
  604    65    75    83
  605    66    76    84
  606    51    61    69
  607    78    88    95
  608    15    25    32
  609    82    92    99
  610    38    48    55
  611    49    59    66
  612    73    83    90
  613    66    76    83
  614    66    76    83
  615    56    66    73
  616    66    76    83
  617    82    92    99
  618    34    44    51
  619    81    91    98
  620    41    51    58
  621    75    85    92
  622    78    88    95
  623    67    77    84
  624    31    41    48
  625    82    92    99
  626    44    54    61
  627    70    80    86
  628    52    62    68
  629    76    86    92
  630    22    32    38
  631    81    91    97
  632    31    41    47
  633    77    87    93
  634    68    78    84
  635    11    21    27
  636    69    79    85
  637    71    81    87
  638    26    36    42
  639    65    75    81
  640    17    27    33
  641    58    68    74
  642    74    84    90
  643    49    59    65
  644    43    53    59
  645    17    27    33
  646    34    44    50
  647     4    14    20
  648    73    83    89
  649    73    83    89
  650    66    76    82
  651    10    20    26
  652    58    68    74
  653    58    68    74
  654    80    90    96
  655    78    88    94
  656    14    24    30
  657     5    15    21
  658    28    38    44
  659    69    79    85
  660    21    31    37
  661    82    92    98
  662    24    34    40
  663    74    84    90
  664    50    60    66
  665    10    20    26
  666     5    15    21
  667    55    65    70
  668    73    83    88
  669    79    89    94
  670    67    77    82
  671    63    73    78
  672    73    83    88
  673    74    84    89
  674    68    78    83
  675    83    93    98
  676    81    91    96
  677    31    41    46
  678    79    89    94
  679    53    63    68
  680     3    13    18
  681    24    34    39
  682    58    68    73
  683    60    70    75
  684    82    92    97
  685    44    54    59
  686    70    80    85
  687    54    64    69
  688    74    84    89
  689    73    83    88
  690    66    76    81
  691    68    78    83
  692    66    76    81
  693    52    62    67
  694     5    15    20
  695    72    82    87
  696    79    89    93
  697    84    94    98
  698    77    87    91
  699    81    91    95
  700    77    87    91
  701    48    58    62
  702    65    75    79
  703    82    92    96
  704    14    24    28
  705    51    61    65
  706    34    44    48
  707    54    64    68
  708    72    82    86
  709    85    95    99
  710    81    91    95
  711    82    92    96
  712    81    91    95
  713    73    83    87
  714    78    88    92
  715    29    39    43
  716    58    68    72
  717    80    90    94
  718    75    85    89
  719    59    69    73
  720    38    48    52
  721    44    54    58
  722    34    44    48
  723    46    56    60
  724    53    63    67
  725    82    92    96
  726    84    94    98
  727    56    66    69
  728    77    87    90
  729    67    77    80
  730    62    72    75
  731    76    86    89
  732    85    95    98
  733    10    20    23
  734     1    11    14
  735    75    85    88
  736    66    76    79
  737    78    88    91
  738    83    93    96
  739    73    83    86
  740     8    18    21
  741    85    95    98
  742    86    96    99
  743    53    63    66
  744    86    96    99
  745    48    58    61
  746    77    87    90
  747    81    91    94
  748    29    39    42
  749     9    19    22
  750    68    78    81
  751    86    96    99
  752    82    92    95
  753    85    95    98
  754    86    96    99
  755    49    59    62
  756    25    35    38
  757    66    76    79
  758    41    51    54
  759    81    91    94
  760    86    96    99
  761    30    40    43
  762    70    80    83
  763    79    89    92
  764    56    66    68
  765    42    52    54
  766    35    45    47
  767    26    36    38
  768    52    62    64
  769    85    95    97
  770     2    12    14
  771    52    62    64
  772    83    93    95
  773    39    49    51
  774    78    88    90
  775    62    72    74
  776    35    45    47
  777    77    87    89
  778    71    81    83
  779    23    33    35
  780    78    88    90
  781    72    82    84
  782    85    95    97
  783    36    46    48
  784    62    72    74
  785    67    77    79
  786    82    92    94
  787    40    50    52
  788    83    93    95
  789     3    13    15
  790    86    96    98
  791    71    81    83
  792    65    75    77
  793    87    97    99
  794    77    87    89
  795    78    88    90
  796    65    75    77
  797    82    92    94
  798    60    70    72
  799    87    97    99
  800    25    35    36
  801    84    94    95
  802    86    96    97
  803    88    98    99
  804    87    97    98
  805    83    93    94
  806    69    79    80
  807    59    69    70
  808    36    46    47
  809    80    90    91
  810    38    48    49
  811    85    95    96
  812    82    92    93
  813    87    97    98
  814    33    43    44
  815    78    88    89
  816    88    98    99
  817    87    97    98
  818    79    89    90
  819    85    95    96
  820    86    96    97
  821    80    90    91
  822    78    88    89
  823    87    97    98
  824    85    95    96
  825    82    92    93
  826    51    61    62
  827    36    46    47
  828    23    33    34
  829    87    97    98
  830    53    63    64
  831    79    89    90
  832    99   100   100
  833    97   100   100
  834    90   100   100
  835    95   100   100
  836    98   100   100
  837    32    42    42
  838    89    99    99
  839    92   100   100
  840    91   100   100
  841    96   100   100
  842    95   100   100
  843    95   100   100
  844    85    95    95
  845    99   100   100
  846    95   100   100
  847    88    98    98
  848    98   100   100
  849    93   100   100
  850    87    97    97
  851    99   100   100
  852    99   100   100
  853    91   100   100
  854    96   100   100
  855   100   100   100
  856    94   100   100
  857    87    97    97
  858    26    36    36
  859   100   100   100
  860    95   100   100
  861    39    49    49
  862   100   100   100
  863    37    47    47
  864    89    99    99
  865    76    86    86
  866     3    13    13
  867    89    99    99
  868    85    95    95
  869   100   100   100
  870    90   100   100
  871    89    99    99
  872    91   100   100
  873    97   100   100
  874    98   100   100
  875   100   100   100
  876    85    95    95
  877    93   100   100
  878    92   100   100
  879    97   100   100
  880    95   100   100
  881    99   100   100
  882    99   100   100
  883   100   100   100
  884   100   100   100
  885   100   100   100
  886   100   100   100
  887    99   100   100
  888    99   100   100
  889    98   100   100
  890    88    98    98
  891    99   100   100
  892    91   100   100
  893    96   100   100
  894    99   100   100
  895    95   100   100
  896    92   100   100
  897    98   100   100
  898    97   100   100
  899    96   100   100
  900    75    85    85
  901    68    78    78
  902    93   100   100
  903    96   100   100
  904   100   100   100
  905    62    72    72
  906    91   100   100
  907    95   100   100
  908    97   100   100
  909    94   100   100
  910    98   100   100
  911    95   100   100
  912    96   100   100
  913    99   100   100
  914    99   100   100
  915    77    87    87
  916    89    99    99
  917    89    99    99
  918    97   100   100
  919    85    95    95
  920    53    63    63
  921    75    85    85
  922    89    99    99
  923    96   100   100
  924    55    65    65
  925    96   100   100
  926    96   100   100
  927    89    99    99
  928    97   100   100
  929    99   100   100
  930   100   100   100
  931    18    28    28
  932   100   100   100
  933    98   100   100
  934    60    70    70
  935    94   100   100
  936    99   100   100
  937    88    98    98
  938    90   100   100
  939    38    48    48
  940    90   100   100
  941   100   100   100
  942    98   100   100
  943   100   100   100
  944    89    99    99
  945    68    78    78
  946    89    99    99
  947    95   100   100
  948    99   100   100
  949    91   100   100
  950    83    93    93
  951    98   100   100
  952    96   100   100
  953    96   100   100
  954    99   100   100
  955    91   100   100
  956    87    97    97
  957    43    53    53
  958    90   100   100
  959    90   100   100
  960    90   100   100
  961    96   100   100
  962    93   100   100
  963    89    99    99
  964    91   100   100
  965   100   100   100
  966    92   100   100
  967    97   100   100
  968    98   100   100
  969    98   100   100
  970    44    54    54
  971    88    98    98
  972    90   100   100
  973   100   100   100
  974    90   100   100
  975    93   100   100
  976    89    99    99
  977    73    83    83
  978    71    81    81
  979    91   100   100
  980    89    99    99
  981    26    36    36
  982    98   100   100
  983    77    87    87
  984    80    90    90
  985    99   100   100
  986    97   100   100
  987    97   100   100
  988    78    88    88
  989    93   100   100
  990    94   100   100
  991    91   100   100
  992    99   100   100
  993    97   100   100
  994    94   100   100
  995    93   100   100
  996    82    92    92
  997    94   100   100
  998    99   100   100
  999    94   100   100
  100