 1000
    0     3    13    99
    1     5    15    99
    2     6    16    98
    3     4    14    96
    4     5    15    96
    5     5    15    96
    6     9    19    99
    7     2    12    92
    8     2    12    91
    9    11    21    99
   10    10    20    97
   11     2    12    88
   12     5    15    91
   13    13    23    98
   14    10    20    94
   15    13    23    97
   16     8    18    92
   17    12    22    95
   18     9    19    92
   19     8    18    90
   20    10    20    92
   21     4    14    86
   22    11    21    92
   23     1    11    81
   24    13    23    93
   25     7    17    87
   26    14    24    93
   27    13    23    92
   28     3    13    79
   29     9    19    85
   30    10    20    86
   31    18    28    93
   32    12    22    86
   33    22    32    96
   34    19    29    93
   35    22    32    95
   36    13    23    85
   37    21    31    93
   38     5    15    77
   39     3    13    74
   40    20    30    91
   41    12    22    82
   42    22    32    92
   43    15    25    85
   44     5    15    74
   45    30    40    99
   46    29    39    98
   47    27    37    96
   48     8    18    77
   49    20    30    88
   50    26    36    94
   51    23    33    91
   52    12    22    80
   53     7    17    75
   54    26    36    94
   55    19    29    87
   56    17    27    85
   57    18    28    85
   58    16    26    83
   59    31    41    98
   60    13    23    79
   61    21    31    86
   62    14    24    79
   63    25    35    90
   64    17    27    82
   65     1    11    66
   66    31    41    96
   67    27    37    91
   68    19    29    83
   69    15    25    79
   70     6    16    70
   71    30    40    94
   72    35    45    98
   73     8    18    71
   74    23    33    85
   75    36    46    98
   76     8    18    70
   77    29    39    91
   78     1    11    63
   79    13    23    75
   80    35    45    97
   81    29    39    91
   82    16    26    77
   83    12    22    73
   84     9    19    70
   85    22    32    83
   86    20    30    81
   87    24    34    84
   88    34    44    94
   89    29    39    89
   90    16    26    76
   91     7    17    67
   92    10    20    70
   93    39    49    98
   94    40    50    99
   95    35    45    94
   96    25    35    84
   97     6    16    65
   98    21    31    80
   99    35    45    94
  100    26    36    85
  101    29    39    88
  102     1    11    59
  103    15    25    73
  104    26    36    84
  105    16    26    74
  106    33    43    90
  107    26    36    83
  108     3    13    60
  109    36    46    92
  110    38    48    94
  111    23    33    79
  112    35    45    91
  113    41    51    97
  114    34    44    90
  115    27    37    83
  116    42    52    98
  117     8    18    64
  118     4    14    60
  119    30    40    85
  120    22    32    77
  121    32    42    87
  122    16    26    71
  123    20    30    75
  124    43    53    98
  125    18    28    73
  126     3    13    58
  127    15    25    70
  128    38    48    92
  129    42    52    96
  130    43    53    97
  131    38    48    92
  132    30    40    84
  133    41    51    95
  134    28    38    82
  135    25    35    79
  136    13    23    66
  137    35    45    88
  138    37    47    90
  139     8    18    61
  140    19    29    72
  141    40    50    93
  142    33    43    86
  143    39    49    92
  144    15    25    68
  145    38    48    91
  146    15    25    68
  147    43    53    96
  148    13    23    65
  149    33    43    85
  150    36    46    88
  151    15    25    67
  152    28    38    79
  153    17    27    68
  154     8    18    59
  155    14    24    65
  156    29    39    80
  157    18    28    69
  158    48    58    99
  159    49    59    99
  160    40    50    90
  161    24    34    74
  162    47    57    97
  163    48    58    98
  164    30    40    80
  165     6    16    56
  166    40    50    89
  167    34    44    83
  168    35    45    84
  169    46    56    95
  170    43    53    92
  171    39    49    88
  172    18    28    66
  173    48    58    96
  174    48    58    96
  175    30    40    78
  176    41    51    89
  177    44    54    92
  178    41    51    89
  179    48    58    96
  180     4    14    52
  181    50    60    98
  182    43    53    91
  183    38    48    86
  184    27    37    74
  185    27    37    74
  186    51    61    98
  187    28    38    75
  188    46    56    93
  189    38    48    85
  190    45    55    92
  191    41    51    88
  192    18    28    64
  193    48    58    94
  194    27    37    73
  195    27    37    73
  196    33    43    79
  197    37    47    83
  198    32    42    78
  199    19    29    65
  200    33    43    79
  201    49    59    94
  202    43    53    88
  203    48    58    93
  204    54    64    99
  205    17    27    62
  206    42    52    87
  207    46    56    91
  208    24    34    69
  209    41    51    86
  210    21    31    66
  211    50    60    95
  212     7    17    51
  213    52    62    96
  214    54    64    98
  215    36    46    80
  216     1    11    45
  217    30    40    73
  218    33    43    76
  219    50    60    93
  220    28    38    71
  221    36    46    79
  222    38    48    81
  223     1    11    43
  224    50    60    92
  225     9    19    51
  226     6    16    48
  227    45    55    87
  228    14    24    56
  229    19    29    61
  230    10    20    52
  231    31    41    73
  232    49    59    91
  233    41    51    83
  234    56    66    98
  235    14    24    55
  236    13    23    54
  237    45    55    86
  238    27    37    68
  239    35    45    75
  240    52    62    92
  241    50    60    90
  242    45    55    85
  243     5    15    45
  244    28    38    68
  245    47    57    87
  246    39    49    79
  247    46    56    86
  248    39    49    79
  249    31    41    71
  250    36    46    76
  251     8    18    48
  252    53    63    93
  253    39    49    79
  254    56    66    96
  255    11    21    50
  256    59    69    98
  257    47    57    86
  258    26    36    65
  259     1    11    40
  260    43    53    82
  261    26    36    65
  262    58    68    97
  263    28    38    67
  264     7    17    46
  265     9    19    48
  266    28    38    66
  267    47    57    85
  268    28    38    66
  269    49    59    87
  270    26    36    64
  271    26    36    64
  272    55    65    93
  273    39    49    77
  274    47    57    85
  275    57    67    95
  276    19    29    57
  277    16    26    54
  278    58    68    96
  279    56    66    94
  280    60    70    97
  281    59    69    96
  282    51    61    88
  283    30    40    67
  284    59    69    96
  285    40    50    77
  286    17    27    54
  287    23    33    60
  288    55    65    92
  289    20    30    57
  290    38    48    75
  291    61    71    98
  292    63    73    99
  293    19    29    55
  294    60    70    96
  295    26    36    62
  296    29    39    65
  297     6    16    42
  298    54    64    90
  299    31    41    67
  300    26    36    62
  301    62    72    98
  302    39    49    75
  303    55    65    91
  304    45    55    81
  305    18    28    54
  306    23    33    59
  307    54    64    89
  308     7    17    42
  309    42    52    77
  310    36    46    71
  311    39    49    74
  312    51    61    86
  313     1    11    36
  314    37    47    72
  315    32    42    67
  316    51    61    86
  317    36    46    71
  318    33    43    68
  319    63    73    98
  320    33    43    68
  321    60    70    94
  322    53    63    87
  323    33    43    67
  324    63    73    97
  325    19    29    53
  326    59    69    93
  327    34    44    68
  328    32    42    66
  329    59    69    93
  330    59    69    93
  331    37    47    71
  332    61    71    95
  333    45    55    79
  334    45    55    78
  335    52    62    85
  336    51    61    84
  337    32    42    65
  338    50    60    83
  339    52    62    85
  340    50    60    83
  341    42    52    75
  342    49    59    81
  343    19    29    51
  344    38    48    70
  345    10    20    42
  346    26    36    58
  347    45    55    77
  348    32    42    64
  349    67    77    98
  350    31    41    62
  351    52    62    83
  352     1    11    32
  353    27    37    58
  354    43    53    74
  355    50    60    81
  356    16    26    47
  357    42    52    73
  358    52    62    83
  359    44    54    75
  360    55    65    86
  361    38    48    69
  362    14    24    45
  363    47    57    78
  364    54    64    85
  365    17    27    48
  366    51    61    81
  367    67    77    97
  368    44    54    74
  369    32    42    62
  370    64    74    94
  371    62    72    92
  372    44    54    74
  373    45    55    75
  374    53    63    83
  375    16    26    46
  376    43    53    73
  377    14    24    44
  378    41    51    70
  379    64    74    93
  380    47    57    76
  381     7    17    36
  382    52    62    81
  383    68    78    97
  384    40    50    69
  385    44    54    73
  386    66    76    95
  387    67    77    96
  388    32    42    61
  389    11    21    40
  390    40    50    69
  391    27    37    56
  392    20    30    49
  393    25    35    53
  394    69    79    97
  395    31    41    59
  396    31    41    59
  397    51    61    79
  398    65    75    93
  399    58    68    86
  400    69    79    97
  401    68    78    96
  402    46    56    74
  403     9    19    37
  404    53    63    81
  405    70    80    98
  406    55    65    83
  407    34    44    62
  408    26    36    53
  409    42    52    69
  410    24    34    51
  411     5    15    32
  412    29    39    56
  413    28    38    55
  414    72    82    99
  415    33    43    60
  416    37    47    64
  417    72    82    99
  418    59    69    86
  419    24    34    51
  420    69    79    96
  421    66    76    93
  422    71    81    98
  423    70    80    96
  424    33    43    59
  425    43    53    69
  426    43    53    69
  427    36    46    62
  428    35    45    61
  429    22    32    48
  430    69    79    95
  431    59    69    85
  432    73    83    99
  433    23    33    49
  434    73    83    99
  435    54    64    80
  436    73    83    99
  437    73    83    99
  438    63    73    89
  439    51    61    77
  440    21    31    47
  441    66    76    92
  442    41    51    67
  443    37    47    63
  444    23    33    48
  445    74    84    99
  446    70    80    95
  447    32    42    57
  448    15    25    40
  449    24    34    49
  450    48    58    73
  451    68    78    93
  452    61    71    86
  453    16    26    41
  454    55    65    80
  455    65    75    90
  456    70    80    95
  457    71    81    96
  458    54    64    79
  459    21    31    46
  460    48    58    73
  461    35    45    60
  462    70    80    95
  463    30    40    55
  464    70    80    95
  465     9    19    34
  466    67    77    92
  467    18    28    43
  468    28    38    53
  469    72    82    97
  470    67    77    92
  471    68    78    92
  472    34    44    58
  473    68    78    92
  474    40    50    64
  475    61    71    85
  476    35    45    59
  477    41    51    65
  478    75    85    99
  479    22    32    46
  480    66    76    90
  481    70    80    94
  482    75    85    99
  483    19    29    43
  484    69    79    93
  485    20    30    44
  486    60    70    84
  487    61    71    85
  488    72    82    96
  489    60    70    84
  490    70    80    94
  491    51    61    75
  492    50    60    73
  493    29    39    52
  494    68    78    91
  495    76    86    99
  496    76    86    99
  497    20    30    43
  498    76    86    99
  499     7    17    30
  500    69    79    92
  501    14    24    37
  502    68    78    91
  503    74    84    97
  504     6    16    29
  505    67    77    90
  506    63    73    86
  507    73    83    96
  508    68    78    91
  509    17    27    40
  510    76    86    99
  511    76    86    98
  512    47    57    69
  513    73    83    95
  514    67    77    89
  515     9    19    31
  516    73    83    95
  517    51    61    73
  518    74    84    96
  519    75    85    97
  520    37    47    59
  521    26    36    48
  522    28    38    50
  523    45    55    67
  524    29    39    51
  525    34    44    56
  526    73    83    95
  527    74    84    96
  528    53    63    75
  529    42    52    63
  530    47    57    68
  531     5    15    26
  532    75    85    96
  533    23    33    44
  534    15    25    36
  535    65    75    86
  536    51    61    72
  537    63    73    84
  538    63    73    84
  539    62    72    83
  540    68    78    89
  541     6    16    27
  542    78    88    99
  543    64    74    85
  544    79    89    99
  545    60    70    80
  546    41    51    61
  547    51    61    71
  548    19    29    39
  549    78    88    98
  550    31    41    51
  551    40    50    60
  552    60    70    80
  553    35    45    55
  554    79    89    99
  555    31    41    51
  556    49    59    69
  557    71    81    91
  558    42    52    62
  559    52    62    72
  560    35    45    55
  561    73    83    93
  562    26    36    45
  563    78    88    97
  564    75    85    94
  565    61    71    80
  566    27    37    46
  567    62    72    81
  568    69    79    88
  569    35    45    54
  570    64    74    83
  571    59    69    78
  572    67    77    86
  573     6    16    25
  574    37    47    56
  575     1    11    20
  576    39    49    58
  577    41    51    60
  578    76    86    95
  579    66    76    85
  580    76    86    95
  581    72    82    91
  582    49    59    68
  583    35    45    54
  584    50    60    69
  585    80    90    99
  586    30    40    49
  587    56    66    75
  588    78    88    97
  589    58    68    77
  590    71    81    89
  591    70    80    88
  592    72    82    90
  593    68    78    86
  594    75    85    93
  595    51    61    69
  596    81    91    99
  597    50    60    68
  598    70    80    88
  599    81    91    99
  600    41    51    59
  601    38    48    56
  602    20    30    38
  603     7    17    25
  604    74    84    92
  605    65    75    83
  606    74    84    91
  607    45    55    62
  608    64    74    81
  609    58    68    75
  610    82    92    99
  611    68    78    85
  612    76    86    93
  613    77    87    94
  614    62    72    79
  615    53    63    70
  616    40    50    57
  617    60    70    77
  618    67    77    84
  619    60    70    77
  620    62    72    79
  621    64    74    81
  622    69    79    86
  623    68    78    85
  624    78    88    95
  625    39    49    56
  626    81    91    98
  627    22    32    39
  628    56    66    73
  629    67    77    84
  630    45    55    62
  631    34    44    51
  632    42    52    59
  633    37    47    54
  634    77    87    94
  635    80    90    97
  636    20    30    37
  637    61    71    78
  638    15    25    32
  639    61    71    77
  640    79    89    95
  641    67    77    83
  642    79    89    95
  643    81    91    97
  644    24    34    40
  645    18    28    34
  646     6    16    22
  647    66    76    82
  648    41    51    57
  649    19    29    35
  650    79    89    95
  651    54    64    70
  652    66    76    82
  653    51    61    67
  654    67    77    83
  655    71    81    87
  656    55    65    71
  657    45    55    61
  658    69    79    85
  659    16    26    32
  660    65    75    81
  661    14    24    30
  662    49    59    65
  663    73    83    89
  664    58    68    74
  665    33    43    49
  666    81    91    97
  667    74    84    90
  668    69    79    85
  669    70    80    86
  670    79    89    95
  671    14    24    29
  672    81    91    96
  673    62    72    77
  674    84    94    99
  675    66    76    81
  676    74    84    89
  677    77    87    92
  678    76    86    91
  679    35    45    50
  680    62    72    77
  681    81    91    96
  682    46    56    61
  683    50    60    65
  684    81    91    96
  685    74    84    89
  686    38    48    53
  687    71    81    86
  688     8    18    23
  689     7    17    22
  690     4    14    19
  691    53    63    68
  692    69    79    84
  693    28    38    43
  694    80    90    95
  695    82    92    97
  696    59    69    74
  697    16    26    30
  698     7    17    21
  699     5    15    19
  700    80    90    94
  701    27    37    41
  702    83    93    97
  703    79    89    93
  704    77    87    91
  705    82    92    96
  706    26    36    40
  707    83    93    97
  708    78    88    92
  709    77    87    91
  710    50    60    64
  711    83    93    97
  712    15    25    29
  713    14    24    28
  714    84    94    98
  715    85    95    99
  716    54    64    68
  717    78    88    92
  718    61    71    75
  719    50    60    64
  720    34    44    48
  721    54    64    68
  722    63    73    77
  723    73    83    87
  724    58    68    72
  725     9    19    23
  726    73    83    87
  727    21    31    35
  728    73    83    87
  729    31    41    45
  730    63    73    76
  731    75    85    88
  732    84    94    97
  733    65    75    78
  734    85    95    98
  735    22    32    35
  736    45    55    58
  737    83    93    96
  738    28    38    41
  739    62    72    75
  740    42    52    55
  741    78    88    91
  742    84    94    97
  743     1    11    14
  744    11    21    24
  745    31    41    44
  746    85    95    98
  747    69    79    82
  748    68    78    81
  749     5    15    18
  750    86    96    99
  751    12    22    25
  752    43    53    56
  753    76    86    89
  754    64    74    77
  755    24    34    37
  756    84    94    97
  757    24    34    37
  758    86    96    99
  759    40    50    53
  760    65    75    78
  761    79    89    92
  762    86    96    99
  763    49    59    62
  764    85    95    98
  765    71    81    84
  766    57    67    70
  767    87    97    99
  768    81    91    93
  769    85    95    97
  770    57    67    69
  771    73    83    85
  772    81    91    93
  773    43    53    55
  774    11    21    23
  775    74    84    86
  776    53    63    65
  777    82    92    94
  778    87    97    99
  779    87    97    99
  780    84    94    96
  781    68    78    80
  782    77    87    89
  783    82    92    94
  784    82    92    94
  785    84    94    96
  786    55    65    67
  787    87    97    99
  788    62    72    74
  789    84    94    96
  790    87    97    99
  791    80    90    92
  792    78    88    90
  793    81    91    93
  794    10    20    22
  795    80    90    92
  796    61    71    73
  797    70    80    82
  798    87    97    99
  799     4    14    16
  800    86    96    98
  801    85    95    97
  802    70    80    81
  803    66    76    77
  804    83    93    94
  805    51    61    62
  806    70    80    81
  807    70    80    81
  808    71    81    82
  809    72    82    83
  810    29    39    40
  811    47    57    58
  812    73    83    84
  813    63    73    74
  814    17    27    28
  815    82    92    93
  816    81    91    92
  817    54    64    65
  818    73    83    84
  819    85    95    96
  820    85    95    96
  821     6    16    17
  822    75    85    86
  823    87    97    98
  824    79    89    90
  825    86    96    97
  826    68    78    79
  827    64    74    75
  828    87    97    98
  829     5    15    16
  830    85    95    96
  831    47    57    58
  832    79    89    90
  833    90   100   100
  834    97   100   100
  835    97   100   100
  836    79    89    89
  837    95   100   100
  838    91   100   100
  839    99   100   100
  840    63    73    73
  841    87    97    97
  842    11    21    21
  843    94   100   100
  844    90   100   100
  845    99   100   100
  846    84    94    94
  847    81    91    91
  848    96   100   100
  849    88    98    98
  850    98   100   100
  851    89    99    99
  852    92   100   100
  853    97   100   100
  854    94   100   100
  855    89    99    99
  856    99   100   100
  857    90   100   100
  858    99   100   100
  859    91   100   100
  860    95   100   100
  861    94   100   100
  862    90   100   100
  863    84    94    94
  864    88    98    98
  865    93   100   100
  866    36    46    46
  867    89    99    99
  868    97   100   100
  869    99   100   100
  870    96   100   100
  871    58    68    68
  872    92   100   100
  873    62    72    72
  874    88    98    98
  875    96   100   100
  876    93   100   100
  877   100   100   100
  878    96   100   100
  879    96   100   100
  880    89    99    99
  881    68    78    78
  882    98   100   100
  883    98   100   100
  884    98   100   100
  885    94   100   100
  886    78    88    88
  887    86    96    96
  888    89    99    99
  889    98   100   100
  890    95   100   100
  891    97   100   100
  892    90   100   100
  893    95   100   100
  894    95   100   100
  895    54    64    64
  896    93   100   100
  897    91   100   100
  898    85    95    95
  899    88    98    98
  900    93   100   100
  901    92   100   100
  902    95   100   100
  903    92   100   100
  904    89    99    99
  905    97   100   100
  906    91   100   100
  907    96   100   100
  908    66    76    76
  909    98   100   100
  910    99   100   100
  911    95   100   100
  912    91   100   100
  913    89    99    99
  914    91   100   100
  915    95   100   100
  916    97   100   100
  917    95   100   100
  918    92   100   100
  919    99   100   100
  920    96   100   100
  921    82    92    92
  922    85    95    95
  923    91   100   100
  924    70    80    80
  925   100   100   100
  926    97   100   100
  927    88    98    98
  928    93   100   100
  929    88    98    98
  930    97   100   100
  931    94   100   100
  932    91   100   100
  933    85    95    95
  934    97   100   100
  935    90   100   100
  936    94   100   100
  937    89    99    99
  938    92   100   100
  939   100   100   100
  940    96   100   100
  941    95   100   100
  942    89    99    99
  943    76    86    86
  944    89    99    99
  945    91   100   100
  946    95   100   100
  947    97   100   100
  948    97   100   100
  949    97   100   100
  950    98   100   100
  951    89    99    99
  952    96   100   100
  953    81    91    91
  954    97   100   100
  955    89    99    99
  956    91   100   100
  957    96   100   100
  958    93   100   100
  959    93   100   100
  960    94   100   100
  961    98   100   100
  962    84    94    94
  963    97   100   100
  964    95   100   100
  965    83    93    93
  966    85    95    95
  967    90   100   100
  968    94   100   100
  969    96   100   100
  970    96   100   100
  971    89    99    99
  972    90   100   100
  973    43    53    53
  974    92   100   100
  975    29    39    39
  976   100   100   100
  977    92   100   100
  978    98   100   100
  979    68    78    78
  980    68    78    78
  981    99   100   100
  982    89    99    99
  983    89    99    99
  984    90   100   100
  985    97   100   100
  986    98   100   100
  987    95   100   100
  988    88    98    98
  989    89    99    99
  990    98   100   100
  991    95   100   100
  992    99   100   100
  993    81    91    91
  994    97   100   100
  995    90   100   100
  996   100   100   100
  997    11    21    21
  998    86    96    96
  999    85    95    95
  100