  500
    0     2     2    95
    1     4     4    95
    2     3     3    94
    3     8     8    96
    4    12    12    99
    5     1     1    87
    6     8     8    94
    7    14    14    98
    8    13    13    97
    9     1     1    84
   10     7     7    89
   11     4     4    85
   12     5     5    86
   13    18    18    99
   14    17    17    97
   15    18    18    98
   16    15    15    94
   17     5     5    84
   18     8     8    87
   19    15    15    93
   20    22    22    98
   21    11    11    86
   22     8     8    81
   23     7     7    77
   24    30    30    99
   25    27    27    96
   26    26    26    95
   27    20    20    87
   28     4     4    71
   29    24    24    90
   30    30    30    96
   31     1     1    67
   32    18    18    83
   33    12    12    77
   34     1     1    66
   35    18    18    82
   36    25    25    89
   37    15    15    79
   38    32    32    96
   39    34    34    97
   40    20    20    83
   41    37    37    99
   42    29    29    91
   43    13    13    75
   44    24    24    85
   45    11    11    71
   46    15    15    75
   47     7     7    66
   48    11    11    70
   49    14    14    73
   50     4     4    63
   51    20    20    79
   52    29    29    87
   53     7     7    65
   54    22    22    79
   55    28    28    85
   56    32    32    89
   57    25    25    82
   58    30    30    87
   59    39    39    96
   60    37    37    94
   61    40    40    96
   62    35    35    91
   63    19    19    74
   64    45    45    99
   65    36    36    90
   66    36    36    90
   67    20    20    74
   68    37    37    91
   69    40    40    94
   70    20    20    74
   71     2     2    56
   72    11    11    64
   73    38    38    91
   74    24    24    77
   75    43    43    95
   76     1     1    53
   77    46    46    98
   78    18    18    70
   79    15    15    67
   80    10    10    61
   81     7     7    58
   82    43    43    94
   83    34    34    85
   84    22    22    72
   85    38    38    88
   86    35    35    85
   87    44    44    94
   88    19    19    69
   89    38    38    87
   90    22    22    71
   91    10    10    58
   92    39    39    87
   93    44    44    91
   94    33    33    80
   95    34    34    81
   96    24    24    70
   97    50    50    96
   98     6     6    52
   99    36    36    82
  100    49    49    94
  101    21    21    66
  102    27    27    72
  103    12    12    57
  104    12    12    57
  105    40    40    84
  106    28    28    72
  107    36    36    80
  108    11    11    55
  109     6     6    49
  110    48    48    91
  111    38    38    80
  112    46    46    88
  113    32    32    74
  114    29    29    71
  115    54    54    95
  116     8     8    49
  117    13    13    54
  118    51    51    92
  119    55    55    96
  120    48    48    89
  121    49    49    90
  122    44    44    84
  123    22    22    62
  124    12    12    52
  125    56    56    95
  126    46    46    85
  127     3     3    42
  128    38    38    77
  129    57    57    96
  130    52    52    90
  131    22    22    60
  132     8     8    46
  133    18    18    56
  134    60    60    98
  135    49    49    86
  136    56    56    93
  137    25    25    61
  138    34    34    70
  139     3     3    39
  140    64    64    99
  141    32    32    67
  142    43    43    78
  143    38    38    73
  144    23    23    58
  145    59    59    94
  146    15    15    50
  147    24    24    58
  148    23    23    57
  149    59    59    93
  150    39    39    73
  151    57    57    91
  152    48    48    81
  153    41    41    74
  154     5     5    38
  155     7     7    40
  156    42    42    75
  157    37    37    69
  158    45    45    77
  159    64    64    96
  160    32    32    64
  161     9     9    41
  162    66    66    98
  163     6     6    37
  164    30    30    61
  165    51    51    82
  166    41    41    71
  167     9     9    39
  168    39    39    69
  169    68    68    97
  170    32    32    61
  171    43    43    72
  172    69    69    98
  173    27    27    56
  174     6     6    35
  175    12    12    41
  176    69    69    98
  177    14    14    43
  178    33    33    61
  179    39    39    67
  180    68    68    96
  181    28    28    55
  182    47    47    74
  183    48    48    75
  184    41    41    68
  185    66    66    92
  186    72    72    98
  187    44    44    70
  188    72    72    98
  189    32    32    58
  190    20    20    46
  191    61    61    87
  192    12    12    38
  193    59    59    84
  194    69    69    94
  195    56    56    81
  196    60    60    85
  197    67    67    92
  198    74    74    99
  199    73    73    98
  200    43    43    68
  201     7     7    32
  202    49    49    74
  203    63    63    87
  204    74    74    98
  205    75    75    99
  206    52    52    76
  207    19    19    43
  208    71    71    95
  209    33    33    56
  210    67    67    90
  211    55    55    78
  212    61    61    84
  213    70    70    92
  214    52    52    74
  215    30    30    52
  216    24    24    46
  217    76    76    98
  218    37    37    59
  219    41    41    63
  220    75    75    97
  221    64    64    86
  222    67    67    89
  223    61    61    83
  224    65    65    86
  225    76    76    97
  226    13    13    34
  227    74    74    95
  228    69    69    90
  229    74    74    95
  230    74    74    94
  231    50    50    70
  232    55    55    75
  233    19    19    39
  234    35    35    55
  235    18    18    38
  236    73    73    93
  237    41    41    61
  238    72    72    92
  239    52    52    72
  240    20    20    40
  241    64    64    84
  242    79    79    98
  243    78    78    97
  244    49    49    67
  245    24    24    42
  246    43    43    61
  247    46    46    64
  248    72    72    90
  249    64    64    82
  250    39    39    57
  251    71    71    88
  252    81    81    98
  253    14    14    31
  254    54    54    71
  255    22    22    39
  256    37    37    53
  257    72    72    88
  258    12    12    28
  259    60    60    76
  260    73    73    89
  261    83    83    99
  262    59    59    75
  263    73    73    89
  264    62    62    78
  265    47    47    62
  266    42    42    57
  267    42    42    57
  268    71    71    86
  269    58    58    73
  270    68    68    83
  271    40    40    55
  272    81    81    96
  273    71    71    86
  274    62    62    77
  275    64    64    79
  276    56    56    70
  277    82    82    96
  278    49    49    63
  279    60    60    74
  280    51    51    65
  281     4     4    18
  282    57    57    70
  283    69    69    82
  284    54    54    67
  285    38    38    51
  286    17    17    30
  287    59    59    72
  288    30    30    43
  289    83    83    96
  290    86    86    99
  291    18    18    31
  292    61    61    74
  293    75    75    87
  294    56    56    68
  295    86    86    98
  296    56    56    68
  297    13    13    25
  298    18    18    30
  299    55    55    67
  300    84    84    96
  301    40    40    52
  302    14    14    26
  303    79    79    91
  304    80    80    92
  305    15    15    27
  306    83    83    94
  307    35    35    46
  308    87    87    98
  309    69    69    80
  310    85    85    96
  311    66    66    77
  312    83    83    94
  313    69    69    80
  314    21    21    32
  315    26    26    37
  316     4     4    15
  317    38    38    49
  318    10    10    20
  319    74    74    84
  320    44    44    54
  321    63    63    73
  322    87    87    97
  323    40    40    50
  324    72    72    82
  325    11    11    21
  326    21    21    31
  327    84    84    94
  328    69    69    79
  329    88    88    98
  330    76    76    86
  331     5     5    14
  332    61    61    70
  333    51    51    60
  334    36    36    45
  335    69    69    78
  336    49    49    58
  337    49    49    58
  338    76    76    85
  339    69    69    77
  340    49    49    57
  341    32    32    40
  342    91    91    99
  343    75    75    83
  344     8     8    16
  345    39    39    47
  346    84    84    92
  347    89    89    97
  348    91    91    99
  349    54    54    62
  350    91    91    98
  351    88    88    95
  352    86    86    93
  353    81    81    88
  354    35    35    42
  355     9     9    16
  356     5     5    12
  357    92    92    98
  358    24    24    30
  359    71    71    77
  360    88    88    94
  361    76    76    82
  362    74    74    80
  363    89    89    95
  364    77    77    83
  365    33    33    39
  366    88    88    94
  367    91    91    97
  368    63    63    69
  369    76    76    82
  370    81    81    87
  371    81    81    86
  372    87    87    92
  373    94    94    99
  374    89    89    94
  375    19    19    24
  376    92    92    97
  377    67    67    72
  378    32    32    37
  379    53    53    58
  380    84    84    89
  381    79    79    84
  382    93    93    98
  383    89    89    94
  384    79    79    84
  385    75    75    80
  386    93    93    98
  387    92    92    97
  388    27    27    32
  389    88    88    93
  390    89    89    94
  391    70    70    75
  392    88    88    93
  393    46    46    50
  394    10    10    14
  395    76    76    80
  396    93    93    97
  397    85    85    89
  398    61    61    65
  399    63    63    67
  400    36    36    40
  401    11    11    15
  402    89    89    93
  403    60    60    64
  404    44    44    48
  405    93    93    97
  406    93    93    97
  407    65    65    69
  408    87    87    91
  409    59    59    62
  410    67    67    70
  411    13    13    16
  412    32    32    35
  413    96    96    99
  414    63    63    66
  415    91    91    94
  416    65    65    68
  417    94    94    97
  418    35    35    38
  419    86    86    89
  420    88    88    91
  421    17    17    20
  422    94    94    97
  423    93    93    96
  424    96    96    99
  425    27    27    30
  426    47    47    50
  427    39    39    42
  428    23    23    26
  429    89    89    92
  430    29    29    32
  431    81    81    84
  432    82    82    85
  433    90    90    93
  434    41    41    43
  435    93    93    95
  436    92    92    94
  437    73    73    75
  438    96    96    98
  439    40    40    42
  440    68    68    70
  441    90    90    92
  442    97    97    99
  443    94    94    96
  444    96    96    98
  445    76    76    78
  446    97    97    99
  447    96    96    98
  448    94    94    96
  449    74    74    75
  450    97    97    98
  451    79    79    80
  452    84    84    85
  453    25    25    26
  454    81    81    82
  455    46    46    47
  456    96    96    97
  457    95    95    96
  458     8     8     9
  459    86    86    87
  460    97    97    98
  461    81    81    82
  462    84    84    85
  463    98    98    99
  464    74    74    75
  465    95    95    96
  466    97    97    97
  467    99    99    99
  468    99    99    99
  469    91    91    91
  470    98    98    98
  471    85    85    85
  472    99    99    99
  473    78    78    78
  474    97    97    97
  475    98    98    98
  476    68    68    68
  477    85    85    85
  478    92    92    92
  479    88    88    88
  480    99    99    99
  481    97    97    97
  482    63    63    63
  483     4     4     4
  484    80    80    80
  485   100   100   100
  486     7     7     7
  487    58    58    58
  488    99    99    99
  489    59    59    59
  490    99    99    99
  491   100   100   100
  492   100   100   100
  493     4     4     4
  494    99    99    99
  495    96    96    96
  496    96    96    96
  497    18    18    18
  498    99    99    99
  499    96    96    96
  100