 1000
    0     1    11    96
    1     4    14    98
    2     4    14    96
    3     6    16    97
    4     7    17    98
    5     9    19    99
    6     5    15    95
    7     5    15    92
    8    13    23    99
    9     7    17    93
   10     8    18    94
   11     2    12    87
   12    13    23    98
   13     8    18    91
   14     3    13    86
   15     6    16    89
   16    14    24    97
   17    13    23    95
   18    10    20    92
   19    14    24    96
   20    17    27    98
   21     7    17    88
   22     5    15    85
   23    10    20    90
   24    18    28    98
   25    16    26    95
   26    15    25    94
   27     9    19    88
   28    17    27    95
   29    17    27    95
   30     8    18    86
   31     4    14    82
   32    18    28    96
   33     9    19    86
   34    19    29    96
   35     3    13    80
   36     2    12    79
   37    16    26    92
   38     6    16    82
   39    12    22    88
   40    20    30    96
   41    14    24    89
   42     8    18    83
   43    23    33    98
   44    22    32    97
   45     2    12    77
   46     4    14    78
   47    23    33    97
   48    17    27    91
   49    23    33    96
   50    18    28    91
   51    17    27    90
   52    17    27    89
   53     3    13    75
   54    28    38    99
   55    18    28    89
   56    21    31    92
   57     5    15    75
   58    27    37    97
   59    19    29    88
   60    12    22    81
   61    12    22    81
   62    25    35    94
   63     5    15    72
   64    24    34    91
   65    31    41    97
   66    14    24    80
   67    32    42    98
   68    17    27    83
   69    33    43    99
   70    15    25    80
   71    34    44    99
   72    33    43    98
   73    18    28    83
   74     2    12    67
   75    12    22    77
   76     6    16    71
   77    31    41    96
   78    30    40    95
   79    22    32    86
   80    17    27    81
   81    34    44    98
   82    16    26    80
   83    19    29    83
   84    19    29    83
   85    33    43    97
   86    18    28    81
   87    29    39    92
   88     5    15    68
   89    24    34    87
   90    12    22    74
   91    14    24    76
   92     4    14    66
   93    36    46    98
   94    31    41    92
   95    27    37    88
   96    35    45    96
   97    36    46    97
   98     7    17    67
   99    22    32    82
  100    19    29    79
  101    15    25    75
  102    36    46    96
  103     6    16    66
  104     9    19    69
  105    28    38    87
  106    26    36    85
  107    30    40    89
  108     4    14    63
  109    35    45    94
  110    21    31    80
  111    18    28    76
  112    24    34    82
  113    13    23    71
  114    14    24    72
  115    17    27    75
  116    28    38    86
  117    38    48    96
  118    26    36    84
  119    23    33    81
  120     6    16    64
  121    25    35    82
  122    20    30    77
  123     4    14    61
  124    37    47    94
  125    41    51    98
  126    28    38    85
  127    34    44    91
  128    20    30    77
  129     3    13    59
  130    16    26    72
  131    23    33    79
  132    23    33    79
  133    19    29    75
  134    29    39    85
  135     4    14    59
  136    41    51    96
  137    37    47    92
  138    28    38    83
  139    28    38    83
  140    22    32    77
  141    21    31    76
  142    30    40    85
  143     8    18    62
  144    24    34    78
  145    22    32    76
  146    44    54    98
  147    11    21    65
  148     6    16    60
  149    40    50    94
  150    17    27    71
  151    46    56    99
  152    46    56    99
  153    46    56    99
  154    18    28    71
  155    34    44    87
  156    32    42    85
  157    35    45    87
  158     1    11    53
  159    43    53    95
  160    43    53    95
  161    45    55    97
  162    41    51    93
  163     1    11    52
  164     3    13    54
  165    43    53    94
  166    25    35    76
  167    48    58    99
  168    48    58    98
  169    10    20    60
  170    45    55    95
  171    43    53    93
  172    42    52    92
  173    30    40    80
  174     3    13    52
  175    40    50    89
  176    34    44    83
  177    47    57    96
  178     5    15    54
  179    24    34    73
  180    25    35    74
  181    15    25    63
  182    14    24    62
  183    22    32    70
  184    43    53    91
  185    42    52    90
  186    22    32    70
  187    18    28    66
  188    50    60    98
  189    18    28    66
  190     7    17    54
  191    46    56    93
  192    40    50    87
  193    11    21    58
  194    36    46    83
  195    11    21    58
  196    52    62    99
  197    19    29    65
  198    20    30    66
  199     7    17    53
  200    27    37    72
  201    47    57    92
  202    47    57    92
  203     7    17    52
  204    52    62    97
  205    39    49    84
  206     9    19    54
  207    28    38    73
  208    26    36    71
  209    21    31    65
  210    29    39    73
  211    53    63    97
  212    31    41    75
  213    39    49    83
  214    45    55    89
  215    40    50    84
  216    50    60    94
  217    26    36    69
  218    47    57    90
  219    48    58    91
  220    16    26    59
  221    56    66    99
  222    37    47    80
  223    12    22    55
  224    37    47    80
  225     8    18    51
  226    48    58    91
  227    49    59    92
  228    26    36    68
  229    50    60    92
  230    43    53    85
  231    17    27    59
  232    34    44    76
  233     7    17    49
  234    49    59    91
  235    31    41    73
  236    32    42    74
  237    49    59    90
  238    58    68    99
  239    27    37    68
  240    22    32    63
  241    48    58    89
  242    40    50    81
  243    30    40    71
  244    41    51    82
  245    28    38    69
  246    40    50    80
  247    21    31    61
  248    51    61    91
  249    49    59    89
  250    24    34    64
  251     5    15    45
  252    36    46    76
  253    52    62    92
  254    50    60    90
  255    58    68    98
  256    15    25    55
  257    34    44    74
  258    45    55    84
  259    39    49    78
  260    60    70    99
  261    21    31    60
  262    15    25    54
  263    27    37    66
  264    53    63    92
  265    51    61    90
  266    59    69    97
  267     1    11    39
  268    55    65    93
  269    60    70    98
  270    42    52    80
  271    28    38    66
  272    14    24    52
  273     7    17    45
  274    31    41    68
  275    58    68    95
  276    60    70    97
  277    58    68    95
  278    55    65    92
  279     4    14    41
  280    36    46    73
  281    58    68    95
  282    53    63    90
  283    21    31    58
  284    58    68    95
  285    16    26    52
  286    39    49    75
  287    56    66    92
  288    54    64    90
  289    21    31    57
  290    39    49    75
  291    28    38    64
  292    41    51    77
  293    28    38    64
  294    64    74    99
  295    18    28    53
  296    57    67    92
  297    49    59    84
  298    46    56    81
  299    33    43    68
  300    51    61    86
  301    52    62    87
  302    55    65    90
  303    24    34    59
  304    26    36    61
  305    54    64    89
  306    55    65    90
  307    49    59    84
  308    56    66    90
  309     8    18    42
  310    47    57    81
  311    32    42    66
  312    33    43    67
  313    65    75    99
  314     1    11    35
  315    33    43    67
  316    42    52    76
  317    23    33    57
  318    16    26    50
  319    19    29    53
  320    30    40    64
  321    62    72    95
  322    22    32    55
  323    39    49    72
  324    22    32    55
  325    35    45    68
  326    23    33    56
  327    31    41    64
  328    29    39    62
  329     1    11    34
  330    11    21    44
  331    63    73    96
  332     7    17    40
  333    20    30    53
  334    43    53    76
  335    57    67    90
  336    50    60    83
  337    10    20    43
  338    65    75    98
  339    37    47    70
  340    40    50    72
  341    67    77    99
  342    21    31    53
  343    15    25    47
  344    11    21    43
  345     7    17    39
  346    28    38    60
  347    35    45    67
  348    61    71    93
  349    55    65    87
  350    50    60    82
  351    52    62    84
  352    21    31    53
  353    65    75    97
  354    59    69    91
  355    21    31    52
  356    37    47    68
  357    64    74    95
  358    44    54    75
  359    48    58    79
  360    58    68    89
  361    67    77    98
  362    45    55    76
  363    55    65    86
  364    51    61    81
  365    54    64    84
  366    31    41    61
  367     2    12    32
  368    41    51    71
  369    64    74    94
  370    41    51    71
  371    47    57    77
  372    50    60    80
  373    67    77    97
  374    55    65    85
  375    67    77    97
  376    28    38    58
  377    63    73    93
  378    16    26    46
  379    61    71    91
  380    59    69    89
  381    59    69    88
  382    42    52    71
  383    66    76    95
  384    51    61    80
  385    57    67    86
  386    63    73    92
  387    48    58    77
  388    21    31    50
  389    59    69    88
  390    68    78    97
  391    65    75    94
  392    61    71    90
  393    36    46    65
  394     4    14    33
  395    66    76    94
  396    46    56    74
  397    42    52    70
  398    57    67    85
  399    14    24    42
  400    69    79    97
  401     1    11    29
  402    63    73    91
  403    38    48    66
  404    21    31    49
  405    61    71    89
  406    57    67    85
  407     9    19    37
  408    57    67    85
  409    52    62    80
  410    38    48    66
  411     1    11    28
  412    41    51    68
  413    43    53    70
  414    35    45    62
  415    23    33    50
  416    43    53    70
  417    23    33    50
  418    64    74    91
  419    61    71    88
  420    25    35    52
  421    34    44    61
  422    72    82    99
  423     1    11    28
  424    65    75    92
  425    52    62    79
  426    51    61    78
  427    41    51    68
  428    67    77    93
  429    67    77    93
  430    13    23    39
  431    12    22    38
  432     6    16    32
  433    11    21    37
  434    72    82    98
  435    56    66    82
  436    51    61    77
  437    67    77    93
  438    12    22    38
  439    27    37    53
  440    73    83    99
  441    61    71    87
  442    40    50    66
  443    36    46    62
  444    70    80    96
  445    32    42    57
  446    72    82    97
  447    30    40    55
  448    55    65    80
  449    67    77    92
  450    38    48    63
  451    54    64    79
  452    50    60    75
  453    28    38    53
  454    24    34    48
  455    68    78    92
  456    43    53    67
  457    54    64    78
  458    68    78    92
  459    71    81    95
  460    72    82    96
  461    46    56    70
  462     4    14    28
  463    67    77    91
  464    60    70    84
  465    61    71    85
  466    66    76    90
  467    70    80    94
  468    73    83    97
  469    54    64    78
  470    37    47    61
  471    32    42    56
  472    73    83    97
  473     6    16    30
  474    63    73    87
  475     1    11    25
  476    68    78    92
  477    53    63    76
  478    53    63    76
  479    32    42    55
  480    17    27    40
  481    71    81    94
  482    64    74    87
  483    60    70    83
  484    58    68    81
  485    54    64    77
  486    56    66    79
  487    57    67    80
  488    69    79    92
  489    30    40    53
  490    63    73    86
  491     5    15    28
  492    62    72    85
  493    61    71    84
  494    42    52    65
  495     9    19    32
  496    76    86    99
  497    28    38    51
  498    70    80    93
  499    55    65    78
  500    62    72    85
  501    59    69    82
  502    74    84    97
  503    65    75    88
  504    68    78    91
  505    75    85    97
  506    75    85    97
  507    60    70    82
  508    38    48    60
  509    28    38    50
  510    75    85    97
  511    67    77    89
  512    77    87    99
  513    42    52    64
  514    64    74    86
  515    35    45    57
  516    26    36    48
  517    63    73    85
  518    77    87    99
  519     9    19    31
  520     6    16    28
  521    63    73    85
  522    77    87    98
  523    75    85    96
  524    74    84    95
  525     9    19    30
  526    51    61    72
  527    64    74    85
  528    69    79    90
  529    70    80    91
  530    44    54    65
  531     9    19    30
  532    67    77    88
  533    49    59    70
  534    71    81    92
  535    69    79    90
  536    46    56    67
  537    62    72    83
  538    57    67    78
  539    76    86    97
  540    66    76    87
  541     2    12    23
  542    65    75    85
  543    77    87    97
  544    47    57    67
  545    43    53    63
  546    20    30    40
  547    70    80    90
  548    77    87    97
  549    47    57    67
  550    55    65    75
  551    77    87    97
  552     8    18    28
  553    29    39    49
  554    50    60    70
  555    77    87    97
  556    77    87    97
  557    13    23    33
  558    76    86    96
  559    73    83    93
  560    68    78    88
  561    77    87    97
  562    33    43    52
  563    76    86    95
  564    38    48    57
  565    29    39    48
  566    42    52    61
  567    73    83    92
  568    80    90    99
  569    66    76    85
  570    49    59    68
  571    72    82    91
  572    46    56    65
  573    15    25    34
  574    77    87    96
  575    80    90    99
  576    65    75    84
  577    76    86    95
  578    72    82    91
  579    60    70    79
  580    16    26    35
  581    79    89    98
  582    43    53    62
  583    55    65    74
  584    37    47    56
  585    16    26    35
  586    36    46    55
  587    77    87    96
  588    66    76    85
  589    78    88    97
  590    60    70    79
  591    77    87    96
  592    64    74    82
  593    70    80    88
  594    79    89    97
  595    81    91    99
  596    72    82    90
  597    53    63    71
  598    67    77    85
  599    41    51    59
  600    60    70    78
  601    10    20    28
  602    24    34    42
  603    26    36    44
  604    65    75    83
  605    30    40    48
  606    45    55    63
  607    58    68    76
  608    47    57    65
  609    62    72    80
  610    26    36    44
  611    59    69    77
  612    81    91    99
  613    47    57    65
  614    59    69    77
  615    51    61    69
  616    15    25    33
  617    77    87    94
  618    80    90    97
  619    70    80    87
  620    69    79    86
  621    14    24    31
  622    82    92    99
  623    37    47    54
  624    80    90    97
  625    79    89    96
  626    76    86    93
  627    17    27    34
  628    82    92    99
  629    72    82    89
  630    73    83    90
  631    16    26    33
  632    37    47    54
  633    78    88    95
  634    40    50    57
  635    73    83    90
  636     7    17    24
  637    73    83    90
  638    61    71    78
  639    81    91    98
  640    75    85    92
  641    78    88    95
  642    30    40    47
  643    64    74    80
  644    74    84    90
  645    76    86    92
  646    60    70    76
  647    76    86    92
  648    75    85    91
  649    78    88    94
  650    79    89    95
  651    65    75    81
  652    83    93    99
  653    67    77    83
  654    55    65    71
  655    80    90    96
  656    78    88    94
  657    75    85    91
  658    19    29    35
  659    14    24    30
  660    66    76    82
  661    47    57    63
  662    30    40    46
  663    79    89    95
  664    76    86    92
  665    65    75    81
  666    57    67    73
  667    80    90    95
  668    26    36    41
  669    81    91    96
  670    80    90    95
  671    55    65    70
  672    71    81    86
  673    80    90    95
  674    36    46    51
  675    82    92    97
  676    84    94    99
  677    31    41    46
  678    60    70    75
  679     3    13    18
  680    74    84    89
  681    78    88    93
  682    66    76    81
  683    74    84    89
  684    64    74    79
  685    81    91    96
  686    56    66    71
  687    34    44    49
  688    69    79    84
  689    66    76    81
  690    83    93    97
  691    29    39    43
  692    83    93    97
  693    71    81    85
  694    84    94    98
  695    77    87    91
  696    81    91    95
  697    34    44    48
  698    16    26    30
  699    53    63    67
  700    20    30    34
  701    74    84    88
  702    51    61    65
  703    83    93    97
  704    83    93    97
  705    84    94    98
  706    71    81    85
  707    84    94    98
  708    71    81    85
  709    74    84    88
  710    76    86    90
  711    30    40    44
  712    81    91    95
  713    81    91    95
  714    13    23    27
  715    82    92    96
  716    30    40    44
  717    85    95    99
  718    35    45    49
  719    60    70    74
  720    80    90    94
  721    32    42    46
  722    76    86    90
  723    81    91    95
  724    45    55    59
  725    82    92    96
  726    11    21    24
  727    79    89    92
  728    16    26    29
  729    74    84    87
  730    82    92    95
  731    81    91    94
  732    81    91    94
  733    74    84    87
  734    70    80    83
  735    86    96    99
  736    19    29    32
  737    83    93    96
  738    76    86    89
  739    84    94    97
  740    30    40    43
  741    50    60    63
  742    76    86    89
  743     2    12    15
  744    82    92    95
  745    82    92    95
  746    73    83    86
  747    28    38    41
  748    55    65    68
  749    62    72    75
  750    77    87    90
  751    76    86    89
  752    45    55    58
  753    86    96    99
  754    85    95    98
  755    81    91    94
  756    84    94    97
  757    83    93    96
  758    77    87    90
  759    77    87    89
  760    31    41    43
  761    73    83    85
  762    71    81    83
  763    69    79    81
  764    84    94    96
  765    52    62    64
  766    71    81    83
  767    74    84    86
  768    83    93    95
  769     4    14    16
  770    72    82    84
  771    61    71    73
  772    80    90    92
  773    15    25    27
  774    49    59    61
  775    60    70    72
  776    84    94    96
  777    71    81    83
  778    25    35    37
  779    63    73    75
  780    44    54    56
  781    84    94    96
  782    87    97    99
  783    87    97    99
  784    76    86    88
  785    74    84    86
  786    58    68    70
  787    71    81    83
  788    85    95    97
  789    79    89    91
  790    87    97    99
  791    84    94    96
  792    65    75    77
  793    39    49    51
  794    35    45    47
  795    84    94    96
  796    70    80    82
  797    70    80    81
  798    87    97    98
  799    85    95    96
  800    83    93    94
  801    82    92    93
  802    79    89    90
  803    76    86    87
  804    61    71    72
  805    71    81    82
  806    77    87    88
  807    88    98    99
  808    84    94    95
  809    60    70    71
  810     7    17    18
  811    83    93    94
  812    26    36    37
  813    87    97    98
  814    79    89    90
  815    39    49    50
  816    25    35    36
  817    81    91    92
  818    86    96    97
  819    86    96    97
  820    56    66    67
  821     8    18    19
  822    85    95    96
  823    85    95    96
  824    62    72    73
  825    43    53    54
  826    88    98    99
  827    81    91    92
  828    62    72    73
  829    87    97    98
  830    88    98    99
  831    83    93    94
  832    86    96    97
  833    79    89    90
  834    81    91    92
  835    88    98    99
  836    85    95    95
  837    87    97    97
  838    98   100   100
  839    95   100   100
  840    91   100   100
  841    21    31    31
  842    63    73    73
  843    89    99    99
  844    96   100   100
  845    97   100   100
  846   100   100   100
  847    89    99    99
  848    91   100   100
  849    99   100   100
  850   100   100   100
  851    96   100   100
  852    17    27    27
  853     4    14    14
  854    91   100   100
  855    90   100   100
  856    92   100   100
  857    97   100   100
  858    93   100   100
  859    92   100   100
  860    93   100   100
  861    91   100   100
  862    95   100   100
  863    89    99    99
  864    91   100   100
  865    33    43    43
  866   100   100   100
  867    55    65    65
  868    94   100   100
  869    84    94    94
  870    98   100   100
  871    93   100   100
  872    93   100   100
  873    89    99    99
  874    96   100   100
  875   100   100   100
  876    77    87    87
  877    93   100   100
  878    99   100   100
  879    39    49    49
  880    71    81    81
  881    97   100   100
  882    89    99    99
  883    88    98    98
  884    93   100   100
  885    81    91    91
  886    99   100   100
  887    64    74    74
  888    98   100   100
  889    87    97    97
  890    92   100   100
  891    89    99    99
  892    92   100   100
  893    93   100   100
  894    93   100   100
  895    90   100   100
  896    96   100   100
  897    93   100   100
  898    94   100   100
  899    97   100   100
  900    96   100   100
  901    68    78    78
  902    76    86    86
  903    61    71    71
  904   100   100   100
  905    10    20    20
  906    88    98    98
  907    90   100   100
  908    94   100   100
  909    78    88    88
  910    92   100   100
  911    93   100   100
  912    91   100   100
  913    57    67    67
  914    98   100   100
  915    94   100   100
  916    99   100   100
  917    89    99    99
  918    66    76    76
  919    98   100   100
  920   100   100   100
  921    98   100   100
  922    93   100   100
  923    96   100   100
  924    95   100   100
  925    85    95    95
  926    87    97    97
  927   100   100   100
  928    87    97    97
  929    72    82    82
  930    95   100   100
  931    97   100   100
  932    48    58    58
  933    94   100   100
  934    94   100   100
  935    74    84    84
  936    87    97    97
  937    98   100   100
  938    91   100   100
  939   100   100   100
  940    95   100   100
  941    93   100   100
  942    90   100   100
  943    90   100   100
  944    95   100   100
  945    97   100   100
  946    89    99    99
  947    92   100   100
  948    97   100   100
  949    95   100   100
  950    94   100   100
  951    99   100   100
  952    93   100   100
  953    54    64    64
  954   100   100   100
  955    94   100   100
  956    89    99    99
  957    98   100   100
  958    95   100   100
  959   100   100   100
  960    97   100   100
  961    94   100   100
  962    96   100   100
  963    97   100   100
  964    96   100   100
  965    91   100   100
  966    91   100   100
  967    97   100   100
  968    91   100   100
  969   100   100   100
  970    99   100   100
  971    94   100   100
  972    94   100   100
  973    97   100   100
  974    95   100   100
  975    89    99    99
  976    92   100   100
  977    94   100   100
  978    93   100   100
  979    99   100   100
  980    99   100   100
  981   100   100   100
  982    96   100   100
  983    98   100   100
  984    79    89    89
  985    96   100   100
  986    99   100   100
  987    95   100   100
  988    88    98    98
  989     4    14    14
  990    96   100   100
  991    27    37    37
  992    92   100   100
  993    93   100   100
  994    89    99    99
  995    98   100   100
  996    93   100   100
  997    90   100   100
  998    90   100   100
  999    95   100   100
  100