  100
    0     1    11    95
    1    10    20    90
    2     9    19    85
    3    12    22    87
    4    17    27    89
    5    30    40    97
    6    25    35    89
    7    11    21    73
    8    36    46    97
    9    19    29    80
   10    23    33    83
   11    21    31    79
   12    10    20    67
   13    40    50    97
   14    35    45    91
   15    34    44    90
   16    27    37    82
   17    17    27    70
   18    21    31    73
   19    35    45    87
   20    27    37    78
   21     5    15    54
   22     5    15    52
   23    24    34    71
   24     9    19    55
   25    13    23    57
   26    11    21    54
   27    35    45    77
   28    19    29    58
   29    45    55    79
   30    45    55    78
   31    27    37    60
   32    41    51    73
   33    48    58    79
   34    64    74    93
   35     5    15    34
   36    55    65    84
   37    11    21    39
   38    15    25    43
   39     9    19    37
   40    70    80    97
   41    35    45    62
   42    57    67    84
   43    50    60    76
   44    46    56    72
   45    70    80    94
   46    59    69    83
   47    27    37    51
   48    76    86    99
   49     1    11    24
   50    60    70    83
   51    58    68    81
   52    64    74    86
   53     5    15    27
   54    25    35    46
   55    77    87    98
   56    65    75    86
   57    63    73    84
   58    72    82    93
   59    68    78    89
   60    69    79    88
   61    70    80    89
   62    70    80    88
   63    43    53    60
   64    52    62    69
   65    68    78    84
   66    74    84    90
   67    24    34    39
   68    78    88    92
   69    64    74    78
   70    84    94    98
   71    54    64    68
   72    69    79    82
   73    75    85    88
   74    85    95    97
   75    60    70    72
   76    78    88    90
   77    73    83    85
   78    78    88    90
   79    56    66    68
   80    85    95    96
   81    88    98    99
   82    33    43    44
   83    53    63    64
   84    82    92    93
   85    71    81    81
   86   100   100   100
   87    73    83    83
   88    72    82    82
   89    50    60    60
   90    92   100   100
   91    91   100   100
   92    97   100   100
   93    85    95    95
   94   100   100   100
   95    81    91    91
   96    90   100   100
   97    96   100   100
   98    73    83    83
   99    92   100   100
  100