 1000
    0     9     2    98
    1     1     1    93
    2     4     6    97
    3    14     4    95
    4     4     1    91
    5     5     9    98
    6    12    11    98
    7     7     4    91
    8     1     3    90
    9    12    13    99
   10    18    12    98
   11    15    12    97
   12     1     2    87
   13    17    11    96
   14    10     1    86
   15     3     5    89
   16    19    14    96
   17     8    14    96
   18     8    14    96
   19    15    15    97
   20    13    18    99
   21    17    14    95
   22     2    11    92
   23    22    18    99
   24    10    18    98
   25    10    14    94
   26    22    16    96
   27    16    17    96
   28     4    11    90
   29     8     3    82
   30    15    18    96
   31    10    13    91
   32    22    12    89
   33     1     1    78
   34     2    10    86
   35     1    10    86
   36    23    20    96
   37     2     6    82
   38    31    23    99
   39     3     3    79
   40    31    22    98
   41    18    10    86
   42     6    16    91
   43    27    22    97
   44    17    24    99
   45     4    14    88
   46    24    19    92
   47     1     1    74
   48     1     1    74
   49    13    15    88
   50    22    25    97
   51    19    14    86
   52    16    11    82
   53    14    16    87
   54    17    10    81
   55    13     3    74
   56    14     9    79
   57     4     2    72
   58     5     8    78
   59    21    19    89
   60    22    28    97
   61    22    27    96
   62    25    23    92
   63    10    19    88
   64     5     9    77
   65    31    27    95
   66    18    11    79
   67     3    12    80
   68    22    16    84
   69    26    30    97
   70     2     1    68
   71    15    21    88
   72     1     2    69
   73    27    25    91
   74    16     9    75
   75     1    11    76
   76    33    27    92
   77     2     1    66
   78     2     8    73
   79    30    31    96
   80    37    28    92
   81     8     5    69
   82    20    29    93
   83    21    28    91
   84    23    17    80
   85    20    29    92
   86    27    27    90
   87     1     1    64
   88     8     3    66
   89    37    35    98
   90    19    17    79
   91    31    26    88
   92    22    13    75
   93    26    28    90
   94    33    38    99
   95    18    18    79
   96    23    23    84
   97    29    36    97
   98    20    17    78
   99    41    35    96
  100    37    30    91
  101    23    18    78
  102    34    30    90
  103    28    36    95
  104    26    33    92
  105    13    16    75
  106    29    33    92
  107    30    24    83
  108    24    27    85
  109    10    20    78
  110    32    27    85
  111    36    39    97
  112    26    33    91
  113    37    36    94
  114    23    18    76
  115     7    14    72
  116    20    25    83
  117    49    42    99
  118    14    11    68
  119    19    15    71
  120    16    12    68
  121     7     2    58
  122    17    27    83
  123    45    40    96
  124    35    41    97
  125     7     6    61
  126    40    38    93
  127    45    38    92
  128    35    40    94
  129    34    37    91
  130    33    29    83
  131     1     6    60
  132     5     6    60
  133    15    21    75
  134    29    21    74
  135    15    22    75
  136    13    13    66
  137     1     3    56
  138    10     9    62
  139     4    14    67
  140    51    42    94
  141    35    38    90
  142    33    31    83
  143    14    20    72
  144    55    46    97
  145    37    35    86
  146    46    37    88
  147    30    36    87
  148    35    42    93
  149    33    31    82
  150    29    36    86
  151    37    29    79
  152    30    27    77
  153    19    12    62
  154    20    11    60
  155     3     4    53
  156    27    32    81
  157    53    49    98
  158     1     1    50
  159    54    50    99
  160    47    45    94
  161    33    34    83
  162     7     1    50
  163     4     1    50
  164    55    46    94
  165    44    44    92
  166    61    51    99
  167     7    16    64
  168    28    18    66
  169    37    34    81
  170    51    43    90
  171     4     7    54
  172    38    45    92
  173    45    48    95
  174    47    46    93
  175    42    43    90
  176    34    34    81
  177    42    42    89
  178    44    36    83
  179    19    22    69
  180    41    33    80
  181     1     9    56
  182    45    38    84
  183    18     9    55
  184    15    15    61
  185    42    45    91
  186    41    33    79
  187    44    48    94
  188    40    48    94
  189    30    30    76
  190    12     2    48
  191    62    53    99
  192    47    41    87
  193     1     4    50
  194    35    36    82
  195    19    10    55
  196    44    50    95
  197    38    38    83
  198    31    27    72
  199    49    49    94
  200    54    47    92
  201    42    43    88
  202     5    14    58
  203    34    44    88
  204    50    50    94
  205     8    18    62
  206    48    48    92
  207    52    46    90
  208    28    37    81
  209    22    13    57
  210    45    36    80
  211    45    49    92
  212    33    28    71
  213    59    53    95
  214    59    54    96
  215    50    44    85
  216    39    46    87
  217    30    40    81
  218    28    30    71
  219    58    56    97
  220    17    17    58
  221    16    15    56
  222    48    58    99
  223    58    51    92
  224    40    43    84
  225    46    49    90
  226     1    11    52
  227    34    30    70
  228    49    57    97
  229    44    46    86
  230    37    45    85
  231    57    49    89
  232    28    21    61
  233    17    10    50
  234    48    41    81
  235    17    26    66
  236    26    29    69
  237    21    25    64
  238    45    53    92
  239    34    36    75
  240    22    16    55
  241    57    51    90
  242    16    14    53
  243    58    55    94
  244    33    32    71
  245    39    40    79
  246    44    45    84
  247     7     8    47
  248    23    31    69
  249    29    33    71
  250    51    52    90
  251     7     1    39
  252    21    22    60
  253    63    61    99
  254    47    49    87
  255    57    52    90
  256    37    37    75
  257    34    27    65
  258    59    50    88
  259    30    37    74
  260    63    56    93
  261     9     6    43
  262    57    62    99
  263    28    30    67
  264    37    44    81
  265    55    45    82
  266    40    48    84
  267    25    26    62
  268    40    45    81
  269    26    30    66
  270    13    11    47
  271    71    63    99
  272    14     6    42
  273    26    29    65
  274     1     1    37
  275    27    22    58
  276     7    13    49
  277    58    63    99
  278    41    48    84
  279    43    36    72
  280    47    48    83
  281     9     3    38
  282    30    31    66
  283    59    53    88
  284    55    52    87
  285    17    22    57
  286    54    61    96
  287    45    54    89
  288    68    63    98
  289    11    15    49
  290    67    65    99
  291     1     1    35
  292     1     3    37
  293    33    26    60
  294    43    45    79
  295    43    41    75
  296    55    62    96
  297    70    63    97
  298    37    41    75
  299    38    37    71
  300     1     1    35
  301    49    47    81
  302    42    48    81
  303    36    38    71
  304    54    53    86
  305    59    60    93
  306    50    42    75
  307    66    62    95
  308     7     2    34
  309    53    53    85
  310    62    59    91
  311    43    53    85
  312    35    44    76
  313     7     3    35
  314    42    46    78
  315    14    16    48
  316    42    39    71
  317    17    25    57
  318    60    56    87
  319    19    13    44
  320    23    32    63
  321    55    54    85
  322     7    10    41
  323    18    15    46
  324    25    27    58
  325    14    23    54
  326    48    45    76
  327    56    51    82
  328    56    49    80
  329     6     6    37
  330     4    13    44
  331    68    69    99
  332    40    50    80
  333    33    38    68
  334    21    15    45
  335    68    62    92
  336    60    57    87
  337    56    46    76
  338    51    56    86
  339    57    62    92
  340    11     2    32
  341    48    43    73
  342     1     7    37
  343    57    48    78
  344    66    67    97
  345    60    62    91
  346    21    16    45
  347    38    43    72
  348    53    45    74
  349    39    34    63
  350    60    50    79
  351    29    36    65
  352    10    19    48
  353    44    39    68
  354    31    25    54
  355    14     8    37
  356    40    49    78
  357    19    27    56
  358    63    63    92
  359    59    58    87
  360    44    45    74
  361    50    48    77
  362    56    63    92
  363    63    55    84
  364    10    13    42
  365    67    70    99
  366    16    10    39
  367    44    39    68
  368    63    62    90
  369    28    23    51
  370    46    47    75
  371    23    23    51
  372    70    66    94
  373    40    40    68
  374    51    53    81
  375    55    53    81
  376    31    35    63
  377    60    54    82
  378    55    54    82
  379    10    10    38
  380    72    69    97
  381    64    59    87
  382    49    54    82
  383    54    55    83
  384    36    36    64
  385    52    43    71
  386    57    57    84
  387    65    70    97
  388    25    18    45
  389    70    67    94
  390    61    58    85
  391    76    67    94
  392    65    65    92
  393    68    60    87
  394    17    16    43
  395    56    58    84
  396    52    58    84
  397    27    22    48
  398     8    13    39
  399    69    70    96
  400     9    18    44
  401    19    10    36
  402    62    54    80
  403    83    73    99
  404    63    64    90
  405    36    36    61
  406    56    60    85
  407    57    66    91
  408     7     3    28
  409    49    49    74
  410    33    42    67
  411    10     5    30
  412    69    63    88
  413    51    42    67
  414    19    28    53
  415    41    36    61
  416    32    31    56
  417    21    17    41
  418    55    50    74
  419    55    49    73
  420    31    26    50
  421    78    74    98
  422    54    52    76
  423    65    73    97
  424    67    68    92
  425    53    63    87
  426    57    59    83
  427     1     1    25
  428    76    75    99
  429    50    56    80
  430    17    20    44
  431    40    31    54
  432    29    35    58
  433    22    16    39
  434    70    74    97
  435    62    64    87
  436    56    53    76
  437    72    71    94
  438    29    36    59
  439    42    51    74
  440    84    76    99
  441    45    38    61
  442    16     8    31
  443    47    37    59
  444    40    30    52
  445     1     6    28
  446    73    66    88
  447    75    68    90
  448    43    39    61
  449    48    51    73
  450    80    76    98
  451    58    62    84
  452    30    35    57
  453    58    56    78
  454    10    16    38
  455    75    73    95
  456    84    77    99
  457    16    26    48
  458    55    51    73
  459    83    76    97
  460    76    75    96
  461    55    46    67
  462     8    13    34
  463    62    54    75
  464    64    71    92
  465    23    32    53
  466    60    51    72
  467    11    15    36
  468    82    73    94
  469    68    74    95
  470    34    39    60
  471    73    76    97
  472    74    69    90
  473    59    56    77
  474    70    60    81
  475    55    58    79
  476    34    32    53
  477    76    77    98
  478    24    20    41
  479    31    23    43
  480    29    39    59
  481    60    69    89
  482    40    40    60
  483    63    64    84
  484    17    18    38
  485    80    79    99
  486    61    52    72
  487    43    50    70
  488    34    39    59
  489    74    66    86
  490     1     8    28
  491    79    69    89
  492    65    64    84
  493    36    30    50
  494    87    79    98
  495    66    56    75
  496    57    63    82
  497    63    62    81
  498    17    14    33
  499    71    68    87
  500     1     8    27
  501    59    56    75
  502    44    41    60
  503    72    69    88
  504    80    80    99
  505    47    42    61
  506    73    79    98
  507    79    74    93
  508    77    79    98
  509    36    35    54
  510    16    25    44
  511    85    78    97
  512    71    72    91
  513    81    72    90
  514    49    57    75
  515    76    81    99
  516    82    73    91
  517    66    62    80
  518    59    51    69
  519    57    47    65
  520    10     2    20
  521    16     8    26
  522    50    51    69
  523    74    73    91
  524    41    32    49
  525    84    77    94
  526    80    73    90
  527    57    67    84
  528    65    58    75
  529    53    54    71
  530    79    74    91
  531    85    77    94
  532    51    57    74
  533     1     3    20
  534    44    51    68
  535    42    34    51
  536    50    48    65
  537    41    46    63
  538    36    32    49
  539    59    69    86
  540    30    30    47
  541    26    25    42
  542    68    72    89
  543    82    76    92
  544    63    66    82
  545    74    71    87
  546    77    71    87
  547     8     1    17
  548    42    48    64
  549    64    73    89
  550    88    79    95
  551    64    68    84
  552    78    82    98
  553    84    80    96
  554    38    48    64
  555    27    17    33
  556    73    82    98
  557    70    61    77
  558    15    21    37
  559    37    38    54
  560    47    40    56
  561    67    69    84
  562    26    27    42
  563    13     4    19
  564    77    68    83
  565    85    79    94
  566    61    67    82
  567    54    58    73
  568    89    81    96
  569    76    84    99
  570    20    11    26
  571    67    64    79
  572    80    75    90
  573    89    79    94
  574    65    55    70
  575    76    83    98
  576    89    80    95
  577     2     7    22
  578     9     3    18
  579     7    12    27
  580     1     7    22
  581    55    55    70
  582    81    84    99
  583    15    23    37
  584    30    35    49
  585    60    56    70
  586    53    50    64
  587    74    76    90
  588    74    74    88
  589    83    78    92
  590    55    49    63
  591    61    53    67
  592    37    30    44
  593    76    77    91
  594    20    24    38
  595    74    77    90
  596    72    62    75
  597    35    34    47
  598    15    11    24
  599    73    80    93
  600    61    60    73
  601    63    55    68
  602    89    82    95
  603    50    59    72
  604    31    29    42
  605    23    18    31
  606    34    27    40
  607    35    25    38
  608    50    41    54
  609    35    31    44
  610    42    51    64
  611    41    42    55
  612    37    45    58
  613    58    61    74
  614    42    40    53
  615    85    86    99
  616    64    66    78
  617    15    19    31
  618    84    87    99
  619    86    76    88
  620     9    16    28
  621    59    67    79
  622    73    69    81
  623    22    14    26
  624    78    78    90
  625    71    79    91
  626    82    74    86
  627    96    87    99
  628    57    54    66
  629    27    37    49
  630    55    63    75
  631    34    43    55
  632    39    31    43
  633    70    72    84
  634    20    20    32
  635    91    87    99
  636    49    44    56
  637    77    68    80
  638    79    88    99
  639    82    77    88
  640    69    69    80
  641    82    75    86
  642    87    88    99
  643    62    69    80
  644    86    76    87
  645    67    75    86
  646    39    36    47
  647    84    86    97
  648    88    81    92
  649    93    85    96
  650    35    40    51
  651    63    65    76
  652    83    74    85
  653    69    75    86
  654    57    54    64
  655    39    49    59
  656    82    86    96
  657    68    58    68
  658    43    40    50
  659    44    39    49
  660    72    69    79
  661    23    30    40
  662    37    41    51
  663    85    83    93
  664     8    13    23
  665    34    26    36
  666    64    70    80
  667    82    77    87
  668    87    88    98
  669    75    83    93
  670    88    89    99
  671    83    75    85
  672    80    72    82
  673    77    85    95
  674    72    73    82
  675    94    89    98
  676    14    16    25
  677    32    37    46
  678    80    87    96
  679    73    73    82
  680    74    77    86
  681    30    33    42
  682    26    30    39
  683    86    88    97
  684    32    23    32
  685    36    45    54
  686    60    69    78
  687    76    83    92
  688    17    24    33
  689    66    65    74
  690    27    35    44
  691    43    50    59
  692    66    62    71
  693    25    16    25
  694    66    62    71
  695    50    43    52
  696    11    18    27
  697    76    75    84
  698    73    66    75
  699    19     9    17
  700    90    85    93
  701    91    90    98
  702    68    73    81
  703     1     4    12
  704    83    84    92
  705    38    47    55
  706    90    88    96
  707    85    90    98
  708    77    80    88
  709     7     2    10
  710    83    91    99
  711    78    87    95
  712    75    66    74
  713    84    89    97
  714    56    57    65
  715    83    81    89
  716     3     7    15
  717    56    46    54
  718    29    28    36
  719    49    44    52
  720    66    76    83
  721    94    91    98
  722    51    50    57
  723    93    88    95
  724    80    72    79
  725    67    76    83
  726    82    86    93
  727    86    91    98
  728    82    86    93
  729    75    68    75
  730    95    85    92
  731    66    62    69
  732    87    92    99
  733    94    90    97
  734    73    80    87
  735    99    89    96
  736    85    80    87
  737    89    84    91
  738     1     3    10
  739    86    88    95
  740    22    25    32
  741    40    46    53
  742    93    85    92
  743    85    91    98
  744    73    71    78
  745    92    92    99
  746    80    73    80
  747    81    91    98
  748    95    85    92
  749    90    92    99
  750    93    92    99
  751    61    63    69
  752    26    24    30
  753   102    92    98
  754    14     7    13
  755    90    91    97
  756    72    64    70
  757    69    76    82
  758    96    92    98
  759    38    33    39
  760    85    83    89
  761    56    65    71
  762    79    89    95
  763    75    74    80
  764    87    88    94
  765     9     7    13
  766    63    63    69
  767     1     5    11
  768    66    72    78
  769    41    39    45
  770    93    92    98
  771    25    29    35
  772    55    45    51
  773    27    37    43
  774    85    76    82
  775    18    25    31
  776    72    71    77
  777    77    76    82
  778    63    69    75
  779    42    49    54
  780    90    91    96
  781    75    78    83
  782    90    93    98
  783    81    79    84
  784    70    67    72
  785    58    52    57
  786    88    94    99
  787    47    44    49
  788    93    87    92
  789    18    17    22
  790    86    90    95
  791    23    29    34
  792    35    44    49
  793    94    91    96
  794    62    65    70
  795    90    91    96
  796    87    94    99
  797    79    84    89
  798    79    88    93
  799    94    89    94
  800    64    64    69
  801    59    63    68
  802    22    17    22
  803    18    23    28
  804    24    16    21
  805    70    74    78
  806    82    73    77
  807    72    79    83
  808    48    52    56
  809    56    54    58
  810    14    22    26
  811    15    16    20
  812    76    81    85
  813    44    43    47
  814    33    43    47
  815    20    21    25
  816   103    93    97
  817    90    93    97
  818    96    90    94
  819    18    17    21
  820    91    93    97
  821    30    21    25
  822    29    37    41
  823    59    56    60
  824    25    15    19
  825    74    70    74
  826    49    41    45
  827   105    95    99
  828   100    94    98
  829    65    73    77
  830    61    54    58
  831    94    91    95
  832    49    57    61
  833    81    88    92
  834    87    89    93
  835    83    77    81
  836    83    91    95
  837    61    59    63
  838    19    17    21
  839    57    50    54
  840    80    89    93
  841    61    70    74
  842   101    91    95
  843     1     3     7
  844    30    27    30
  845    86    89    92
  846    53    51    54
  847   100    92    95
  848    88    90    93
  849    20    24    27
  850    78    87    90
  851    55    53    56
  852   100    95    98
  853    81    85    88
  854    99    92    95
  855    59    64    67
  856   100    91    94
  857    70    64    67
  858    81    91    94
  859    81    89    92
  860   100    93    96
  861    90    91    94
  862    84    92    95
  863     6     8    11
  864    73    70    73
  865    95    96    99
  866    40    41    44
  867    88    95    98
  868    80    80    83
  869    60    52    55
  870    72    75    78
  871    86    95    98
  872   103    94    97
  873    90    90    93
  874   103    93    96
  875    56    64    67
  876    59    65    68
  877    72    77    79
  878    65    66    68
  879    82    75    77
  880    58    63    65
  881    54    44    46
  882    67    65    67
  883    90    82    84
  884    86    96    98
  885    79    80    82
  886   105    96    98
  887    48    51    53
  888    44    47    49
  889    86    95    97
  890    75    82    84
  891    38    40    42
  892   102    95    97
  893    25    18    20
  894    84    94    96
  895    72    62    64
  896    71    75    77
  897    97    96    98
  898    83    77    79
  899    77    82    84
  900    36    42    44
  901    29    38    40
  902    89    96    97
  903    70    70    71
  904   102    98    99
  905    98    89    90
  906    51    49    50
  907    58    55    56
  908    40    30    31
  909    88    95    96
  910   101    97    98
  911    27    30    31
  912    96    96    97
  913    99    97    98
  914    91    98    99
  915    69    64    65
  916    69    69    70
  917    36    45    46
  918    48    54    55
  919    82    88    89
  920    91    97    98
  921    92    89    90
  922    75    70    71
  923    80    81    82
  924    75    84    85
  925    63    69    70
  926    73    82    83
  927    66    67    68
  928    87    97    98
  929    86    83    84
  930    31    28    29
  931    83    81    82
  932   107    98    99
  933    60    69    70
  934    87    78    79
  935    95    88    88
  936    82    87    87
  937    85    79    79
  938   103   100   100
  939   101    97    97
  940    83    90    90
  941   101    98    98
  942    93    96    96
  943   102   100   100
  944    99    95    95
  945    98    89    89
  946    92    99    99
  947    98    90    90
  948   106    98    98
  949    82    88    88
  950    59    68    68
  951   105   100   100
  952    56    56    56
  953    89    89    89
  954    88    89    89
  955    24    34    34
  956   102   100   100
  957   109    99    99
  958    78    70    70
  959    91   100   100
  960   101    96    96
  961    84    86    86
  962    90   100   100
  963    72    72    72
  964    59    50    50
  965    81    88    88
  966    88    79    79
  967    95    89    89
  968    94    97    97
  969    96    96    96
  970    56    56    56
  971    90    96    96
  972    75    73    73
  973    99   100   100
  974   109    99    99
  975    81    90    90
  976   106   100   100
  977    73    72    72
  978   101   100   100
  979    77    72    72
  980    90    99    99
  981   100    98    98
  982    61    68    68
  983    74    83    83
  984    84    93    93
  985    92    94    94
  986    92    99    99
  987    89    97    97
  988    50    47    47
  989    90    96    96
  990    62    69    69
  991    98    99    99
  992   101   100   100
  993    93    99    99
  994   106   100   100
  995    95    98    98
  996    88    90    90
  997    89    99    99
  998   106    99    99
  999    93   100   100
  100