 1000
    0     2    12    99
    1     1    11    98
    2     3    13    97
    3     3    13    95
    4     1    11    93
    5     2    12    94
    6     3    13    94
    7     3    13    94
    8     8    18    97
    9    10    20    98
   10     5    15    93
   11    10    20    98
   12     7    17    95
   13     8    18    93
   14     5    15    90
   15    15    25    99
   16     9    19    93
   17    10    20    94
   18    13    23    96
   19     3    13    85
   20     6    16    88
   21     4    14    85
   22    17    27    98
   23     2    12    83
   24     7    17    87
   25    18    28    98
   26    11    21    91
   27    14    24    93
   28    17    27    96
   29     3    13    82
   30    13    23    92
   31     8    18    87
   32    15    25    94
   33    19    29    97
   34     8    18    86
   35    15    25    93
   36    16    26    93
   37    10    20    87
   38     9    19    86
   39     8    18    85
   40    11    21    88
   41     8    18    84
   42     7    17    82
   43     1    11    76
   44     2    12    77
   45    20    30    95
   46    24    34    97
   47     3    13    76
   48    19    29    91
   49     5    15    77
   50    18    28    90
   51     2    12    74
   52     6    16    78
   53    27    37    99
   54    12    22    83
   55    14    24    85
   56    23    33    94
   57     4    14    75
   58     9    19    80
   59     2    12    73
   60     8    18    78
   61    17    27    87
   62    23    33    93
   63     5    15    75
   64    17    27    87
   65     3    13    72
   66    24    34    93
   67     8    18    76
   68    26    36    94
   69    22    32    89
   70     4    14    70
   71    33    43    99
   72     2    12    67
   73     8    18    73
   74    14    24    79
   75     1    11    66
   76    13    23    77
   77    17    27    81
   78    11    21    75
   79    11    21    75
   80    34    44    97
   81    35    45    98
   82    17    27    80
   83    18    28    81
   84    32    42    95
   85    27    37    90
   86     2    12    65
   87    20    30    83
   88    30    40    92
   89    21    31    83
   90     3    13    65
   91    11    21    73
   92    34    44    96
   93    22    32    84
   94    19    29    81
   95    33    43    95
   96    32    42    93
   97     6    16    67
   98    32    42    93
   99    26    36    87
  100    39    49    99
  101    34    44    94
  102    10    20    70
  103    33    43    93
  104    12    22    72
  105    32    42    92
  106    27    37    87
  107    33    43    93
  108    13    23    73
  109    33    43    92
  110    40    50    99
  111     1    11    60
  112    21    31    80
  113    24    34    83
  114    26    36    85
  115    22    32    81
  116    11    21    70
  117    27    37    86
  118    24    34    83
  119    29    39    88
  120    15    25    73
  121    11    21    69
  122    31    41    89
  123    20    30    78
  124    19    29    77
  125    23    33    81
  126    17    27    75
  127    19    29    77
  128    15    25    73
  129    20    30    77
  130    21    31    78
  131    17    27    74
  132    27    37    84
  133    16    26    73
  134    36    46    93
  135    42    52    99
  136    35    45    92
  137     5    15    62
  138    33    43    89
  139    39    49    95
  140     1    11    57
  141    24    34    80
  142    29    39    85
  143    32    42    87
  144    36    46    91
  145    41    51    96
  146    25    35    80
  147    24    34    79
  148    26    36    81
  149    14    24    69
  150    11    21    66
  151    16    26    71
  152    34    44    89
  153    44    54    98
  154    25    35    79
  155    44    54    98
  156    44    54    98
  157     9    19    63
  158    38    48    92
  159     2    12    55
  160    19    29    72
  161     2    12    55
  162    44    54    97
  163     1    11    54
  164    24    34    76
  165    35    45    87
  166    28    38    80
  167    21    31    73
  168     2    12    54
  169    33    43    85
  170    34    44    86
  171    23    33    74
  172    30    40    81
  173    39    49    90
  174    22    32    73
  175    47    57    97
  176    49    59    99
  177    18    28    68
  178    49    59    99
  179    49    59    99
  180     4    14    54
  181    34    44    84
  182    15    25    65
  183    46    56    96
  184     8    18    58
  185    13    23    62
  186    49    59    98
  187    30    40    79
  188    37    47    86
  189    31    41    80
  190    31    41    80
  191    44    54    93
  192    45    55    94
  193    12    22    59
  194    48    58    95
  195    51    61    98
  196     7    17    54
  197    29    39    76
  198    39    49    86
  199    23    33    70
  200     4    14    51
  201    45    55    92
  202    38    48    84
  203    22    32    68
  204    52    62    98
  205    10    20    56
  206    34    44    80
  207    24    34    70
  208    46    56    92
  209    50    60    96
  210    27    37    73
  211    31    41    77
  212    18    28    64
  213    14    24    59
  214     6    16    51
  215    37    47    82
  216    42    52    87
  217    34    44    79
  218    30    40    75
  219    37    47    82
  220    52    62    97
  221    31    41    76
  222    17    27    62
  223    37    47    81
  224    43    53    87
  225    53    63    97
  226    55    65    99
  227    44    54    88
  228     8    18    52
  229     3    13    47
  230    36    46    80
  231    54    64    98
  232    44    54    87
  233    55    65    98
  234    53    63    96
  235    37    47    80
  236    48    58    91
  237    52    62    95
  238    39    49    82
  239    48    58    91
  240    56    66    98
  241    42    52    84
  242    55    65    97
  243    18    28    60
  244    32    42    74
  245    47    57    89
  246    38    48    80
  247     1    11    43
  248    14    24    56
  249    53    63    94
  250    16    26    57
  251    39    49    80
  252     6    16    47
  253    33    43    74
  254    35    45    76
  255    50    60    91
  256    49    59    90
  257    49    59    89
  258    53    63    93
  259    22    32    62
  260    36    46    76
  261    33    43    73
  262     6    16    46
  263    33    43    73
  264    35    45    75
  265    48    58    88
  266    58    68    98
  267    42    52    82
  268    57    67    97
  269    55    65    95
  270    28    38    68
  271    46    56    86
  272    59    69    99
  273    56    66    96
  274    41    51    81
  275    59    69    98
  276     1    11    40
  277    55    65    94
  278    58    68    97
  279    55    65    94
  280    56    66    95
  281     3    13    42
  282    56    66    95
  283    42    52    81
  284    48    58    87
  285    31    41    69
  286    18    28    56
  287    12    22    50
  288    43    53    81
  289    39    49    77
  290    40    50    78
  291    37    47    75
  292    61    71    99
  293    16    26    54
  294    55    65    93
  295    57    67    95
  296    45    55    83
  297    28    38    66
  298    26    36    64
  299    42    52    79
  300    58    68    95
  301    43    53    80
  302    61    71    98
  303    35    45    72
  304     8    18    45
  305    60    70    97
  306    45    55    82
  307    54    64    91
  308    44    54    81
  309    59    69    96
  310     4    14    41
  311    35    45    71
  312    56    66    92
  313     8    18    44
  314    59    69    95
  315    48    58    84
  316    53    63    89
  317    26    36    62
  318    52    62    88
  319    10    20    46
  320    17    27    52
  321    42    52    77
  322    58    68    93
  323    38    48    73
  324    64    74    99
  325    42    52    77
  326    64    74    99
  327    10    20    45
  328    46    56    81
  329    61    71    96
  330    15    25    50
  331    18    28    53
  332    15    25    50
  333    64    74    99
  334    20    30    54
  335    27    37    61
  336    56    66    90
  337    33    43    67
  338    61    71    95
  339    40    50    74
  340    54    64    88
  341    20    30    54
  342     3    13    37
  343    10    20    44
  344    14    24    48
  345    45    55    78
  346    45    55    78
  347     1    11    34
  348    56    66    89
  349    31    41    64
  350    40    50    73
  351    62    72    95
  352    27    37    60
  353    65    75    98
  354    40    50    73
  355     8    18    41
  356    43    53    76
  357    28    38    61
  358    29    39    62
  359     5    15    37
  360     6    16    38
  361    50    60    82
  362    28    38    60
  363    60    70    92
  364    62    72    94
  365    12    22    44
  366    53    63    85
  367    31    41    63
  368     4    14    35
  369    68    78    99
  370    52    62    83
  371    62    72    93
  372    66    76    97
  373    66    76    97
  374    14    24    45
  375    46    56    77
  376    46    56    77
  377    59    69    90
  378    48    58    79
  379    19    29    50
  380    54    64    85
  381    66    76    97
  382    68    78    99
  383    47    57    78
  384    62    72    93
  385    63    73    94
  386    53    63    83
  387    69    79    99
  388    67    77    97
  389    36    46    66
  390    41    51    71
  391    60    70    90
  392    66    76    96
  393    68    78    98
  394    60    70    90
  395    24    34    54
  396    32    42    62
  397    63    73    93
  398    48    58    77
  399    70    80    99
  400    59    69    88
  401    66    76    95
  402    66    76    95
  403    52    62    81
  404    30    40    59
  405     1    11    30
  406    26    36    55
  407    61    71    90
  408    13    23    42
  409    41    51    70
  410    56    66    85
  411    55    65    84
  412    25    35    54
  413    61    71    90
  414    54    64    83
  415    45    55    73
  416    46    56    74
  417    59    69    87
  418    70    80    98
  419    33    43    61
  420    42    52    70
  421    68    78    96
  422    28    38    56
  423    60    70    88
  424    18    28    46
  425    62    72    90
  426    52    62    80
  427    27    37    55
  428    29    39    57
  429    68    78    96
  430    62    72    89
  431    27    37    54
  432    72    82    99
  433    68    78    95
  434    33    43    60
  435    45    55    72
  436    53    63    80
  437    49    59    76
  438    69    79    95
  439    67    77    93
  440    25    35    51
  441    68    78    94
  442    32    42    58
  443    50    60    76
  444    59    69    85
  445    45    55    71
  446    12    22    38
  447    22    32    48
  448    71    81    97
  449    61    71    87
  450    71    81    97
  451    67    77    93
  452    43    53    69
  453    47    57    73
  454    44    54    70
  455    32    42    58
  456    39    49    65
  457     5    15    30
  458    70    80    95
  459    42    52    67
  460    66    76    91
  461    53    63    78
  462    72    82    97
  463    49    59    74
  464    73    83    98
  465    53    63    78
  466    71    81    96
  467    18    28    43
  468    59    69    84
  469    58    68    83
  470    53    63    78
  471    48    58    73
  472     8    18    33
  473    60    70    85
  474    66    76    91
  475    52    62    77
  476    33    43    58
  477    30    40    54
  478    52    62    76
  479    34    44    58
  480    32    42    56
  481    68    78    92
  482    60    70    84
  483    22    32    46
  484    53    63    77
  485    62    72    86
  486    68    78    92
  487    33    43    57
  488    57    67    81
  489    74    84    98
  490    69    79    93
  491    71    81    95
  492     4    14    28
  493    46    56    70
  494    74    84    98
  495    22    32    46
  496    71    81    95
  497    67    77    91
  498     3    13    27
  499    30    40    54
  500    50    60    74
  501    56    66    80
  502    55    65    78
  503    48    58    71
  504    10    20    33
  505    34    44    57
  506    52    62    75
  507    63    73    86
  508     8    18    31
  509    71    81    94
  510    76    86    99
  511    68    78    91
  512    34    44    57
  513    50    60    73
  514    74    84    97
  515    30    40    53
  516     4    14    27
  517    27    37    50
  518    76    86    99
  519    26    36    49
  520    66    76    89
  521    56    66    79
  522    37    47    60
  523     7    17    30
  524    66    76    89
  525    45    55    68
  526    63    73    86
  527    75    85    98
  528    69    79    92
  529    20    30    43
  530    54    64    77
  531    68    78    90
  532    42    52    64
  533     9    19    31
  534    38    48    60
  535    66    76    88
  536    76    86    98
  537    70    80    92
  538    32    42    54
  539    59    69    81
  540    38    48    60
  541    69    79    91
  542    60    70    82
  543     7    17    29
  544    57    67    79
  545    52    62    74
  546    44    54    66
  547    75    85    97
  548    34    44    56
  549    68    78    90
  550    51    61    73
  551    18    28    40
  552    49    59    71
  553    68    78    90
  554    61    71    82
  555    43    53    64
  556    63    73    84
  557    73    83    94
  558    78    88    99
  559    22    32    43
  560    75    85    96
  561    33    43    54
  562    60    70    81
  563    59    69    80
  564    63    73    84
  565    25    35    46
  566    44    54    65
  567    27    37    48
  568    27    37    48
  569    57    67    78
  570    40    50    61
  571    36    46    57
  572    66    76    87
  573    67    77    88
  574    56    66    77
  575    68    78    89
  576    11    21    32
  577     8    18    29
  578    57    67    77
  579    67    77    87
  580    17    27    37
  581    55    65    75
  582    75    85    95
  583    63    73    83
  584    73    83    93
  585    27    37    47
  586    79    89    99
  587    79    89    99
  588    56    66    76
  589    39    49    59
  590    77    87    97
  591    77    87    97
  592    79    89    98
  593    41    51    60
  594     3    13    22
  595    43    53    62
  596    79    89    98
  597    69    79    88
  598    75    85    94
  599    49    59    68
  600    61    71    80
  601    18    28    37
  602    69    79    88
  603    39    49    58
  604    40    50    59
  605    46    56    65
  606    50    60    69
  607    19    29    38
  608    30    40    49
  609    67    77    86
  610    46    56    65
  611    21    31    40
  612    43    53    62
  613     9    19    28
  614    60    70    78
  615    74    84    92
  616    56    66    74
  617    64    74    82
  618    81    91    99
  619    74    84    92
  620    67    77    85
  621    60    70    78
  622    37    47    55
  623    46    56    64
  624    35    45    53
  625    60    70    78
  626    74    84    92
  627    69    79    87
  628    63    73    81
  629    57    67    75
  630     5    15    23
  631    58    68    76
  632    81    91    99
  633    59    69    77
  634    81    91    99
  635    22    32    40
  636    69    79    87
  637    63    73    81
  638    81    91    98
  639    77    87    94
  640    63    73    80
  641    81    91    98
  642     4    14    21
  643    78    88    95
  644    73    83    90
  645    50    60    67
  646    82    92    99
  647    18    28    35
  648    70    80    87
  649    70    80    87
  650     8    18    25
  651    43    53    60
  652    74    84    91
  653    39    49    56
  654    80    90    97
  655    79    89    96
  656    63    73    80
  657    51    61    68
  658    80    90    97
  659    74    84    91
  660    59    69    76
  661    32    42    49
  662    68    78    85
  663    80    90    97
  664    79    89    96
  665    49    59    66
  666    77    87    94
  667    78    88    95
  668    77    87    94
  669    50    60    67
  670    27    37    44
  671    32    42    49
  672    59    69    76
  673    69    79    86
  674    13    23    30
  675    79    89    95
  676    64    74    80
  677    31    41    47
  678    78    88    94
  679    22    32    38
  680    33    43    49
  681    65    75    81
  682    57    67    73
  683    79    89    95
  684    58    68    74
  685    60    70    76
  686    80    90    96
  687    59    69    75
  688    74    84    90
  689    75    85    91
  690    15    25    31
  691    76    86    92
  692    25    35    41
  693    75    85    91
  694    44    54    59
  695    58    68    73
  696    63    73    78
  697    82    92    97
  698    70    80    85
  699    76    86    91
  700    65    75    80
  701    79    89    94
  702    52    62    67
  703    83    93    98
  704    58    68    73
  705    71    81    86
  706    68    78    83
  707    19    29    34
  708    60    70    75
  709    54    64    69
  710    77    87    92
  711    16    26    31
  712    37    47    52
  713    76    86    91
  714    46    56    61
  715    64    74    79
  716    20    30    35
  717    45    55    60
  718    12    22    27
  719    81    91    96
  720    41    51    56
  721    84    94    99
  722    58    68    73
  723    82    92    97
  724    41    51    55
  725    69    79    83
  726    73    83    87
  727    64    74    78
  728    68    78    82
  729    57    67    71
  730    46    56    60
  731    81    91    95
  732    80    90    94
  733    79    89    93
  734    43    53    57
  735    80    90    94
  736    82    92    96
  737    81    91    95
  738    81    91    95
  739    15    25    29
  740    56    66    70
  741    59    69    73
  742    18    28    32
  743    78    88    92
  744    53    63    67
  745    82    92    96
  746    34    44    48
  747    85    95    99
  748    79    89    93
  749    69    79    83
  750    59    69    73
  751    84    94    97
  752    86    96    99
  753    86    96    99
  754    83    93    96
  755    16    26    29
  756    83    93    96
  757    74    84    87
  758    42    52    55
  759    51    61    64
  760    86    96    99
  761    67    77    80
  762    76    86    89
  763    64    74    77
  764    49    59    62
  765    85    95    98
  766    31    41    44
  767    39    49    52
  768    83    93    96
  769    83    93    96
  770    80    90    93
  771    80    90    93
  772    83    93    96
  773     2    12    15
  774    68    78    81
  775    59    69    72
  776    24    34    37
  777    39    49    52
  778    82    92    94
  779    85    95    97
  780    76    86    88
  781    68    78    80
  782    79    89    91
  783    86    96    98
  784    57    67    69
  785    86    96    98
  786    83    93    95
  787    36    46    48
  788    41    51    53
  789    30    40    42
  790    70    80    82
  791    83    93    95
  792    78    88    90
  793    85    95    97
  794     3    13    15
  795    43    53    55
  796    87    97    99
  797    71    81    83
  798    67    77    79
  799    53    63    65
  800    66    76    77
  801    87    97    98
  802    87    97    98
  803    81    91    92
  804    48    58    59
  805    86    96    97
  806    85    95    96
  807    87    97    98
  808    88    98    99
  809    17    27    28
  810    80    90    91
  811    66    76    77
  812    28    38    39
  813    86    96    97
  814    87    97    98
  815    42    52    53
  816    84    94    95
  817    78    88    89
  818    84    94    95
  819    84    94    95
  820    87    97    98
  821    75    85    86
  822    50    60    61
  823    88    98    99
  824    85    95    96
  825    45    55    56
  826    88    98    99
  827    86    96    97
  828    85    95    96
  829    85    95    96
  830    66    76    77
  831     7    17    18
  832    88    98    99
  833    76    86    87
  834    15    25    26
  835    54    64    65
  836    74    84    85
  837    48    58    59
  838    13    23    24
  839    79    89    90
  840    77    87    88
  841    83    93    94
  842    17    27    28
  843    39    49    50
  844    90   100   100
  845    98   100   100
  846    88    98    98
  847    92   100   100
  848    95   100   100
  849    97   100   100
  850   100   100   100
  851     9    19    19
  852   100   100   100
  853    90   100   100
  854    74    84    84
  855    91   100   100
  856    94   100   100
  857    95   100   100
  858    93   100   100
  859    87    97    97
  860    95   100   100
  861    96   100   100
  862    92   100   100
  863    98   100   100
  864    85    95    95
  865    92   100   100
  866    80    90    90
  867    91   100   100
  868    89    99    99
  869    97   100   100
  870    99   100   100
  871   100   100   100
  872    85    95    95
  873    99   100   100
  874    99   100   100
  875    94   100   100
  876    99   100   100
  877    95   100   100
  878    92   100   100
  879    94   100   100
  880    56    66    66
  881    92   100   100
  882    98   100   100
  883    94   100   100
  884    94   100   100
  885    95   100   100
  886    69    79    79
  887    93   100   100
  888    96   100   100
  889    97   100   100
  890    95   100   100
  891    93   100   100
  892    66    76    76
  893    74    84    84
  894    87    97    97
  895    87    97    97
  896    92   100   100
  897    93   100   100
  898    91   100   100
  899    92   100   100
  900   100   100   100
  901    98   100   100
  902    77    87    87
  903    90   100   100
  904   100   100   100
  905   100   100   100
  906    18    28    28
  907    98   100   100
  908    94   100   100
  909    86    96    96
  910    69    79    79
  911    90   100   100
  912    87    97    97
  913    50    60    60
  914    81    91    91
  915    92   100   100
  916    92   100   100
  917    95   100   100
  918    92   100   100
  919    98   100   100
  920    31    41    41
  921    94   100   100
  922    97   100   100
  923    96   100   100
  924    29    39    39
  925    90   100   100
  926   100   100   100
  927   100   100   100
  928    94   100   100
  929    96   100   100
  930    57    67    67
  931    90   100   100
  932    93   100   100
  933    95   100   100
  934    87    97    97
  935    80    90    90
  936   100   100   100
  937    94   100   100
  938    98   100   100
  939    93   100   100
  940    92   100   100
  941    91   100   100
  942    90   100   100
  943    83    93    93
  944    94   100   100
  945    92   100   100
  946    90   100   100
  947    87    97    97
  948   100   100   100
  949    91   100   100
  950    71    81    81
  951   100   100   100
  952    93   100   100
  953    95   100   100
  954    99   100   100
  955     1    11    11
  956    77    87    87
  957    94   100   100
  958    91   100   100
  959    98   100   100
  960    95   100   100
  961    66    76    76
  962    96   100   100
  963    94   100   100
  964    82    92    92
  965   100   100   100
  966    86    96    96
  967    91   100   100
  968    94   100   100
  969    98   100   100
  970    90   100   100
  971   100   100   100
  972    97   100   100
  973   100   100   100
  974    90   100   100
  975   100   100   100
  976    97   100   100
  977    98   100   100
  978    79    89    89
  979    99   100   100
  980    82    92    92
  981    21    31    31
  982    88    98    98
  983    88    98    98
  984    93   100   100
  985    70    80    80
  986    96   100   100
  987    91   100   100
  988    97   100   100
  989    98   100   100
  990    89    99    99
  991    90   100   100
  992   100   100   100
  993    94   100   100
  994    90   100   100
  995   100   100   100
  996    93   100   100
  997    87    97    97
  998    94   100   100
  999    96   100   100
  100