  100
    0     2     2    87
    1    20    20    93
    2     5     5    77
    3    23    23    88
    4    21    21    81
    5    31    31    89
    6    19    19    77
    7     4     4    61
    8    39    39    94
    9    32    32    86
   10    31    31    83
   11    16    16    66
   12    10    10    60
   13    35    35    85
   14    30    30    79
   15    15    15    63
   16    51    51    96
   17    27    27    72
   18     5     5    48
   19    12    12    51
   20    11    11    49
   21     1     1    39
   22    12    12    50
   23    20    20    57
   24    57    57    94
   25    18    18    53
   26    46    46    81
   27    22    22    57
   28    53    53    85
   29    37    37    68
   30    23    23    54
   31    63    63    94
   32     8     8    38
   33    68    68    97
   34    33    33    62
   35    70    70    99
   36    45    45    70
   37    17    17    41
   38    33    33    57
   39    21    21    44
   40    46    46    65
   41    74    74    93
   42    28    28    47
   43     5     5    23
   44    60    60    78
   45    73    73    90
   46    70    70    86
   47    81    81    96
   48    73    73    87
   49    64    64    77
   50    87    87    99
   51    60    60    71
   52    86    86    97
   53    56    56    67
   54    42    42    52
   55    80    80    89
   56    58    58    67
   57    86    86    95
   58     8     8    17
   59    88    88    97
   60    84    84    92
   61    77    77    85
   62    85    85    93
   63    91    91    98
   64    51    51    58
   65    92    92    99
   66    32    32    39
   67    80    80    87
   68    82    82    89
   69    90    90    97
   70    78    78    84
   71    64    64    70
   72    90    90    96
   73    66    66    72
   74    91    91    97
   75    90    90    95
   76    81    81    86
   77    80    80    85
   78    82    82    86
   79    64    64    68
   80    85    85    89
   81    64    64    68
   82    94    94    98
   83    84    84    87
   84    93    93    95
   85    82    82    84
   86    91    91    93
   87    86    86    87
   88    43    43    44
   89    98    98    99
   90    93    93    94
   91    94    94    94
   92    99    99    99
   93    98    98    98
   94    94    94    94
   95    67    67    67
   96    99    99    99
   97   100   100   100
   98    99    99    99
   99    98    98    98
  100