  500
    0    16     6    95
    1    22    12    95
    2    21    11    93
    3    15     5    86
    4    16     6    86
    5    23    13    92
    6    26    16    95
    7    13     3    81
    8    24    14    92
    9    17     7    84
   10    26    16    92
   11    18     8    84
   12    18     8    82
   13    11     1    74
   14    18     8    81
   15    18     8    80
   16    26    16    88
   17    30    20    92
   18    12     2    74
   19    34    24    94
   20    29    19    89
   21    31    21    91
   22    19     9    79
   23    26    16    86
   24    13     3    72
   25    15     5    74
   26    20    10    78
   27    41    31    98
   28    40    30    96
   29    32    22    88
   30    11     1    67
   31    16     6    72
   32    29    19    84
   33    19     9    73
   34    14     4    68
   35    22    12    76
   36    41    31    95
   37    34    24    87
   38    29    19    82
   39    28    18    81
   40    25    15    77
   41    40    30    92
   42    25    15    77
   43    42    32    94
   44    35    25    86
   45    17     7    67
   46    49    39    99
   47    28    18    78
   48    11     1    61
   49    42    32    92
   50    23    13    72
   51    36    26    85
   52    32    22    81
   53    36    26    84
   54    20    10    68
   55    30    20    77
   56    11     1    58
   57    12     2    59
   58    21    11    68
   59    51    41    98
   60    42    32    88
   61    12     2    58
   62    11     1    57
   63    17     7    63
   64    31    21    76
   65    36    26    81
   66    35    25    79
   67    55    45    99
   68    40    30    84
   69    26    16    69
   70    31    21    74
   71    23    13    65
   72    46    36    88
   73    31    21    73
   74    25    15    67
   75    25    15    66
   76    20    10    61
   77    34    24    75
   78    20    10    61
   79    46    36    87
   80    34    24    74
   81    53    43    92
   82    57    47    96
   83    12     2    50
   84    31    21    69
   85    58    48    95
   86    26    16    63
   87    37    27    74
   88    31    21    67
   89    11     1    47
   90    41    31    77
   91    59    49    95
   92    16     6    51
   93    63    53    98
   94    40    30    75
   95    45    35    80
   96    46    36    81
   97    48    38    83
   98    44    34    78
   99    60    50    94
  100    57    47    91
  101    62    52    95
  102    67    57    99
  103    35    25    66
  104    38    28    69
  105    27    17    58
  106    46    36    77
  107    52    42    83
  108    43    33    74
  109    34    24    65
  110    53    43    83
  111    20    10    50
  112    20    10    50
  113    11     1    41
  114    48    38    77
  115    28    18    57
  116    28    18    57
  117    66    56    95
  118    70    60    98
  119    39    29    67
  120    50    40    78
  121    44    34    72
  122    18     8    46
  123    51    41    78
  124    63    53    90
  125    28    18    55
  126    55    45    82
  127    25    15    52
  128    61    51    88
  129    30    20    57
  130    26    16    53
  131    63    53    89
  132    13     3    39
  133    58    48    83
  134    38    28    63
  135    66    56    91
  136    73    63    98
  137    72    62    97
  138    66    56    91
  139    47    37    71
  140    16     6    40
  141    49    39    73
  142    74    64    98
  143    12     2    36
  144    74    64    98
  145    37    27    61
  146    73    63    96
  147    40    30    63
  148    73    63    96
  149    12     2    35
  150    60    50    83
  151    70    60    93
  152    54    44    77
  153    59    49    82
  154    66    56    89
  155    23    13    45
  156    62    52    84
  157    70    60    91
  158    13     3    34
  159    42    32    63
  160    59    49    80
  161    53    43    74
  162    36    26    57
  163    39    29    59
  164    65    55    85
  165    65    55    85
  166    49    39    69
  167    58    48    77
  168    44    34    63
  169    80    70    99
  170    35    25    54
  171    12     2    31
  172    23    13    42
  173    53    43    72
  174    78    68    97
  175    51    41    70
  176    68    58    87
  177    73    63    91
  178    54    44    72
  179    76    66    94
  180    81    71    99
  181    59    49    77
  182    71    61    89
  183    46    36    64
  184    65    55    83
  185    57    47    75
  186    70    60    88
  187    53    43    70
  188    82    72    99
  189    37    27    54
  190    54    44    71
  191    70    60    87
  192    79    69    96
  193    19     9    36
  194    17     7    34
  195    64    54    81
  196    53    43    69
  197    66    56    82
  198    75    65    91
  199    60    50    76
  200    76    66    92
  201    81    71    97
  202    39    29    55
  203    28    18    43
  204    23    13    38
  205    62    52    77
  206    67    57    82
  207    32    22    47
  208    31    21    46
  209    80    70    94
  210    83    73    97
  211    58    48    72
  212    30    20    44
  213    14     4    28
  214    78    68    91
  215    66    56    79
  216    20    10    33
  217    38    28    51
  218    87    77    99
  219    53    43    65
  220    34    24    46
  221    31    21    43
  222    67    57    79
  223    49    39    61
  224    58    48    70
  225    49    39    61
  226    20    10    32
  227    76    66    88
  228    86    76    97
  229    43    33    54
  230    63    53    74
  231    76    66    87
  232    61    51    72
  233    64    54    75
  234    81    71    91
  235    74    64    84
  236    31    21    41
  237    27    17    37
  238    65    55    74
  239    83    73    92
  240    79    69    88
  241    52    42    61
  242    24    14    33
  243    33    23    42
  244    83    73    92
  245    52    42    61
  246    84    74    92
  247    63    53    71
  248    52    42    60
  249    38    28    46
  250    68    58    76
  251    61    51    68
  252    52    42    59
  253    72    62    79
  254    56    46    63
  255    71    61    78
  256    21    11    28
  257    90    80    97
  258    66    56    73
  259    29    19    36
  260    88    78    95
  261    56    46    63
  262    58    48    65
  263    74    64    80
  264    40    30    46
  265    72    62    78
  266    70    60    76
  267    57    47    62
  268    89    79    94
  269    71    61    76
  270    93    83    98
  271    69    59    74
  272    33    23    38
  273    72    62    76
  274    11     1    15
  275    34    24    38
  276    27    17    31
  277    65    55    69
  278    91    81    94
  279    15     5    18
  280    72    62    75
  281    86    76    89
  282    78    68    81
  283    20    10    23
  284    23    13    26
  285    69    59    72
  286    76    66    78
  287    86    76    88
  288    79    69    81
  289    95    85    97
  290    25    15    27
  291    40    30    42
  292    94    84    96
  293    95    85    96
  294    90    80    91
  295    65    55    66
  296    92    82    93
  297    89    79    90
  298    82    72    83
  299    26    16    27
  300    11     1    11
  301    13     3    13
  302    54    44    54
  303    28    18    28
  304    55    45    55
  305    75    65    75
  306    20    10    20
  307    42    32    42
  308    45    35    45
  309    98    88    98
  310    92    82    92
  311    96    86    96
  312    19     9    19
  313    21    11    21
  314    23    13    22
  315    92    82    91
  316    89    79    88
  317    64    54    63
  318    81    71    80
  319    91    81    90
  320    58    48    57
  321    73    63    72
  322    13     3    12
  323    78    68    77
  324    56    46    54
  325    61    51    59
  326    94    84    92
  327    31    21    29
  328    94    84    92
  329    93    83    91
  330    51    41    49
  331    88    78    86
  332    68    58    66
  333    88    78    86
  334    66    56    64
  335    53    43    51
  336    98    88    96
  337    92    82    90
  338    97    87    95
  339    87    77    84
  340    95    85    92
  341   102    92    99
  342    63    53    60
  343    62    52    59
  344    95    85    92
  345    79    69    76
  346    60    50    57
  347    92    82    89
  348    99    89    95
  349    85    75    81
  350    91    81    87
  351    61    51    57
  352    99    89    95
  353    87    77    83
  354    99    89    95
  355    54    44    50
  356    77    67    73
  357    76    66    72
  358    96    86    92
  359    53    43    49
  360    83    73    79
  361    82    72    78
  362    99    89    95
  363   103    93    99
  364    75    65    71
  365   104    94    99
  366    99    89    94
  367    91    81    86
  368    84    74    79
  369    93    83    88
  370    82    72    77
  371    86    76    81
  372    89    79    84
  373    44    34    39
  374    96    86    91
  375    75    65    70
  376    99    89    94
  377    76    66    71
  378    93    83    88
  379   103    93    98
  380    95    85    90
  381   101    91    95
  382    92    82    86
  383    96    86    90
  384    72    62    66
  385    31    21    25
  386    87    77    81
  387    74    64    68
  388    16     6    10
  389    97    87    91
  390    28    18    22
  391    25    15    19
  392   103    93    97
  393    98    88    92
  394    96    86    90
  395   102    92    96
  396    86    76    80
  397   105    95    99
  398    19     9    13
  399   104    94    97
  400    96    86    89
  401    99    89    92
  402   103    93    96
  403   106    96    99
  404   106    96    99
  405   104    94    97
  406    98    88    91
  407    83    73    76
  408    84    74    77
  409   103    93    96
  410   101    91    94
  411    69    59    62
  412    99    89    92
  413    91    81    84
  414    87    77    80
  415    51    41    44
  416    25    15    18
  417    48    38    41
  418   101    91    94
  419    87    77    80
  420    88    78    81
  421   105    95    98
  422   105    95    97
  423    83    73    75
  424    34    24    26
  425   103    93    95
  426    62    52    54
  427   107    97    99
  428   107    97    99
  429    59    49    51
  430   106    96    98
  431   107    97    99
  432   103    93    95
  433    92    82    84
  434   106    96    98
  435    50    40    42
  436    68    58    60
  437   107    97    99
  438    98    88    90
  439    57    47    49
  440    89    79    81
  441   101    91    93
  442    88    78    79
  443   108    98    99
  444    94    84    85
  445    32    22    23
  446    95    85    86
  447   104    94    95
  448   108    98    99
  449    49    39    40
  450    12     2     3
  451    86    76    77
  452    98    88    89
  453   107    97    98
  454   103    93    94
  455   107    97    98
  456   101    91    92
  457   104    94    95
  458    69    59    60
  459    69    59    60
  460    98    88    89
  461   106    96    97
  462   104    94    95
  463   109    99    99
  464   100    90    90
  465   106    96    96
  466   110   100   100
  467   102    92    92
  468   109    99    99
  469    15     5     5
  470   109    99    99
  471   108    98    98
  472   105    95    95
  473   103    93    93
  474   109    99    99
  475    38    28    28
  476    84    74    74
  477   104    94    94
  478    76    66    66
  479   110   100   100
  480    92    82    82
  481   103    93    93
  482    92    82    82
  483    14     4     4
  484   101    91    91
  485    31    21    21
  486    31    21    21
  487   109    99    99
  488   109    99    99
  489    55    45    45
  490    49    39    39
  491    99    89    89
  492    96    86    86
  493   109    99    99
  494   109    99    99
  495   100    90    90
  496    56    46    46
  497   109    99    99
  498   109    99    99
  499    59    49    49
  100