  100
    0    74     4    98
    1    98    20    92
    2    72    30    99
    3     4    28    95
    4    21    35    97
    5    25    24    86
    6    19    29    91
    7    45    25    86
    8    69     7    68
    9    49    34    93
   10    82    31    89
   11    89    30    85
   12     4     7    60
   13     8    42    90
   14    74    10    56
   15    97    21    67
   16    39    44    87
   17    17    37    80
   18    36    21    64
   19    49    27    69
   20    76    50    91
   21    84    50    91
   22    59    11    52
   23     2    30    70
   24    76    43    83
   25    73    23    62
   26    12    33    71
   27    91    40    78
   28    46    27    64
   29     3    60    97
   30    58    15    51
   31    84    57    93
   32    43    55    91
   33    41    47    82
   34    31    60    95
   35    35    60    95
   36   100     6    41
   37    91    60    92
   38    80    37    68
   39    55    68    99
   40    95    45    75
   41    42    59    88
   42    26    38    67
   43    81    14    42
   44    78    64    91
   45    10    62    88
   46    22     3    28
   47    52     4    29
   48    78    39    64
   49    54     3    27
   50    57    75    98
   51    45    58    80
   52    37    37    59
   53    30    16    38
   54    25    22    44
   55    51     3    23
   56    84    70    90
   57    43    53    72
   58    25    51    70
   59    49    79    97
   60     7    14    32
   61    40    30    48
   62    19    12    29
   63    27    62    79
   64     3    23    39
   65    27    60    76
   66    49    46    62
   67    26    60    76
   68    83    43    58
   69    72    23    37
   70     6    33    46
   71    91    47    59
   72     7    51    62
   73    20    30    39
   74   100    70    78
   75    37    71    79
   76    33    15    23
   77   100    79    86
   78    49    82    89
   79    22    92    99
   80    13    29    36
   81    76    45    51
   82    32    62    67
   83    84    86    91
   84    78    40    45
   85    96    92    97
   86    40    19    23
   87    83    94    98
   88    78    54    58
   89     1    91    94
   90    92     3     6
   91    46    96    99
   92    38    18    20
   93    84    44    45
   94    98    71    72
   95    48    97    98
   96   100    95    95
   97    56    72    72
   98   100    93    93
   99    71    41    41
  100