 1000
    0     1     5    98
    1     1     1    92
    2     8     2    93
    3     4     8    98
    4     1     6    96
    5     1     7    97
    6    11     1    90
    7     4    10    99
    8     1     6    95
    9     1     3    89
   10    17    12    98
   11     5     1    87
   12    13     3    87
   13    11     7    90
   14     2    11    94
   15     3     1    83
   16     1     3    85
   17     3     4    83
   18     2     2    81
   19    26    19    98
   20     9     4    83
   21    12    16    95
   22    15    16    92
   23     6     1    77
   24     9    17    93
   25    19    23    99
   26    31    21    97
   27     1     4    80
   28     5    13    88
   29    29    23    98
   30     8    12    87
   31    25    23    98
   32    20    10    84
   33    10    15    88
   34    20    20    93
   35    15    10    83
   36    20    11    83
   37    15    16    88
   38    13    14    86
   39    18    25    97
   40    20    10    82
   41    24    20    91
   42     3     9    80
   43    21    18    89
   44    27    28    98
   45    34    26    96
   46     6     1    71
   47    19    12    81
   48    21    30    99
   49     3     5    74
   50    25    15    84
   51    19    24    91
   52    19    22    89
   53    41    31    98
   54    36    30    97
   55    30    33    99
   56    23    22    88
   57    11    20    86
   58    10    20    85
   59    31    30    94
   60    26    33    96
   61     5    14    77
   62     2     9    71
   63     9     9    71
   64    20    17    78
   65    16    17    78
   66    19    24    85
   67    11    16    76
   68     9    19    79
   69     2     2    62
   70    36    30    90
   71    23    31    91
   72     8     3    63
   73    13    18    77
   74    41    34    93
   75    12     6    65
   76    24    21    80
   77    33    35    94
   78    26    20    79
   79    13    21    80
   80    23    17    75
   81    27    32    90
   82    26    31    89
   83    37    41    98
   84    32    38    95
   85    20    15    72
   86    30    25    82
   87    14     8    65
   88    17    19    76
   89    18    10    67
   90     2    11    67
   91    46    39    95
   92    31    25    81
   93    33    27    83
   94    41    39    95
   95    18    27    83
   96    23    26    82
   97     9     9    64
   98    33    27    82
   99    36    39    94
  100    23    28    83
  101    14    21    76
  102    17    25    80
  103    10    12    67
  104    14    19    74
  105    21    25    80
  106     8     6    60
  107    28    20    74
  108    27    17    71
  109    40    38    92
  110    12     4    58
  111    20    29    83
  112    42    37    90
  113    33    32    85
  114    47    45    98
  115    29    38    91
  116     8    11    63
  117    43    47    99
  118    16    26    78
  119    35    34    85
  120    43    38    89
  121    27    37    88
  122    43    45    96
  123    25    21    72
  124    19    20    71
  125    42    47    98
  126    27    24    75
  127     1     3    54
  128    30    34    84
  129     6    15    65
  130    15    25    75
  131    26    17    67
  132    12    20    70
  133    42    48    98
  134    51    48    98
  135    48    45    95
  136     1     7    57
  137    52    48    97
  138    32    42    91
  139    51    48    97
  140    27    32    81
  141    12    14    63
  142    26    30    79
  143    57    47    96
  144     6     5    54
  145     6    12    60
  146    54    51    99
  147    21    13    61
  148    21    15    63
  149    34    28    76
  150    33    36    83
  151    56    48    95
  152    27    31    78
  153    58    51    98
  154    53    52    99
  155    24    22    69
  156    36    33    80
  157    33    29    76
  158    22    32    78
  159     8    15    61
  160    40    39    85
  161    18    13    59
  162    45    53    99
  163    29    26    72
  164    18    16    62
  165     2    11    57
  166    29    38    84
  167    44    37    83
  168    27    26    72
  169    34    24    70
  170    19    25    70
  171    34    35    80
  172    36    42    87
  173    37    45    90
  174    22    19    64
  175    16    12    56
  176    33    29    73
  177    35    26    70
  178    52    55    99
  179    30    35    79
  180     5    11    55
  181    42    39    83
  182     6     3    47
  183    25    32    76
  184    14     6    50
  185    14     6    49
  186    36    45    88
  187    52    47    90
  188     1     4    47
  189    22    21    64
  190     6    13    56
  191    22    32    75
  192    53    51    94
  193    31    23    66
  194    15     9    52
  195    23    31    73
  196    14    21    63
  197    26    32    74
  198     7    11    53
  199    16    16    58
  200     8    13    55
  201    20    28    70
  202    21    31    72
  203    60    54    95
  204    40    45    86
  205    47    47    88
  206     1     1    42
  207     4     5    46
  208     6     1    42
  209    36    28    69
  210    29    20    61
  211    39    45    85
  212    39    42    82
  213    35    43    83
  214    23    32    72
  215    19    15    55
  216    49    39    79
  217     1     7    47
  218    56    48    88
  219    22    17    57
  220    19    11    50
  221    38    45    84
  222    21    30    69
  223    30    37    76
  224    43    42    81
  225    26    24    63
  226    42    43    82
  227    44    39    78
  228    31    33    71
  229    55    58    96
  230    41    51    89
  231    54    49    87
  232    40    37    75
  233    62    56    94
  234    29    35    73
  235    20    24    62
  236     8     7    45
  237    56    55    93
  238    21    28    66
  239    24    33    70
  240    19    24    61
  241     9    17    54
  242    52    62    99
  243    57    50    87
  244    36    33    69
  245    20    21    57
  246    54    47    83
  247    73    63    99
  248    47    42    78
  249    41    34    70
  250     1     1    37
  251    19     9    45
  252    12     4    39
  253    27    36    71
  254    45    52    87
  255    44    49    84
  256    36    30    65
  257    34    39    74
  258    18    22    57
  259    19    17    52
  260    30    38    73
  261    70    62    97
  262    67    57    92
  263    10     1    36
  264    57    62    96
  265    63    61    95
  266    41    35    69
  267    62    55    89
  268    62    65    99
  269    63    59    93
  270     3     9    43
  271     9    17    51
  272    31    34    68
  273    50    43    77
  274    36    27    61
  275    41    32    66
  276    29    36    70
  277    22    27    61
  278    58    64    97
  279    16    19    52
  280     7     8    41
  281    63    60    93
  282    48    46    79
  283    29    27    60
  284    52    58    90
  285    36    43    75
  286     8     5    37
  287    51    54    86
  288    55    51    83
  289    63    62    94
  290    54    55    87
  291    19    21    52
  292    42    47    78
  293    62    57    88
  294    55    50    81
  295    24    19    50
  296    21    31    62
  297    58    62    93
  298    60    67    98
  299     4     8    39
  300    48    52    83
  301    75    68    99
  302    63    68    98
  303    66    67    97
  304    15    16    46
  305    25    30    60
  306    64    62    92
  307    51    59    89
  308    39    47    77
  309    65    63    93
  310    28    30    60
  311    62    64    94
  312    14    14    44
  313    23    22    52
  314    61    60    90
  315    30    37    66
  316    55    63    92
  317    77    68    97
  318    52    62    91
  319    11    21    50
  320     1     6    35
  321     8    15    44
  322    38    40    69
  323    24    21    50
  324    63    69    98
  325    25    26    55
  326    49    41    69
  327    31    28    56
  328    59    65    93
  329    42    41    69
  330    42    40    68
  331    69    59    87
  332    67    59    87
  333    61    55    83
  334    53    49    77
  335    15    12    40
  336    51    41    69
  337    55    65    93
  338    47    57    85
  339    31    32    60
  340    36    42    70
  341    68    66    94
  342    54    57    85
  343    65    64    92
  344    39    42    69
  345    63    55    82
  346    55    59    86
  347    15     9    36
  348     1     1    28
  349     6    16    43
  350    57    60    87
  351    53    63    90
  352    39    48    75
  353    42    46    73
  354    76    66    92
  355    43    53    79
  356    71    63    89
  357     4     9    35
  358    45    45    71
  359    62    68    94
  360     9     5    31
  361    41    39    65
  362    18    23    49
  363    80    73    99
  364    15    10    36
  365    11     4    30
  366    66    57    82
  367    28    27    52
  368    46    53    78
  369    74    67    92
  370    33    39    64
  371    65    71    96
  372    81    73    98
  373    10     2    27
  374     9     4    29
  375    26    19    44
  376    55    52    77
  377    27    31    56
  378    80    73    98
  379     8     3    27
  380    39    43    67
  381    69    59    83
  382    54    61    85
  383    61    66    90
  384    50    48    72
  385    46    43    67
  386    29    30    54
  387     8     8    32
  388    50    47    70
  389    41    48    71
  390    80    71    94
  391    11    17    40
  392    59    53    76
  393    62    70    93
  394    14    14    37
  395    54    57    80
  396    68    62    85
  397    69    75    98
  398    44    49    72
  399    59    61    84
  400    62    63    86
  401     8     8    31
  402    48    52    75
  403    25    19    42
  404    65    56    79
  405    64    73    95
  406    77    70    92
  407    48    55    77
  408    74    71    93
  409    83    77    99
  410    43    47    69
  411    49    48    70
  412    60    64    86
  413    19    23    45
  414    18    17    39
  415    28    35    57
  416    40    37    59
  417    53    51    73
  418    33    43    65
  419    66    66    88
  420    57    47    68
  421    21    22    43
  422    68    72    93
  423    70    68    89
  424    60    68    89
  425    25    20    41
  426    33    43    64
  427    52    48    69
  428    83    75    96
  429    81    71    92
  430    52    43    64
  431    67    62    83
  432    25    23    44
  433    34    30    51
  434    47    52    73
  435    48    57    78
  436    51    52    72
  437    65    55    75
  438    64    71    91
  439    50    49    69
  440    70    61    81
  441    64    71    91
  442    69    73    93
  443    61    54    74
  444    50    52    72
  445    37    43    63
  446    48    43    63
  447    35    36    56
  448    82    75    95
  449     7    15    35
  450    51    51    71
  451    72    77    97
  452    32    25    45
  453    60    69    89
  454    52    43    63
  455    66    74    94
  456    60    51    71
  457    47    45    65
  458    67    72    92
  459    44    46    66
  460    48    55    74
  461    63    73    92
  462    63    55    74
  463     4     7    26
  464    73    72    91
  465    74    69    88
  466    64    61    80
  467    70    69    88
  468    28    37    56
  469    19    10    29
  470    42    32    51
  471    51    54    73
  472    18    13    32
  473    14    15    34
  474    64    61    80
  475    70    80    99
  476    67    63    82
  477    58    58    77
  478    23    23    42
  479    63    70    89
  480    69    63    82
  481    60    54    73
  482    76    70    89
  483    75    79    98
  484    68    75    94
  485    63    60    79
  486    65    68    87
  487    71    69    88
  488    44    34    53
  489    55    46    64
  490    76    81    99
  491     1     6    24
  492    31    38    56
  493    65    57    75
  494    32    28    46
  495    90    81    99
  496    62    71    89
  497    65    73    91
  498    31    25    43
  499    49    56    74
  500     1     9    27
  501    71    74    92
  502    75    70    88
  503    69    60    78
  504    79    77    95
  505    35    32    49
  506    77    70    87
  507    38    35    52
  508    73    67    84
  509    59    62    79
  510    43    43    60
  511    64    62    79
  512    43    43    60
  513    72    69    86
  514    37    29    46
  515    74    70    87
  516    69    63    80
  517    57    59    76
  518     1     1    18
  519    83    81    97
  520    74    69    85
  521    80    82    98
  522    55    53    69
  523    84    76    92
  524    28    37    53
  525    71    80    96
  526    83    82    98
  527    76    72    88
  528    32    41    57
  529    60    54    70
  530    29    38    54
  531    90    81    97
  532    22    29    45
  533    65    75    91
  534     1     1    17
  535    90    81    97
  536    41    50    66
  537    40    38    53
  538     4     5    20
  539    78    79    94
  540    70    62    77
  541    92    82    97
  542    69    76    91
  543    92    84    99
  544    73    72    87
  545    73    76    91
  546    30    26    41
  547    75    75    90
  548    92    84    99
  549    64    68    83
  550    82    79    94
  551    81    72    87
  552    73    75    90
  553    76    69    84
  554    67    77    92
  555    79    84    98
  556    82    81    95
  557    79    72    86
  558    79    73    87
  559    29    19    33
  560    55    47    61
  561    80    71    85
  562    12    14    28
  563    77    77    91
  564    45    46    60
  565    55    55    69
  566    29    26    40
  567    78    79    93
  568    93    85    99
  569    54    61    75
  570    31    40    54
  571    64    74    88
  572    83    78    92
  573    57    57    71
  574    58    68    82
  575    76    73    87
  576    79    85    98
  577    85    84    97
  578    85    83    96
  579    64    72    85
  580    92    86    99
  581    72    77    90
  582    79    85    98
  583    66    74    87
  584    24    34    47
  585     8     9    22
  586    90    81    94
  587    23    33    46
  588    30    35    47
  589    74    80    92
  590    82    73    85
  591    87    84    96
  592    54    55    67
  593    74    66    78
  594    61    64    76
  595    66    69    81
  596    42    41    53
  597    57    52    64
  598    56    60    72
  599    33    33    45
  600    22    30    42
  601    72    81    93
  602    29    30    42
  603    86    82    94
  604    88    78    90
  605    55    64    76
  606    80    80    92
  607     4    11    22
  608    49    54    65
  609    48    43    54
  610    71    78    89
  611    79    87    98
  612    47    54    65
  613    10     5    16
  614    68    60    71
  615    26    17    28
  616    83    88    99
  617    85    88    99
  618    52    60    71
  619    66    76    87
  620     1     7    18
  621    26    17    28
  622    16    20    31
  623    79    83    94
  624    70    60    71
  625    22    23    34
  626    79    87    98
  627    78    71    82
  628    12    19    30
  629    49    44    55
  630    34    44    55
  631    34    26    37
  632    39    47    57
  633    77    78    88
  634    48    39    49
  635    88    80    90
  636    70    80    90
  637    53    63    73
  638    53    60    70
  639    86    88    98
  640    85    82    92
  641     3     6    16
  642    69    60    70
  643    58    62    72
  644    44    43    53
  645    91    86    96
  646    88    86    96
  647    27    20    30
  648    85    86    96
  649    63    73    83
  650    69    72    81
  651    89    82    91
  652    47    55    64
  653    75    85    94
  654     1     5    14
  655    69    75    84
  656    72    67    76
  657    94    88    97
  658    85    88    97
  659    61    60    69
  660    82    79    88
  661    49    56    65
  662    83    85    94
  663    84    86    95
  664     8    13    22
  665    37    27    36
  666    46    55    64
  667    34    28    37
  668     1     3    12
  669     4     8    17
  670    82    88    97
  671    17    24    33
  672    67    72    80
  673    95    91    99
  674    14    18    26
  675    54    64    72
  676    68    75    83
  677    68    67    75
  678    55    57    65
  679    77    80    88
  680    33    24    32
  681    93    83    91
  682    96    89    97
  683    55    50    58
  684    38    36    44
  685    84    87    95
  686    52    53    61
  687    29    33    41
  688    48    47    55
  689    17     7    15
  690    96    88    96
  691    42    42    50
  692    70    77    85
  693    89    88    96
  694    67    77    85
  695    11     9    17
  696    70    74    82
  697    77    78    86
  698    52    47    55
  699    76    76    84
  700    53    63    71
  701    79    85    92
  702    68    72    79
  703    71    63    70
  704    70    62    69
  705    43    46    53
  706    91    92    99
  707    84    77    84
  708    82    88    95
  709     4    12    19
  710    87    84    91
  711    83    88    95
  712    94    84    91
  713    79    78    85
  714    28    27    34
  715    12    19    26
  716    97    92    99
  717    75    84    91
  718    30    21    28
  719    87    92    99
  720    93    89    96
  721    65    74    81
  722    87    92    99
  723    96    86    93
  724    88    88    95
  725    71    76    83
  726    83    90    97
  727    82    85    92
  728    89    83    89
  729    44    53    59
  730    77    87    93
  731    94    88    94
  732    49    41    47
  733    12     9    15
  734    87    90    96
  735    81    90    96
  736    53    48    54
  737    48    40    46
  738    81    85    91
  739    92    90    96
  740    77    70    76
  741    87    85    91
  742    99    89    95
  743    20    20    26
  744    62    59    65
  745    73    64    70
  746    72    82    88
  747    97    93    99
  748    53    61    67
  749    84    84    90
  750    87    89    95
  751    94    93    99
  752    74    79    85
  753    76    85    91
  754    68    73    79
  755    78    81    86
  756    57    64    69
  757    80    89    94
  758    40    46    51
  759    36    26    31
  760    93    93    98
  761    85    83    88
  762    87    93    98
  763    21    22    27
  764    84    87    92
  765    74    74    79
  766    29    21    26
  767    85    83    88
  768    11    17    22
  769    56    56    61
  770    43    45    50
  771    96    87    92
  772    64    59    64
  773    60    50    55
  774    97    93    98
  775    89    91    96
  776    57    65    70
  777    82    89    94
  778    91    93    98
  779    66    76    81
  780    90    84    89
  781    54    59    64
  782    85    91    96
  783    59    61    66
  784    42    43    48
  785    20    23    28
  786    58    67    72
  787    77    82    86
  788    89    95    99
  789    89    89    93
  790    85    94    98
  791    86    93    97
  792    21    13    17
  793    87    90    94
  794    81    75    79
  795    11    19    23
  796    87    92    96
  797    69    63    67
  798    87    79    83
  799    74    83    87
  800    98    92    96
  801    10     9    13
  802     1     2     6
  803    92    88    92
  804    55    49    53
  805    20    29    33
  806    17    23    27
  807    90    93    97
  808    79    88    92
  809    84    83    87
  810    84    78    82
  811    81    71    75
  812    48    38    42
  813    73    71    75
  814    73    76    80
  815    75    75    78
  816    60    60    63
  817    76    70    73
  818    83    87    90
  819    86    89    92
  820    72    67    70
  821    70    74    77
  822    76    66    69
  823    89    80    83
  824    93    90    93
  825    29    36    39
  826    35    37    40
  827    93    89    92
  828    57    51    54
  829    50    58    61
  830    90    96    99
  831    92    94    97
  832    85    93    96
  833    67    58    61
  834    42    35    38
  835    94    87    90
  836   101    94    97
  837    25    32    35
  838    99    89    92
  839    92    94    97
  840    76    76    79
  841    20    25    28
  842    88    94    97
  843    66    69    72
  844   105    95    98
  845    17    16    19
  846    42    50    53
  847    75    71    73
  848    44    34    36
  849   106    96    98
  850    99    90    92
  851    95    94    96
  852    69    79    81
  853    67    66    68
  854    89    94    96
  855    90    95    97
  856    70    80    82
  857    96    96    98
  858    82    80    82
  859    85    95    97
  860    88    87    89
  861    56    61    63
  862    99    91    93
  863    18    16    18
  864    89    90    92
  865   101    92    94
  866    12    19    21
  867    71    72    74
  868    62    72    74
  869    88    88    90
  870    80    77    79
  871    69    77    79
  872    96    92    94
  873    86    86    88
  874    64    67    69
  875    67    57    59
  876    88    89    91
  877    43    46    48
  878    94    84    86
  879    93    90    92
  880   103    97    99
  881    74    72    74
  882    38    35    37
  883    76    81    82
  884    98    88    89
  885    84    86    87
  886    82    81    82
  887    93    87    88
  888    60    58    59
  889    26    25    26
  890    88    87    88
  891    88    87    88
  892    81    88    89
  893    88    98    99
  894    40    43    44
  895    89    98    99
  896   100    96    97
  897    95    91    92
  898    52    42    43
  899    64    64    65
  900    24    14    15
  901    86    89    90
  902     1     3     4
  903    93    89    90
  904    84    89    90
  905    97    98    99
  906    32    39    40
  907    80    85    86
  908    62    63    64
  909   105    97    98
  910    90    97    98
  911    80    73    74
  912    82    76    77
  913    82    89    90
  914    98    93    94
  915   106    97    98
  916    47    45    46
  917    65    64    65
  918    89    93    94
  919    93    93    94
  920    98    98    99
  921    94    96    97
  922    19    17    18
  923     1    10    11
  924    79    80    81
  925    86    96    97
  926    91    84    85
  927    71    68    69
  928    97    90    91
  929    90    98    99
  930    94    98    99
  931    75    67    68
  932   100    96    97
  933    89    83    83
  934   109   100   100
  935   106   100   100
  936   101    99    99
  937   109    99    99
  938   108    99    99
  939    57    65    65
  940    98   100   100
  941   102    95    95
  942    84    74    74
  943    97    94    94
  944    42    40    40
  945    90   100   100
  946    75    79    79
  947    77    75    75
  948   102   100   100
  949   107   100   100
  950   110   100   100
  951    39    46    46
  952    80    85    85
  953    43    53    53
  954    98    93    93
  955    43    33    33
  956    96    98    98
  957    31    37    37
  958   109    99    99
  959    83    89    89
  960    96    99    99
  961    91    99    99
  962    96    98    98
  963    93   100   100
  964    92    94    94
  965    70    68    68
  966    94    96    96
  967   101    98    98
  968    65    67    67
  969   106    99    99
  970    89    99    99
  971    85    92    92
  972   108   100   100
  973    73    81    81
  974    90    93    93
  975    87    81    81
  976    96    95    95
  977   105    99    99
  978   102    96    96
  979    70    77    77
  980    21    20    20
  981    81    91    91
  982    92    94    94
  983    92    91    91
  984    96   100   100
  985   102    98    98
  986    94    97    97
  987    88    78    78
  988    84    89    89
  989    16    10    10
  990    94    90    90
  991    86    79    79
  992   104    99    99
  993    91    99    99
  994    74    79    79
  995    74    81    81
  996    95    97    97
  997    96    99    99
  998   107   100   100
  999    86    78    78
  100