  500
    0    18    10    99
    1    82     3    91
    2    69    10    98
    3    99    10    98
    4    50     5    92
    5    12     5    92
    6    40     2    88
    7    42    12    98
    8    56    11    95
    9    88    15    99
   10    93    16    99
   11    15     5    88
   12    89     9    91
   13    18     8    90
   14    89    16    97
   15    94     6    84
   16    76    11    89
   17    81    15    91
   18    40    20    95
   19    15    13    88
   20    42     2    75
   21   100     2    73
   22    97    27    98
   23    41     5    75
   24    96    15    85
   25    77    27    97
   26    45    16    86
   27    97    28    97
   28     2    12    80
   29    12    24    92
   30    94     2    70
   31    13     7    74
   32     9     9    74
   33    28    29    93
   34    93    30    92
   35    76    18    80
   36    40    21    83
   37    26    34    96
   38    17     2    64
   39    76     2    63
   40    14    32    93
   41    29    21    81
   42    54    16    76
   43    37     6    65
   44    18    15    74
   45    53    33    92
   46    54     2    61
   47    64    22    80
   48    65     4    62
   49     6    41    98
   50    57    23    80
   51    37    31    88
   52    94    31    88
   53    54     8    64
   54    48    42    97
   55    78    34    89
   56     5    23    78
   57    30    12    67
   58    65    21    75
   59    97    19    73
   60    38    45    99
   61     4     2    56
   62    43    38    92
   63    48    31    85
   64    69    34    88
   65    33    40    93
   66    69    15    68
   67    10    21    74
   68    79    45    97
   69    95    43    95
   70    81    38    90
   71    32    42    93
   72   100    17    68
   73    32    46    97
   74    90    49    99
   75    14    39    89
   76    83    38    87
   77    64    47    96
   78    66    27    76
   79    25     1    50
   80    26     7    55
   81    56    46    94
   82    70    48    96
   83    60    13    61
   84     5    49    97
   85    95    21    67
   86    57    51    97
   87    73    39    85
   88    34     2    48
   89    76    28    74
   90     3    30    76
   91    11     4    49
   92    36    49    94
   93    30     2    46
   94    59    52    96
   95    29    18    62
   96    99     1    44
   97    92    48    91
   98    93    57    99
   99    98    10    52
  100    64    53    95
  101     6    54    95
  102    92    53    94
  103    55    46    87
  104    57    53    94
  105    71    57    98
  106    44    49    89
  107    49    47    87
  108    69    13    53
  109    52    38    77
  110    92    24    63
  111    59    55    94
  112    13    55    94
  113    87    41    80
  114    55    23    62
  115    31    49    88
  116    22     3    41
  117    15    44    82
  118    49    44    82
  119    46    20    57
  120     6    39    76
  121    47    50    87
  122    63    58    95
  123    23    45    81
  124    23    23    58
  125    77     3    38
  126    67    18    53
  127    29    63    98
  128    72    50    84
  129    66    53    87
  130    49    59    93
  131    22    61    95
  132   100     9    43
  133    32    40    74
  134    20    65    99
  135     4    40    74
  136    45    45    79
  137     8    43    77
  138    46    60    93
  139    79    64    97
  140    52    56    89
  141     5    40    73
  142    25    43    76
  143    27    63    96
  144    11    62    95
  145    61    10    43
  146    65     5    37
  147    56    58    90
  148    83    64    96
  149    60    27    58
  150    40    61    92
  151    17    62    93
  152    12    47    78
  153    24    54    85
  154    93    67    97
  155     4    68    98
  156     2    13    43
  157     9    67    97
  158    21    39    68
  159    90    58    87
  160    76    39    68
  161    25     4    33
  162    63    28    57
  163    48    63    92
  164    86     5    34
  165    83    42    71
  166    80    59    87
  167    21    64    92
  168    36    55    83
  169    92    58    86
  170    20    58    86
  171    31    27    55
  172    33    38    66
  173    29    47    74
  174    73    20    47
  175    97    71    98
  176    14    36    63
  177    94    13    40
  178    10    26    53
  179    99    40    67
  180    65    68    95
  181    40    19    46
  182    93     9    35
  183    13    12    38
  184    52    58    84
  185    60     9    35
  186    94    45    71
  187    90    53    79
  188    81    70    96
  189    30    35    60
  190    87    58    83
  191    74     4    29
  192    27    49    73
  193    36    74    98
  194    69    61    85
  195    70    52    76
  196    78     8    32
  197    83    50    74
  198    40    60    83
  199    49    50    73
  200    33    62    85
  201    33    66    89
  202    87    10    33
  203    51    11    34
  204    48    76    99
  205    90     4    27
  206    13    72    95
  207    82    42    64
  208    63    56    78
  209    18    39    61
  210    42     8    30
  211    35    21    43
  212    41    22    44
  213    30    48    69
  214    10     2    23
  215    40     7    28
  216    18    64    85
  217     6    77    98
  218    12    60    81
  219    71    26    47
  220     2    28    49
  221    82    20    41
  222    67    58    79
  223    80    77    98
  224    92    73    94
  225    44    45    66
  226    97    61    81
  227    52    44    64
  228    20    46    66
  229    17    79    99
  230    31    66    86
  231    70    74    94
  232    94    46    66
  233    31    79    99
  234     1    43    63
  235    41    59    79
  236    68    62    82
  237     7    20    39
  238    38    46    65
  239    65    47    66
  240     1    71    90
  241     8     9    28
  242    14    26    45
  243    83    70    89
  244    29    71    90
  245    73    35    54
  246    71    21    40
  247    83    37    56
  248    66    46    65
  249    43    38    56
  250    56    16    34
  251    43    81    99
  252    36    69    87
  253    83    16    34
  254    73    18    36
  255    44    79    97
  256    25     1    19
  257    62    56    74
  258    29    70    87
  259    28    39    56
  260    19    17    34
  261    49    41    58
  262    17    11    28
  263    62    23    40
  264    70    54    71
  265   100    21    38
  266     6    80    97
  267    55    68    84
  268    88    65    81
  269    88    62    78
  270    70    68    84
  271    41    19    35
  272    51    20    36
  273    74    62    78
  274    91    68    84
  275     6    22    38
  276    29    50    66
  277    40     5    21
  278    63    21    36
  279    84    43    58
  280    29    58    73
  281    79    83    98
  282    61    64    79
  283    73    84    99
  284    23    80    94
  285    65    57    71
  286    17    71    85
  287    58    84    98
  288    50    79    93
  289    72    71    85
  290    93    65    79
  291     2     9    23
  292    86    76    89
  293    93    74    87
  294    38     7    20
  295    78    39    52
  296    11    43    56
  297    59    66    79
  298    74    75    88
  299    68    39    52
  300    63    44    57
  301    14    49    61
  302    44    42    54
  303    95    37    49
  304    77    81    93
  305    55    87    99
  306    53    81    93
  307    26    85    97
  308    41    84    95
  309    99    32    43
  310    93    47    58
  311    10    82    93
  312    66    71    82
  313    11    29    40
  314    84    20    31
  315    85    68    79
  316     1    47    58
  317    52    78    89
  318    58    43    54
  319    40    28    39
  320     8    87    97
  321    72     3    13
  322    42    86    96
  323    83    13    23
  324    25    26    36
  325    23    10    20
  326    43    41    51
  327    77    75    85
  328    14    13    23
  329    49    70    80
  330    29    43    53
  331    92    87    97
  332    55    44    54
  333    68    47    57
  334    48    79    89
  335    31    86    95
  336    38    90    99
  337    56    26    35
  338    12    82    91
  339    48    89    98
  340    12    69    78
  341    89    88    97
  342    93    90    99
  343    90    40    49
  344     5    45    54
  345    67    10    19
  346    96    85    94
  347    52    81    90
  348    25    31    40
  349    23    68    76
  350    12    47    55
  351     5     8    16
  352    58    37    45
  353    83    91    99
  354    49    88    96
  355     6    91    99
  356    11    90    97
  357    33    36    43
  358    89     6    13
  359    46    53    60
  360    31    88    95
  361    13     5    12
  362    30    86    93
  363    28    27    34
  364     1    42    49
  365    60    91    98
  366    14    49    56
  367    28    27    33
  368    12    80    86
  369    87    93    99
  370    86    87    93
  371    25    91    97
  372    54    14    20
  373    71    93    99
  374     2    48    54
  375    86    48    54
  376    17    76    82
  377    68    90    96
  378     9    69    75
  379    92    33    39
  380    94    59    65
  381    50    88    94
  382    14    19    24
  383    65    52    57
  384    66    62    67
  385    91    74    79
  386    84     9    14
  387    53    60    65
  388    78    63    68
  389    13    84    89
  390    21    92    97
  391    17    90    95
  392     6    92    97
  393    15    92    97
  394    11    63    67
  395    27    84    88
  396    79    81    85
  397    61    47    51
  398    69    92    96
  399    43    90    94
  400    65    63    67
  401    12    95    99
  402    45    84    88
  403    23    94    98
  404    77    95    99
  405    88    63    67
  406    77    94    98
  407     4    91    95
  408    87    56    60
  409    93     5     8
  410    29    92    95
  411    38    56    59
  412    88    84    87
  413    27    88    91
  414    14    65    68
  415    54    89    92
  416    28    81    84
  417    59    92    95
  418     7    78    81
  419     1    83    86
  420    34    95    98
  421   100    39    42
  422    29    96    99
  423    26    90    93
  424    58    86    89
  425    54    93    96
  426    73    35    38
  427    34    83    86
  428    83    96    99
  429    38    70    72
  430    29    88    90
  431    76    85    87
  432    83    97    99
  433    38    81    83
  434    51    22    24
  435    81    93    95
  436    10    61    63
  437    51    56    58
  438    70    97    99
  439    57    82    84
  440    23    96    98
  441     5    92    94
  442    92    96    98
  443    37    95    97
  444    25    96    98
  445    57    72    74
  446     6    51    53
  447    19    97    99
  448    87    67    69
  449   100    91    92
  450    94    38    39
  451    18    73    74
  452    15    55    56
  453    95    62    63
  454    27    93    94
  455    17    96    97
  456    76    97    98
  457    68    81    82
  458    13    57    58
  459    80    57    58
  460    43     1     2
  461    60    94    95
  462    34    97    98
  463    75    96    97
  464    14    89    90
  465    30    98    98
  466    67    97    97
  467    85    91    91
  468    69     3     3
  469    33    92    92
  470    96    82    82
  471    35    89    89
  472    80    98    98
  473    22    96    96
  474    30   100   100
  475    57    84    84
  476    28    99    99
  477    90    99    99
  478    55    98    98
  479    76   100   100
  480    86   100   100
  481    50    98    98
  482    80    85    85
  483    87    70    70
  484    36    35    35
  485     6    93    93
  486    62    59    59
  487    36    79    79
  488    22    90    90
  489    73    99    99
  490    81    88    88
  491    92     3     3
  492    95    99    99
  493    50    99    99
  494    55    76    76
  495    28    72    72
  496    10    87    87
  497    12   100   100
  498    22    98    98
  499    23    99    99
  100