 1000
    0     2    12    99
    1     3    13    96
    2     7    17    98
    3     8    18    98
    4     6    16    96
    5     9    19    98
    6     7    17    94
    7     5    15    92
    8    10    20    96
    9    12    22    98
   10     7    17    92
   11     3    13    87
   12     9    19    93
   13    10    20    94
   14     9    19    93
   15     9    19    91
   16     4    14    85
   17     9    19    90
   18     8    18    88
   19    10    20    90
   20    12    22    92
   21     7    17    86
   22    13    23    92
   23    17    27    96
   24    20    30    98
   25    11    21    89
   26    10    20    88
   27    21    31    99
   28    19    29    97
   29    19    29    97
   30    11    21    89
   31     6    16    84
   32     5    15    83
   33     1    11    78
   34    16    26    93
   35     7    17    84
   36    18    28    95
   37    13    23    89
   38     8    18    84
   39    13    23    89
   40     1    11    77
   41     1    11    76
   42    14    24    89
   43    14    24    89
   44    19    29    94
   45    22    32    97
   46    23    33    98
   47     1    11    75
   48    11    21    85
   49    19    29    93
   50     5    15    79
   51    15    25    88
   52     4    14    77
   53    20    30    92
   54     1    11    73
   55    21    31    93
   56    18    28    89
   57    22    32    93
   58     5    15    76
   59    12    22    83
   60    17    27    87
   61    21    31    91
   62    16    26    85
   63    19    29    88
   64    17    27    86
   65     6    16    75
   66    18    28    86
   67    19    29    87
   68    11    21    78
   69    22    32    89
   70    21    31    87
   71    19    29    85
   72    20    30    86
   73     5    15    71
   74     4    14    70
   75    23    33    89
   76    23    33    89
   77    27    37    92
   78    14    24    79
   79    23    33    88
   80    15    25    80
   81     3    13    68
   82    18    28    83
   83    31    41    96
   84    11    21    75
   85     2    12    66
   86    17    27    81
   87    18    28    82
   88    34    44    97
   89     3    13    66
   90    35    45    98
   91     6    16    69
   92    16    26    79
   93    25    35    88
   94    36    46    99
   95    34    44    97
   96    24    34    87
   97     3    13    66
   98     9    19    72
   99    26    36    89
  100    31    41    94
  101    13    23    75
  102    14    24    76
  103    34    44    96
  104    16    26    78
  105    32    42    94
  106    25    35    86
  107     1    11    62
  108    15    25    76
  109    14    24    75
  110    17    27    78
  111    36    46    97
  112    26    36    87
  113    38    48    99
  114    25    35    85
  115    25    35    85
  116    25    35    85
  117    22    32    82
  118     8    18    68
  119    37    47    97
  120    12    22    72
  121    17    27    76
  122     3    13    62
  123     2    12    61
  124    21    31    80
  125    10    20    69
  126    21    31    80
  127    34    44    93
  128    28    38    86
  129    35    45    93
  130    31    41    89
  131    35    45    93
  132    40    50    98
  133    30    40    87
  134    30    40    87
  135    16    26    73
  136    34    44    91
  137    37    47    94
  138    20    30    77
  139    12    22    69
  140    25    35    81
  141     1    11    57
  142     6    16    62
  143    24    34    80
  144    34    44    90
  145    27    37    82
  146    14    24    69
  147    19    29    74
  148     3    13    57
  149    22    32    76
  150    31    41    85
  151    21    31    75
  152    18    28    72
  153    34    44    88
  154    36    46    90
  155    15    25    69
  156    15    25    68
  157    40    50    93
  158     6    16    59
  159    29    39    82
  160    23    33    76
  161    16    26    69
  162    13    23    66
  163     3    13    55
  164    10    20    62
  165    12    22    64
  166    41    51    93
  167    14    24    65
  168    40    50    91
  169    21    31    72
  170     7    17    58
  171    30    40    81
  172    11    21    61
  173    19    29    69
  174    19    29    69
  175    16    26    66
  176    39    49    89
  177    36    46    86
  178    36    46    86
  179    10    20    60
  180    24    34    74
  181    34    44    84
  182    44    54    94
  183    39    49    88
  184    40    50    89
  185    39    49    88
  186    46    56    95
  187    31    41    80
  188    27    37    76
  189     9    19    58
  190    20    30    69
  191    49    59    97
  192    22    32    70
  193    24    34    72
  194    35    45    83
  195    19    29    67
  196    30    40    78
  197    32    42    80
  198    32    42    80
  199    31    41    78
  200    31    41    78
  201    42    52    89
  202    13    23    60
  203    48    58    95
  204     7    17    54
  205    29    39    76
  206    50    60    97
  207    45    55    92
  208    40    50    87
  209    16    26    63
  210    50    60    97
  211    16    26    63
  212    33    43    79
  213    40    50    86
  214    31    41    77
  215    39    49    85
  216     4    14    50
  217    31    41    77
  218    28    38    74
  219    31    41    76
  220    36    46    81
  221     8    18    53
  222    33    43    78
  223    33    43    78
  224    52    62    97
  225    29    39    74
  226     3    13    47
  227    14    24    58
  228    28    38    72
  229     5    15    49
  230    52    62    96
  231    40    50    84
  232     7    17    51
  233     2    12    46
  234    49    59    93
  235    35    45    79
  236    35    45    79
  237    28    38    71
  238    16    26    59
  239    55    65    98
  240    12    22    55
  241    50    60    93
  242    44    54    87
  243     7    17    50
  244    39    49    82
  245    46    56    89
  246    23    33    66
  247    48    58    91
  248    10    20    53
  249    32    42    75
  250    15    25    57
  251     2    12    44
  252    45    55    87
  253    49    59    91
  254    18    28    60
  255    40    50    82
  256    37    47    79
  257    38    48    80
  258     4    14    46
  259    39    49    81
  260    37    47    79
  261    15    25    56
  262    43    53    84
  263    41    51    82
  264    58    68    99
  265    29    39    70
  266    27    37    68
  267    55    65    96
  268     8    18    49
  269    15    25    55
  270     8    18    48
  271     1    11    41
  272    57    67    97
  273    38    48    78
  274    29    39    69
  275    55    65    94
  276     3    13    42
  277    10    20    49
  278    60    70    99
  279     7    17    46
  280    21    31    60
  281    54    64    93
  282    30    40    69
  283    24    34    63
  284    32    42    71
  285    54    64    93
  286    35    45    74
  287    16    26    55
  288    40    50    79
  289    32    42    71
  290    45    55    84
  291    40    50    79
  292     1    11    39
  293     5    15    43
  294    49    59    87
  295     6    16    44
  296    32    42    70
  297    27    37    65
  298    39    49    76
  299    60    70    97
  300     1    11    38
  301    56    66    93
  302    61    71    98
  303     7    17    44
  304    51    61    88
  305    25    35    62
  306     3    13    40
  307    12    22    48
  308    42    52    78
  309    55    65    91
  310    33    43    69
  311    61    71    97
  312    45    55    81
  313     2    12    38
  314    33    43    69
  315    56    66    92
  316    43    53    79
  317    59    69    95
  318    39    49    75
  319    51    61    87
  320    51    61    87
  321    63    73    99
  322    61    71    97
  323    60    70    95
  324    60    70    95
  325    54    64    89
  326    23    33    58
  327    63    73    98
  328    46    56    81
  329    51    61    86
  330    54    64    89
  331    39    49    74
  332    25    35    60
  333    49    59    84
  334    57    67    92
  335     8    18    43
  336    23    33    57
  337    38    48    72
  338    38    48    72
  339    20    30    54
  340    61    71    95
  341    31    41    65
  342    17    27    51
  343    55    65    89
  344    25    35    59
  345    11    21    45
  346    31    41    65
  347    26    36    60
  348    46    56    80
  349    61    71    94
  350    56    66    89
  351    24    34    57
  352    46    56    79
  353    22    32    55
  354     4    14    37
  355    62    72    95
  356    29    39    62
  357    63    73    96
  358    19    29    52
  359    50    60    83
  360    56    66    89
  361    64    74    97
  362     8    18    41
  363    25    35    58
  364    10    20    43
  365    64    74    96
  366    57    67    89
  367    51    61    83
  368    59    69    91
  369     3    13    35
  370    44    54    76
  371    39    49    71
  372    11    21    43
  373     2    12    34
  374    60    70    92
  375    13    23    45
  376    39    49    71
  377    61    71    93
  378    52    62    83
  379    44    54    75
  380    23    33    54
  381    10    20    41
  382    43    53    74
  383    47    57    78
  384    65    75    96
  385    68    78    99
  386    50    60    81
  387    49    59    80
  388    47    57    78
  389    60    70    91
  390    63    73    94
  391    14    24    45
  392    17    27    48
  393    48    58    78
  394    36    46    66
  395    49    59    79
  396    13    23    43
  397    59    69    89
  398    37    47    67
  399    68    78    98
  400    36    46    66
  401    68    78    98
  402    68    78    98
  403    35    45    64
  404    68    78    97
  405     1    11    30
  406    51    61    80
  407    39    49    68
  408    68    78    97
  409    27    37    56
  410    42    52    71
  411    24    34    53
  412    63    73    92
  413     6    16    35
  414    21    31    50
  415    34    44    63
  416    39    49    68
  417    30    40    58
  418    29    39    57
  419    56    66    84
  420    71    81    99
  421    51    61    79
  422    64    74    92
  423    10    20    38
  424    10    20    38
  425    51    61    79
  426    21    31    49
  427    59    69    87
  428    60    70    88
  429    56    66    84
  430    45    55    73
  431    14    24    42
  432    70    80    98
  433    71    81    99
  434    57    67    85
  435    60    70    88
  436    31    41    59
  437    36    46    64
  438    69    79    97
  439    69    79    97
  440    69    79    97
  441    67    77    94
  442    27    37    54
  443    15    25    42
  444     5    15    32
  445    34    44    61
  446    61    71    88
  447    63    73    90
  448    53    63    80
  449    43    53    70
  450    48    58    75
  451    65    75    92
  452    27    37    54
  453    55    65    82
  454    42    52    68
  455    61    71    87
  456    24    34    50
  457    49    59    75
  458    61    71    87
  459    14    24    40
  460    72    82    98
  461    33    43    59
  462     3    13    29
  463    57    67    83
  464    34    44    60
  465    62    72    88
  466    25    35    51
  467    65    75    91
  468    64    74    90
  469    72    82    98
  470    51    61    77
  471    24    34    49
  472    65    75    90
  473    37    47    62
  474    22    32    47
  475    32    42    57
  476    32    42    57
  477    51    61    76
  478    54    64    79
  479    17    27    42
  480    14    24    39
  481    70    80    95
  482    13    23    38
  483    60    70    85
  484    67    77    91
  485    41    51    65
  486    54    64    78
  487    30    40    54
  488    64    74    88
  489    31    41    55
  490    71    81    95
  491    58    68    82
  492    51    61    75
  493    55    65    79
  494    75    85    99
  495    65    75    89
  496    53    63    77
  497    62    72    86
  498    73    83    97
  499    63    73    87
  500    76    86    99
  501    17    27    40
  502    55    65    78
  503    39    49    62
  504    73    83    96
  505    52    62    75
  506    58    68    81
  507    76    86    99
  508    14    24    37
  509    72    82    95
  510    59    69    82
  511    58    68    81
  512    51    61    74
  513    73    83    96
  514    48    58    71
  515    69    79    92
  516    55    65    78
  517    50    60    73
  518    56    66    79
  519    59    69    82
  520    56    66    79
  521    71    81    94
  522    36    46    59
  523    54    64    77
  524     2    12    25
  525    62    72    85
  526    75    85    98
  527     6    16    28
  528    75    85    97
  529    60    70    82
  530    53    63    75
  531    69    79    91
  532    45    55    67
  533    67    77    89
  534    74    84    96
  535    36    46    58
  536    67    77    89
  537    44    54    66
  538    70    80    92
  539    77    87    99
  540    62    72    84
  541    56    66    78
  542    74    84    96
  543    16    26    38
  544     8    18    30
  545    37    47    59
  546    51    61    72
  547    38    48    59
  548    65    75    86
  549    74    84    95
  550    74    84    95
  551    67    77    88
  552    17    27    38
  553    78    88    99
  554    70    80    91
  555    70    80    91
  556    37    47    58
  557    70    80    91
  558    72    82    93
  559    78    88    99
  560    46    56    67
  561    68    78    89
  562    77    87    98
  563    57    67    78
  564    43    53    64
  565    58    68    79
  566    58    68    79
  567    74    84    95
  568    13    23    34
  569    71    81    92
  570    79    89    99
  571    18    28    38
  572    71    81    91
  573     7    17    27
  574    62    72    82
  575    33    43    53
  576    70    80    90
  577    68    78    88
  578    39    49    59
  579    28    38    48
  580    78    88    98
  581    54    64    74
  582    79    89    99
  583    65    75    85
  584    72    82    92
  585    16    26    36
  586    66    76    86
  587    74    84    94
  588    79    89    99
  589    11    21    31
  590    66    76    86
  591    54    64    74
  592    53    63    73
  593    77    87    97
  594    60    70    80
  595    55    65    75
  596    51    61    70
  597    34    44    53
  598    79    89    98
  599     4    14    23
  600    35    45    54
  601    52    62    71
  602    53    63    72
  603    69    79    88
  604    30    40    49
  605    52    62    71
  606    80    90    99
  607    58    68    77
  608    73    83    92
  609    65    75    84
  610    73    83    92
  611    54    64    73
  612    80    90    99
  613    79    89    98
  614    68    78    87
  615    71    81    90
  616    75    85    94
  617    62    72    80
  618    74    84    92
  619    66    76    84
  620    76    86    94
  621    79    89    97
  622    72    82    90
  623    63    73    81
  624    48    58    66
  625    11    21    29
  626    75    85    93
  627    24    34    42
  628    71    81    89
  629    77    87    95
  630    73    83    91
  631    51    61    69
  632    63    73    81
  633    15    25    33
  634    65    75    83
  635    80    90    98
  636    69    79    87
  637    41    51    58
  638    66    76    83
  639     9    19    26
  640    34    44    51
  641    81    91    98
  642    80    90    97
  643    72    82    89
  644    30    40    47
  645    52    62    69
  646     5    15    22
  647    23    33    40
  648    23    33    40
  649    78    88    95
  650    51    61    68
  651    77    87    94
  652    43    53    60
  653    80    90    97
  654    76    86    93
  655    23    33    40
  656    57    67    74
  657    70    80    87
  658    21    31    38
  659    74    84    91
  660    22    32    39
  661    73    83    90
  662    54    64    71
  663    80    90    97
  664    72    82    89
  665    77    87    94
  666    24    34    40
  667    56    66    72
  668    75    85    91
  669    10    20    26
  670    41    51    57
  671    74    84    90
  672    75    85    91
  673    44    54    60
  674    74    84    90
  675    83    93    99
  676    53    63    69
  677    65    75    81
  678    82    92    98
  679    77    87    93
  680    67    77    83
  681    68    78    84
  682    80    90    96
  683    68    78    83
  684    80    90    95
  685    62    72    77
  686    67    77    82
  687    56    66    71
  688    10    20    25
  689    66    76    81
  690    43    53    58
  691    78    88    93
  692    51    61    66
  693    82    92    97
  694    50    60    65
  695    79    89    94
  696    79    89    94
  697    59    69    74
  698    53    63    68
  699    78    88    93
  700    30    40    45
  701    77    87    92
  702    32    42    47
  703    66    76    81
  704    67    77    82
  705    53    63    68
  706    41    51    55
  707    13    23    27
  708    72    82    86
  709    61    71    75
  710    68    78    82
  711    30    40    44
  712    31    41    45
  713    72    82    86
  714    84    94    98
  715    56    66    70
  716    82    92    96
  717    82    92    96
  718    83    93    97
  719    68    78    82
  720    55    65    69
  721    78    88    92
  722    73    83    87
  723    73    83    87
  724    54    64    68
  725    67    77    81
  726    46    56    60
  727    31    41    45
  728    33    43    47
  729    42    52    56
  730    72    82    85
  731    79    89    92
  732    81    91    94
  733    71    81    84
  734     5    15    18
  735    76    86    89
  736    43    53    56
  737    24    34    37
  738    68    78    81
  739    39    49    52
  740    86    96    99
  741    82    92    95
  742    84    94    97
  743    83    93    96
  744    83    93    96
  745    39    49    52
  746    55    65    68
  747    36    46    49
  748    44    54    57
  749    40    50    53
  750    65    75    78
  751    83    93    96
  752    83    93    96
  753    14    24    27
  754    79    89    92
  755    68    78    81
  756    86    96    99
  757    42    52    55
  758    85    95    98
  759    84    94    97
  760    87    97    99
  761    87    97    99
  762    79    89    91
  763    65    75    77
  764    84    94    96
  765    86    96    98
  766    85    95    97
  767    52    62    64
  768    37    47    49
  769    46    56    58
  770    32    42    44
  771    78    88    90
  772    83    93    95
  773    69    79    81
  774    86    96    98
  775    85    95    97
  776    74    84    86
  777    64    74    76
  778    81    91    93
  779    70    80    82
  780    45    55    57
  781    35    45    47
  782    82    92    94
  783    57    67    69
  784    85    95    97
  785    74    84    86
  786    87    97    99
  787    60    70    72
  788    58    68    70
  789    41    51    53
  790    87    97    99
  791    70    80    82
  792    86    96    98
  793    71    81    83
  794    74    84    86
  795    64    74    76
  796    82    92    93
  797    57    67    68
  798    88    98    99
  799    88    98    99
  800    84    94    95
  801    37    47    48
  802    84    94    95
  803    72    82    83
  804    82    92    93
  805    87    97    98
  806    74    84    85
  807    85    95    96
  808    41    51    52
  809    52    62    63
  810    79    89    90
  811    80    90    91
  812    85    95    96
  813    80    90    91
  814    88    98    99
  815    73    83    84
  816    56    66    67
  817    84    94    95
  818    56    66    67
  819    88    98    99
  820    41    51    52
  821    60    70    71
  822    87    97    98
  823    86    96    97
  824    50    60    61
  825    76    86    87
  826    82    92    93
  827    86    96    97
  828    88    98    99
  829    88    98    99
  830    88    98    99
  831    74    84    85
  832    71    81    82
  833    92   100   100
  834    88    98    98
  835    95   100   100
  836    99   100   100
  837    89    99    99
  838    89    99    99
  839    91   100   100
  840    78    88    88
  841    89    99    99
  842    90   100   100
  843    91   100   100
  844    91   100   100
  845    92   100   100
  846    96   100   100
  847    89    99    99
  848    96   100   100
  849    91   100   100
  850    99   100   100
  851    97   100   100
  852    91   100   100
  853    21    31    31
  854    85    95    95
  855    95   100   100
  856    85    95    95
  857    91   100   100
  858    79    89    89
  859    98   100   100
  860    94   100   100
  861    99   100   100
  862    30    40    40
  863    99   100   100
  864    99   100   100
  865    79    89    89
  866     9    19    19
  867    74    84    84
  868    96   100   100
  869    90   100   100
  870    95   100   100
  871    81    91    91
  872    99   100   100
  873    91   100   100
  874    28    38    38
  875    97   100   100
  876   100   100   100
  877    83    93    93
  878    91   100   100
  879    98   100   100
  880    91   100   100
  881    90   100   100
  882    91   100   100
  883    87    97    97
  884    77    87    87
  885    94   100   100
  886    90   100   100
  887    99   100   100
  888   100   100   100
  889    99   100   100
  890    93   100   100
  891    64    74    74
  892    99   100   100
  893    94   100   100
  894    86    96    96
  895   100   100   100
  896    97   100   100
  897    85    95    95
  898    18    28    28
  899    86    96    96
  900    99   100   100
  901    96   100   100
  902    99   100   100
  903    95   100   100
  904    93   100   100
  905    94   100   100
  906    91   100   100
  907    82    92    92
  908    45    55    55
  909    98   100   100
  910    98   100   100
  911    95   100   100
  912    96   100   100
  913    91   100   100
  914    70    80    80
  915    91   100   100
  916    93   100   100
  917    93   100   100
  918    97   100   100
  919    89    99    99
  920    48    58    58
  921    76    86    86
  922    89    99    99
  923    95   100   100
  924    97   100   100
  925    93   100   100
  926    96   100   100
  927    93   100   100
  928    94   100   100
  929    92   100   100
  930    94   100   100
  931    90   100   100
  932    93   100   100
  933    93   100   100
  934    89    99    99
  935   100   100   100
  936    89    99    99
  937    98   100   100
  938    88    98    98
  939    98   100   100
  940    70    80    80
  941    91   100   100
  942    98   100   100
  943    98   100   100
  944    91   100   100
  945   100   100   100
  946    92   100   100
  947    99   100   100
  948    91   100   100
  949    90   100   100
  950    88    98    98
  951   100   100   100
  952    91   100   100
  953    95   100   100
  954    85    95    95
  955    92   100   100
  956    96   100   100
  957    95   100   100
  958    74    84    84
  959    89    99    99
  960    94   100   100
  961    90   100   100
  962    92   100   100
  963    89    99    99
  964    92   100   100
  965    96   100   100
  966    88    98    98
  967    91   100   100
  968    98   100   100
  969    92   100   100
  970    96   100   100
  971    93   100   100
  972    53    63    63
  973    78    88    88
  974    95   100   100
  975    97   100   100
  976    49    59    59
  977    90   100   100
  978   100   100   100
  979    92   100   100
  980    91   100   100
  981    93   100   100
  982   100   100   100
  983    90   100   100
  984    99   100   100
  985    98   100   100
  986    88    98    98
  987    90   100   100
  988    89    99    99
  989    63    73    73
  990    90   100   100
  991    93   100   100
  992    93   100   100
  993    71    81    81
  994    97   100   100
  995    58    68    68
  996    98   100   100
  997    87    97    97
  998    95   100   100
  999    97   100   100
  100