  100
    0    28     6    92
    1    74    16    93
    2    28     4    81
    3    60    10    85
    4    89    16    88
    5    66    15    86
    6    81     6    75
    7    17    22    90
    8    80     7    72
    9    61    10    73
   10    81    31    93
   11    81    33    95
   12    14    10    71
   13    50    23    83
   14    43     1    60
   15    94    20    77
   16    79    37    91
   17    87    25    78
   18    63    31    79
   19    46    52    99
   20     3    23    68
   21    79    48    91
   22     3    13    55
   23    72    22    64
   24    75    47    88
   25    29    43    83
   26    43    27    67
   27    68    52    91
   28    14    38    77
   29    58    22    60
   30    66    20    58
   31    60    57    92
   32    91    56    88
   33    75    68    99
   34    23    16    46
   35    48    60    88
   36    14    42    70
   37    77    72    99
   38    39    17    43
   39    56    39    64
   40     9    36    59
   41    19    49    72
   42    92    13    36
   43    90    45    67
   44    29    28    49
   45    17    67    88
   46    23    23    43
   47    52    66    86
   48    21    77    96
   49    44    25    43
   50    50    19    36
   51    62    44    61
   52    29    39    56
   53    13    56    73
   54    20    75    91
   55    64    32    48
   56    39    32    47
   57    94    57    70
   58    55    53    65
   59    34    68    79
   60    99    75    86
   61    92    76    85
   62    60    83    92
   63    38    42    51
   64    20    78    86
   65    69    68    76
   66    72    71    79
   67    65    72    79
   68    36    83    90
   69    67    47    54
   70    88    32    39
   71    82    79    86
   72    65    19    26
   73   100    14    20
   74     8    87    93
   75    69    52    57
   76    74    91    96
   77    70    90    94
   78    58    95    99
   79    36    46    50
   80    96    93    97
   81    52    60    64
   82    99    95    99
   83    69    43    47
   84    70    17    19
   85    83    81    83
   86    33    48    50
   87    21    98    99
   88    88    75    76
   89    60    92    93
   90    73    45    46
   91    29    96    96
   92    71    99    99
   93    58   100   100
   94    37   100   100
   95    87    97    97
   96    19   100   100
   97    47    89    89
   98    45    31    31
   99    41    77    77
  100