 1000
    0     2     2    95
    1     3     3    96
    2     5     5    96
    3     7     7    96
    4     1     1    89
    5     6     6    94
    6     4     4    92
    7    11    11    99
    8     6     6    93
    9     4     4    91
   10     1     1    87
   11     5     5    91
   12     4     4    88
   13     4     4    88
   14     1     1    84
   15    14    14    96
   16    12    12    94
   17    10    10    91
   18     7     7    88
   19     1     1    82
   20     4     4    85
   21     3     3    83
   22     1     1    80
   23    13    13    91
   24    19    19    97
   25     7     7    84
   26    15    15    92
   27    20    20    97
   28     1     1    78
   29    17    17    94
   30    11    11    87
   31    22    22    98
   32    15    15    91
   33    11    11    87
   34     6     6    81
   35     3     3    77
   36    23    23    97
   37     9     9    83
   38    12    12    86
   39     9     9    82
   40     8     8    81
   41    10    10    83
   42     8     8    81
   43    13    13    85
   44    27    27    99
   45    24    24    96
   46    18    18    90
   47     1     1    72
   48    21    21    92
   49    26    26    97
   50    19    19    89
   51    22    22    92
   52    24    24    94
   53    20    20    89
   54    22    22    91
   55    23    23    92
   56     3     3    72
   57    23    23    92
   58    27    27    95
   59    17    17    85
   60    16    16    84
   61    18    18    86
   62     9     9    77
   63    24    24    91
   64    22    22    89
   65    27    27    93
   66     5     5    71
   67    30    30    96
   68    31    31    96
   69    29    29    94
   70     8     8    73
   71    16    16    81
   72    19    19    84
   73     8     8    73
   74    32    32    97
   75    27    27    92
   76    12    12    77
   77    29    29    93
   78    27    27    91
   79    19    19    83
   80    17    17    81
   81    33    33    96
   82    35    35    98
   83    21    21    84
   84     5     5    68
   85    25    25    88
   86    34    34    97
   87    24    24    87
   88    30    30    93
   89    19    19    82
   90    28    28    90
   91    20    20    82
   92     3     3    65
   93    18    18    80
   94    29    29    91
   95    18    18    79
   96    23    23    84
   97    13    13    74
   98    38    38    99
   99    23    23    83
  100    21    21    81
  101    20    20    80
  102     4     4    64
  103     8     8    68
  104    20    20    80
  105    10    10    70
  106    24    24    83
  107     5     5    64
  108    28    28    87
  109     2     2    61
  110    33    33    91
  111    20    20    78
  112    40    40    98
  113    18    18    76
  114    34    34    92
  115    31    31    89
  116    38    38    95
  117    33    33    90
  118    38    38    95
  119     4     4    61
  120    11    11    67
  121    24    24    80
  122     4     4    60
  123    32    32    88
  124    12    12    67
  125    14    14    69
  126    39    39    94
  127    42    42    97
  128    32    32    87
  129    29    29    84
  130     9     9    63
  131    33    33    87
  132    37    37    91
  133    33    33    87
  134     1     1    55
  135     1     1    54
  136    36    36    89
  137    17    17    70
  138    40    40    93
  139     1     1    54
  140    46    46    99
  141    33    33    85
  142    45    45    97
  143    40    40    92
  144    28    28    80
  145    39    39    90
  146     9     9    60
  147     9     9    59
  148    26    26    76
  149    40    40    90
  150    44    44    94
  151    37    37    87
  152    35    35    85
  153     8     8    58
  154     3     3    53
  155    44    44    94
  156     7     7    56
  157    43    43    92
  158    36    36    85
  159    40    40    89
  160    44    44    93
  161    20    20    69
  162    26    26    75
  163    23    23    71
  164    45    45    93
  165    39    39    87
  166    13    13    61
  167    27    27    75
  168    20    20    67
  169    30    30    77
  170    20    20    67
  171    52    52    99
  172    41    41    88
  173     5     5    52
  174    30    30    77
  175     9     9    56
  176    50    50    97
  177    23    23    70
  178    44    44    91
  179    24    24    70
  180    33    33    79
  181    29    29    75
  182    27    27    73
  183    22    22    68
  184    38    38    83
  185    18    18    63
  186    51    51    96
  187    24    24    69
  188    45    45    90
  189    27    27    72
  190     9     9    54
  191    50    50    95
  192    31    31    75
  193    14    14    58
  194    31    31    75
  195    50    50    94
  196    48    48    92
  197    51    51    95
  198    37    37    81
  199    33    33    77
  200    50    50    93
  201    43    43    86
  202    18    18    61
  203    50    50    93
  204    44    44    86
  205    38    38    80
  206    54    54    96
  207    27    27    69
  208    45    45    86
  209    13    13    54
  210    27    27    68
  211    37    37    78
  212    46    46    87
  213    27    27    68
  214     1     1    42
  215    26    26    67
  216    53    53    94
  217    59    59    99
  218     8     8    48
  219    58    58    98
  220    49    49    89
  221     4     4    44
  222    34    34    74
  223    29    29    69
  224    49    49    89
  225    45    45    85
  226    34    34    73
  227    52    52    91
  228    29    29    68
  229     8     8    47
  230    40    40    79
  231    12    12    51
  232    11    11    50
  233    52    52    91
  234    40    40    79
  235    28    28    67
  236    18    18    57
  237    44    44    83
  238    26    26    65
  239    52    52    91
  240    48    48    87
  241    22    22    61
  242    26    26    65
  243    27    27    65
  244    53    53    91
  245    40    40    78
  246    52    52    90
  247    31    31    69
  248     5     5    43
  249    43    43    81
  250    30    30    68
  251     2     2    40
  252    61    61    99
  253    57    57    95
  254    57    57    94
  255    26    26    63
  256    37    37    74
  257    24    24    61
  258    31    31    68
  259    16    16    53
  260    56    56    93
  261    50    50    87
  262    47    47    84
  263    16    16    52
  264    26    26    62
  265    52    52    88
  266    21    21    57
  267    27    27    63
  268    22    22    58
  269    43    43    79
  270    21    21    57
  271    53    53    89
  272    53    53    89
  273    33    33    68
  274    44    44    79
  275    63    63    98
  276    52    52    87
  277    27    27    62
  278    44    44    79
  279     1     1    36
  280    18    18    53
  281    39    39    74
  282    41    41    75
  283    26    26    60
  284    64    64    98
  285    64    64    98
  286    25    25    59
  287    64    64    98
  288    21    21    55
  289    62    62    96
  290    43    43    77
  291    43    43    77
  292    50    50    84
  293     7     7    41
  294    30    30    64
  295    44    44    78
  296    50    50    83
  297    35    35    68
  298    18    18    50
  299    31    31    63
  300     1     1    33
  301    51    51    83
  302    65    65    97
  303     5     5    37
  304    65    65    97
  305    14    14    46
  306    17    17    49
  307    23    23    55
  308    33    33    65
  309    39    39    70
  310    67    67    98
  311    52    52    83
  312     2     2    33
  313    45    45    76
  314    60    60    91
  315    39    39    70
  316    29    29    60
  317    11    11    42
  318     1     1    32
  319    41    41    72
  320    33    33    63
  321    58    58    88
  322    68    68    98
  323    49    49    79
  324    53    53    83
  325    47    47    77
  326    61    61    91
  327    55    55    85
  328    68    68    98
  329    67    67    97
  330    66    66    96
  331    57    57    87
  332    40    40    69
  333    19    19    48
  334    32    32    61
  335    65    65    94
  336    50    50    78
  337     5     5    33
  338    10    10    38
  339    67    67    95
  340    37    37    65
  341    58    58    86
  342     4     4    32
  343    28    28    56
  344    44    44    71
  345    30    30    57
  346    43    43    70
  347    19    19    46
  348    72    72    99
  349    46    46    73
  350    47    47    74
  351    56    56    83
  352    20    20    47
  353     2     2    28
  354    22    22    48
  355    72    72    98
  356    72    72    98
  357    40    40    66
  358    66    66    92
  359    45    45    71
  360    19    19    45
  361    48    48    74
  362    70    70    96
  363    59    59    84
  364    66    66    91
  365    74    74    99
  366    67    67    92
  367    27    27    52
  368    66    66    91
  369    62    62    87
  370    60    60    85
  371    37    37    62
  372    40    40    65
  373    26    26    51
  374    33    33    58
  375    65    65    89
  376    63    63    87
  377    57    57    81
  378    52    52    76
  379    71    71    95
  380    75    75    99
  381    17    17    41
  382    31    31    55
  383     7     7    31
  384    19    19    43
  385    62    62    86
  386    25    25    49
  387     9     9    33
  388    52    52    75
  389    35    35    58
  390     2     2    25
  391    38    38    61
  392    64    64    87
  393    31    31    54
  394    40    40    63
  395    52    52    75
  396    20    20    43
  397    32    32    55
  398    22    22    44
  399    56    56    78
  400    46    46    68
  401    73    73    95
  402    23    23    45
  403    10    10    32
  404    34    34    56
  405    50    50    72
  406     7     7    29
  407    67    67    89
  408    60    60    82
  409    66    66    87
  410    32    32    53
  411    38    38    59
  412    49    49    70
  413    48    48    69
  414    24    24    45
  415    18    18    39
  416    78    78    99
  417    76    76    97
  418     2     2    23
  419    36    36    57
  420    73    73    94
  421    34    34    55
  422    47    47    68
  423    78    78    99
  424    59    59    80
  425    66    66    87
  426    73    73    94
  427    58    58    79
  428    76    76    97
  429    77    77    97
  430    15    15    35
  431    72    72    92
  432    68    68    88
  433     1     1    21
  434    46    46    66
  435    69    69    89
  436     2     2    22
  437    63    63    83
  438    76    76    96
  439    79    79    99
  440    44    44    64
  441    60    60    80
  442    70    70    89
  443    75    75    94
  444    67    67    86
  445    58    58    77
  446    64    64    83
  447    68    68    87
  448    77    77    96
  449    19    19    38
  450    58    58    77
  451    24    24    43
  452    30    30    49
  453    35    35    54
  454    29    29    48
  455    19    19    38
  456    47    47    66
  457    73    73    92
  458    58    58    77
  459    57    57    76
  460     8     8    27
  461    65    65    84
  462    72    72    90
  463    53    53    71
  464    80    80    98
  465    69    69    87
  466    67    67    85
  467    74    74    92
  468    78    78    96
  469    50    50    68
  470    69    69    87
  471    42    42    60
  472    74    74    92
  473    35    35    53
  474    64    64    82
  475    78    78    96
  476    32    32    50
  477    51    51    68
  478    35    35    52
  479    33    33    50
  480    16    16    33
  481    33    33    50
  482     5     5    22
  483    66    66    83
  484    63    63    80
  485    68    68    85
  486    14    14    31
  487    60    60    77
  488    15    15    32
  489    49    49    66
  490    33    33    50
  491    73    73    90
  492    51    51    68
  493    44    44    61
  494    76    76    92
  495    48    48    64
  496    71    71    87
  497    20    20    36
  498    40    40    56
  499    67    67    83
  500    12    12    28
  501    74    74    90
  502    79    79    95
  503    71    71    87
  504    12    12    28
  505    59    59    75
  506    75    75    91
  507    30    30    46
  508    71    71    87
  509    45    45    61
  510    83    83    99
  511    40    40    56
  512    70    70    86
  513    83    83    99
  514    71    71    87
  515    78    78    94
  516    82    82    98
  517    11    11    26
  518    83    83    98
  519    26    26    41
  520    44    44    59
  521    45    45    60
  522    26    26    41
  523    56    56    71
  524    29    29    44
  525    58    58    73
  526    72    72    87
  527    54    54    69
  528    51    51    66
  529    69    69    84
  530    52    52    67
  531    68    68    83
  532     2     2    17
  533    81    81    96
  534    74    74    89
  535    63    63    78
  536    83    83    98
  537    83    83    98
  538     5     5    20
  539    65    65    80
  540    65    65    80
  541    59    59    73
  542    15    15    29
  543    11    11    25
  544    61    61    75
  545    42    42    56
  546    85    85    99
  547    25    25    39
  548    39    39    53
  549    51    51    65
  550    43    43    57
  551     4     4    18
  552    67    67    81
  553    72    72    86
  554    19    19    33
  555    74    74    88
  556    15    15    29
  557    41    41    55
  558    29    29    43
  559    76    76    90
  560    84    84    98
  561    32    32    46
  562    47    47    61
  563    35    35    49
  564    84    84    98
  565    61    61    75
  566    81    81    95
  567    29    29    43
  568    62    62    75
  569    63    63    76
  570    73    73    86
  571    86    86    99
  572    75    75    88
  573    63    63    76
  574    79    79    92
  575    61    61    74
  576    34    34    47
  577    54    54    67
  578    36    36    49
  579    64    64    77
  580    51    51    64
  581    81    81    94
  582     8     8    21
  583    79    79    92
  584     4     4    17
  585    64    64    77
  586    63    63    76
  587    35    35    47
  588    67    67    79
  589    85    85    97
  590    82    82    94
  591    75    75    87
  592    38    38    50
  593    62    62    74
  594    52    52    64
  595    84    84    96
  596    86    86    98
  597    54    54    66
  598    83    83    95
  599    80    80    92
  600    66    66    78
  601    83    83    95
  602    86    86    98
  603    14    14    25
  604    81    81    92
  605    75    75    86
  606    74    74    85
  607    73    73    84
  608    87    87    98
  609    39    39    50
  610    52    52    63
  611    41    41    52
  612    66    66    77
  613    49    49    60
  614    88    88    99
  615    63    63    74
  616    20    20    31
  617    66    66    77
  618    87    87    98
  619    78    78    89
  620    61    61    72
  621    85    85    96
  622    74    74    85
  623    75    75    86
  624    54    54    65
  625    77    77    88
  626    50    50    61
  627    87    87    98
  628    16    16    27
  629    68    68    78
  630    47    47    57
  631     5     5    15
  632    87    87    97
  633    74    74    84
  634    85    85    95
  635    69    69    79
  636    61    61    71
  637    47    47    57
  638    83    83    93
  639    76    76    86
  640    41    41    51
  641    27    27    37
  642    85    85    95
  643    74    74    84
  644    77    77    87
  645    86    86    96
  646    16    16    26
  647    55    55    65
  648    58    58    68
  649    68    68    78
  650    66    66    76
  651    29    29    39
  652    72    72    82
  653    80    80    90
  654    43    43    53
  655    81    81    91
  656    78    78    88
  657    89    89    99
  658    77    77    87
  659    36    36    46
  660    55    55    64
  661    17    17    26
  662    68    68    77
  663    86    86    95
  664     4     4    13
  665    62    62    71
  666    78    78    87
  667    87    87    96
  668    47    47    56
  669    88    88    97
  670    88    88    97
  671    29    29    38
  672     2     2    11
  673    65    65    74
  674    13    13    22
  675    71    71    80
  676    65    65    74
  677    65    65    74
  678    73    73    82
  679    53    53    61
  680    31    31    39
  681    83    83    91
  682    91    91    99
  683    87    87    95
  684    77    77    85
  685    77    77    85
  686    23    23    31
  687    84    84    92
  688    59    59    67
  689    56    56    64
  690    90    90    98
  691    18    18    26
  692     9     9    17
  693    77    77    85
  694    55    55    63
  695    73    73    81
  696    66    66    74
  697    79    79    87
  698    83    83    91
  699    57    57    65
  700    88    88    96
  701    78    78    86
  702    72    72    80
  703    83    83    91
  704    91    91    99
  705    18    18    26
  706    50    50    58
  707    33    33    41
  708    18    18    26
  709    90    90    98
  710    40    40    47
  711    52    52    59
  712    70    70    77
  713    64    64    71
  714    88    88    95
  715    23    23    30
  716    52    52    59
  717    87    87    94
  718    91    91    98
  719    87    87    94
  720    76    76    83
  721    29    29    36
  722    72    72    79
  723    81    81    88
  724    68    68    75
  725    79    79    86
  726    32    32    39
  727    89    89    96
  728    67    67    74
  729    38    38    45
  730    90    90    97
  731    91    91    98
  732    21    21    28
  733    47    47    54
  734    84    84    91
  735    88    88    95
  736    36    36    42
  737    89    89    95
  738    89    89    95
  739    93    93    99
  740    66    66    72
  741    91    91    97
  742    89    89    95
  743    79    79    85
  744    74    74    80
  745    92    92    98
  746    86    86    92
  747    22    22    28
  748    69    69    75
  749    92    92    98
  750    56    56    62
  751    74    74    80
  752    59    59    65
  753    49    49    55
  754    93    93    99
  755    88    88    94
  756    88    88    94
  757    56    56    62
  758    24    24    30
  759    88    88    94
  760    57    57    63
  761    41    41    46
  762    72    72    77
  763    74    74    79
  764    74    74    79
  765    84    84    89
  766    64    64    69
  767     4     4     9
  768    90    90    95
  769    94    94    99
  770    92    92    97
  771    39    39    44
  772    47    47    52
  773    86    86    91
  774    63    63    68
  775    78    78    83
  776    13    13    18
  777    52    52    57
  778    86    86    91
  779    60    60    65
  780    80    80    85
  781    33    33    38
  782    80    80    85
  783    56    56    61
  784    74    74    79
  785    83    83    88
  786    30    30    35
  787    88    88    93
  788    27    27    32
  789    84    84    89
  790    94    94    99
  791    84    84    89
  792     3     3     7
  793    21    21    25
  794    54    54    58
  795    54    54    58
  796    91    91    95
  797    81    81    85
  798    87    87    91
  799    40    40    44
  800    84    84    88
  801    40    40    44
  802    78    78    82
  803    32    32    36
  804    69    69    73
  805     7     7    11
  806    92    92    96
  807    94    94    98
  808    94    94    98
  809    73    73    77
  810    89    89    93
  811    84    84    88
  812    93    93    97
  813    91    91    95
  814    60    60    64
  815    42    42    46
  816    74    74    78
  817    69    69    73
  818    83    83    87
  819    94    94    98
  820    94    94    98
  821    20    20    24
  822    55    55    59
  823    94    94    98
  824    79    79    83
  825    86    86    90
  826    38    38    41
  827    95    95    98
  828    91    91    94
  829    71    71    74
  830    65    65    68
  831    86    86    89
  832    84    84    87
  833    96    96    99
  834    35    35    38
  835    77    77    80
  836    94    94    97
  837    92    92    95
  838    90    90    93
  839    93    93    96
  840    91    91    94
  841    37    37    40
  842    91    91    94
  843    93    93    96
  844    92    92    95
  845    92    92    95
  846    86    86    89
  847    84    84    87
  848    91    91    94
  849    52    52    55
  850     2     2     5
  851    89    89    92
  852    83    83    86
  853    66    66    68
  854    97    97    99
  855    24    24    26
  856    49    49    51
  857    87    87    89
  858    96    96    98
  859    65    65    67
  860    81    81    83
  861    83    83    85
  862    96    96    98
  863    89    89    91
  864    93    93    95
  865    54    54    56
  866    83    83    85
  867    80    80    82
  868    77    77    79
  869    52    52    54
  870    93    93    95
  871    87    87    89
  872    89    89    91
  873    96    96    98
  874    88    88    90
  875    86    86    88
  876    80    80    82
  877    68    68    70
  878    63    63    65
  879    59    59    61
  880    51    51    53
  881    97    97    99
  882    33    33    35
  883    96    96    98
  884    58    58    60
  885    96    96    98
  886    64    64    66
  887    82    82    84
  888    86    86    88
  889    96    96    98
  890    12    12    14
  891    94    94    95
  892    69    69    70
  893    96    96    97
  894    24    24    25
  895    57    57    58
  896     6     6     7
  897    86    86    87
  898    93    93    94
  899    83    83    84
  900    56    56    57
  901     8     8     9
  902    65    65    66
  903    35    35    36
  904    61    61    62
  905    79    79    80
  906    44    44    45
  907    98    98    99
  908    54    54    55
  909    81    81    82
  910    97    97    98
  911    97    97    98
  912    95    95    96
  913    61    61    62
  914    74    74    75
  915    82    82    83
  916    80    80    81
  917    98    98    99
  918    73    73    74
  919    75    75    76
  920    87    87    88
  921    41    41    42
  922     7     7     8
  923    77    77    78
  924    94    94    95
  925    13    13    14
  926    97    97    98
  927    96    96    97
  928    56    56    57
  929    54    54    55
  930    97    97    98
  931    95    95    95
  932    96    96    96
  933    91    91    91
  934    98    98    98
  935    78    78    78
  936    79    79    79
  937    99    99    99
  938    99    99    99
  939    94    94    94
  940    83    83    83
  941    91    91    91
  942    53    53    53
  943   100   100   100
  944    96    96    96
  945    10    10    10
  946    11    11    11
  947    97    97    97
  948   100   100   100
  949    81    81    81
  950    99    99    99
  951    98    98    98
  952   100   100   100
  953    79    79    79
  954    99    99    99
  955    99    99    99
  956    99    99    99
  957    93    93    93
  958    84    84    84
  959   100   100   100
  960   100   100   100
  961    97    97    97
  962    97    97    97
  963    98    98    98
  964    99    99    99
  965     1     1     1
  966     9     9     9
  967    99    99    99
  968    99    99    99
  969    44    44    44
  970    65    65    65
  971    95    95    95
  972    28    28    28
  973     9     9     9
  974    63    63    63
  975    83    83    83
  976    98    98    98
  977    88    88    88
  978    91    91    91
  979    78    78    78
  980    68    68    68
  981   100   100   100
  982    76    76    76
  983    47    47    47
  984    98    98    98
  985    82    82    82
  986    80    80    80
  987    95    95    95
  988    71    71    71
  989    97    97    97
  990     7     7     7
  991    87    87    87
  992   100   100   100
  993    85    85    85
  994    35    35    35
  995    99    99    99
  996    87    87    87
  997   100   100   100
  998    55    55    55
  999   100   100   100
  100