  100
    0    20    10    99
    1    19     9    94
    2    13     3    85
    3    12     2    81
    4    26    16    88
    5    15     5    77
    6    33    23    90
    7    34    24    87
    8    41    31    91
    9    31    21    80
   10    28    18    77
   11    17     7    63
   12    25    15    69
   13    13     3    56
   14    22    12    65
   15    47    37    89
   16    49    39    90
   17    57    47    98
   18    21    11    57
   19    37    27    72
   20    48    38    83
   21    28    18    62
   22    19     9    52
   23    37    27    70
   24    28    18    60
   25    48    38    79
   26    53    43    82
   27    58    48    86
   28    59    49    86
   29    43    33    70
   30    66    56    93
   31    61    51    85
   32    76    66    99
   33    34    24    56
   34    56    46    78
   35    75    65    95
   36    72    62    92
   37    26    16    46
   38    74    64    94
   39    35    25    53
   40    57    47    74
   41    60    50    76
   42    58    48    74
   43    42    32    58
   44    17     7    30
   45    13     3    24
   46    74    64    82
   47    48    38    56
   48    16     6    23
   49    43    33    50
   50    73    63    79
   51    35    25    41
   52    78    68    83
   53    77    67    82
   54    82    72    87
   55    91    81    95
   56    65    55    68
   57    83    73    86
   58    91    81    94
   59    86    76    89
   60    92    82    95
   61    95    85    98
   62    70    60    72
   63    18     8    19
   64    91    81    92
   65    19     9    20
   66    84    74    84
   67    38    28    38
   68    46    36    46
   69    89    79    88
   70    80    70    79
   71    89    79    88
   72    78    68    76
   73    94    84    92
   74    12     2     9
   75    96    86    93
   76    94    84    91
   77    94    84    90
   78    84    74    79
   79    52    42    47
   80    21    11    16
   81    59    49    54
   82   104    94    99
   83   103    93    97
   84    71    61    65
   85   105    95    99
   86    63    53    56
   87    85    75    77
   88    56    46    48
   89    41    31    33
   90   104    94    95
   91   103    93    94
   92   101    91    92
   93    98    88    88
   94   102    92    92
   95   109    99    99
   96    94    84    84
   97    81    71    71
   98   110   100   100
   99   110   100   100
  100