  100
    0     3    11    92
    1    37     8    89
    2    43    15    95
    3    81    20    89
    4    85    11    80
    5    36    17    83
    6    93    33    98
    7    78    18    79
    8    15    29    89
    9    95    28    88
   10    59    37    96
   11    91    35    92
   12    80    24    81
   13     8    39    93
   14    89    37    90
   15    58     9    62
   16    14    14    66
   17    80     4    56
   18     5    35    87
   19    29    39    90
   20    57    30    80
   21    51    32    80
   22    36     3    51
   23    45     5    52
   24    31    42    89
   25    15    26    72
   26    25    39    81
   27     7    23    64
   28    62    12    52
   29    61    39    76
   30    20    39    75
   31    76    39    74
   32    54    43    78
   33    98    44    78
   34    99    59    93
   35    60    56    89
   36     9    12    44
   37     9    62    92
   38    17    48    78
   39    64    67    96
   40    48    33    62
   41    97    19    47
   42    35    54    80
   43     2    63    88
   44    70    19    44
   45    56    21    45
   46    18    17    41
   47    14    61    85
   48    39    45    68
   49     2    60    83
   50    26    18    39
   51    74    13    33
   52    38    38    58
   53    83    79    98
   54    74    67    86
   55     7    75    92
   56    69    54    71
   57    75    58    74
   58    49    70    86
   59    63    47    63
   60    23    43    59
   61    80    25    40
   62    57    24    39
   63    67    32    47
   64    73    60    74
   65    56    34    47
   66    20    80    93
   67    17    55    68
   68    80    25    37
   69    51    73    84
   70    14    70    80
   71    27    34    44
   72    84    71    80
   73    39    65    74
   74     9    68    77
   75     6    32    40
   76    52    12    19
   77    45    77    83
   78    67    42    47
   79    34    91    96
   80    55    34    39
   81    82    93    97
   82     9    82    86
   83    94    88    91
   84    54    19    22
   85    83    97    99
   86    34    72    74
   87    71    88    90
   88    40    58    59
   89    58    73    74
   90    30    96    97
   91    82    77    78
   92    71    86    87
   93    73    82    83
   94    56    94    94
   95    86    99    99
   96    16    47    47
   97    16    99    99
   98    43   100   100
   99    71    40    40
  100