  500
    0    41     1    95
    1    12     7    97
    2    15    12    98
    3    13    13    98
    4   100     3    88
    5    53    16    99
    6     4     2    84
    7     2    12    93
    8    42    12    92
    9    18    11    90
   10    72     2    81
   11    46    15    94
   12    94    14    92
   13    79    23    98
   14    93     9    83
   15    57     2    75
   16    23    23    96
   17     6    22    94
   18    22    11    82
   19    65     9    79
   20    79    30    96
   21    35     7    73
   22    90    12    77
   23    62    23    88
   24    21    15    79
   25    70    22    86
   26    19    22    85
   27    16    30    93
   28    40     9    72
   29    60     2    64
   30    81    31    93
   31    53     7    69
   32    44    17    78
   33    71    20    80
   34     6    32    92
   35    19     7    67
   36    85    11    71
   37    17    40    99
   38     8    28    87
   39    70     5    64
   40    26    20    78
   41    38    15    73
   42    61    33    90
   43    17     3    59
   44    79    31    87
   45    27     9    64
   46    83    44    98
   47    31    38    92
   48    59    14    68
   49    78    39    92
   50    22    10    63
   51    77    39    92
   52    58    27    80
   53    89    27    79
   54    53    28    80
   55    46    30    82
   56    14    36    88
   57    91    44    95
   58    56    41    91
   59    37    13    63
   60    11    44    94
   61    26    19    69
   62    19    12    61
   63     8    15    64
   64     4    46    94
   65    69    15    63
   66    20    38    85
   67    84    16    63
   68     5    40    87
   69    40    44    90
   70    82    21    67
   71    12    29    75
   72    79    10    56
   73    67    44    90
   74    99    37    83
   75    18    30    75
   76    52    36    81
   77    37    53    98
   78   100    34    78
   79    70    37    81
   80    95    14    58
   81    25    54    97
   82    53    51    94
   83    77    31    74
   84    24    51    94
   85    51    56    99
   86    71    40    83
   87    36    12    54
   88    75    18    60
   89    55    10    52
   90    88    36    78
   91    68    47    88
   92    82    47    88
   93    47    21    62
   94    99    49    90
   95    64    20    61
   96    94    48    89
   97    81    48    89
   98    86    48    89
   99    86    22    62
  100    52    18    58
  101    89    30    70
  102    97    43    83
  103    45    55    94
  104    95    30    68
  105    82    48    86
  106    24    52    90
  107    26    56    94
  108    31    59    97
  109    29    58    96
  110    28     1    38
  111     4    21    58
  112    32     1    38
  113     4    23    60
  114    66    43    80
  115    38    53    90
  116    97    51    87
  117    50    54    90
  118    51    46    82
  119    65    10    46
  120    49    54    90
  121    69    38    74
  122    67     5    41
  123    16    53    89
  124    22     7    43
  125    61    41    77
  126    81    37    72
  127    90    15    50
  128    86    28    63
  129    69    61    96
  130    65    55    90
  131     3    35    70
  132    28    37    72
  133    21    55    90
  134    47    59    93
  135     2    22    56
  136     1    19    53
  137    97    53    86
  138    85     6    39
  139    72     6    39
  140    18    41    74
  141    82    37    70
  142    21    11    44
  143     2    25    58
  144     7    50    82
  145    13    15    47
  146    93     5    37
  147     7    25    57
  148    21    44    76
  149     2    40    72
  150    30    37    68
  151   100    25    56
  152    15    46    77
  153    11    58    89
  154    34    34    65
  155     8    32    63
  156     6    66    96
  157    56     5    35
  158    80    61    91
  159    73    67    97
  160    26    11    41
  161    45    62    92
  162     7    65    94
  163    86    11    40
  164    15    42    71
  165    58    70    99
  166    40    69    98
  167    11    56    85
  168    45    45    73
  169    12    61    89
  170    85    66    94
  171    86    68    96
  172    97    29    57
  173    83    45    73
  174    77    53    81
  175    35    63    91
  176    18    66    94
  177    25    55    82
  178    76    56    83
  179    45    31    58
  180     5    69    96
  181    99    22    49
  182     3    28    55
  183    64    29    56
  184    24    54    81
  185    97    60    87
  186    55    17    44
  187   100    58    84
  188    21    38    64
  189    65    49    75
  190    80    65    91
  191    69    48    74
  192     3    25    51
  193    71    64    89
  194    49    61    86
  195    44    74    99
  196    71    18    43
  197    35    53    78
  198    11    67    92
  199    14    74    99
  200    98    36    60
  201    15    47    71
  202    97    66    90
  203    95    40    64
  204    33    43    67
  205    90    71    95
  206    58    74    98
  207    32     9    33
  208    34    75    98
  209    72    20    43
  210    54    21    44
  211     7    41    64
  212    70    33    56
  213    48     9    32
  214    86    36    58
  215    12    58    80
  216    33    59    81
  217    36    48    70
  218    48    68    90
  219    14    72    94
  220     7    14    36
  221    66    61    83
  222    95    62    84
  223    84    62    83
  224     1    60    81
  225    45    61    82
  226    57     6    27
  227    22     1    22
  228    21     5    26
  229    63    39    60
  230    52    41    62
  231    34    53    74
  232    50    43    64
  233    84    61    82
  234    26    69    89
  235    87    62    82
  236    82    29    49
  237    55    33    53
  238    41    56    76
  239    11    63    83
  240    56    20    40
  241    83    66    86
  242    14    67    87
  243    74    13    32
  244    75    76    95
  245    29    67    86
  246    50    77    96
  247    63    17    36
  248    49    71    90
  249    19    43    62
  250    33    42    61
  251    51    47    66
  252    98    53    72
  253    53    56    74
  254    46    74    92
  255    48    27    45
  256    65    49    67
  257     6    43    61
  258    20    75    93
  259    88    79    96
  260    81    73    90
  261    56    79    96
  262     4    57    74
  263   100    80    97
  264    35    47    64
  265    45    82    98
  266    22    36    52
  267     3    39    55
  268    90    37    53
  269    29    21    37
  270    79    68    84
  271    71    49    64
  272     6    69    84
  273    90    67    82
  274    58    49    64
  275    58    50    65
  276    34    35    50
  277    96    52    67
  278    22    44    59
  279    64    74    89
  280    32    80    95
  281    57    22    36
  282    69    68    82
  283    85    17    31
  284     5    84    98
  285    14    10    24
  286    74    83    97
  287    89    55    69
  288    35    83    97
  289    16    11    24
  290    54    38    51
  291    15    64    77
  292    17    84    97
  293    94    53    66
  294    15    45    58
  295    99    78    91
  296    38    72    85
  297    15    29    42
  298    53    53    66
  299    24    38    50
  300    94    21    33
  301    15    67    79
  302    50    52    64
  303     4    60    72
  304    47    85    97
  305    63    19    31
  306    90    56    68
  307    58    68    80
  308    15    86    98
  309     6    47    59
  310    11    80    92
  311    14    87    99
  312    25    57    68
  313    29    82    93
  314    95    77    88
  315    78    76    87
  316    89    78    89
  317    93    88    99
  318     1    28    39
  319    97    87    98
  320    72    44    55
  321    45    69    80
  322    16    66    77
  323    20     6    17
  324    25    88    99
  325    57     6    17
  326    92    13    23
  327    76    78    88
  328    94    73    83
  329    58    59    69
  330     5    72    82
  331    75    87    97
  332    71    46    56
  333    80    69    79
  334    63    80    90
  335    60    35    45
  336    89    89    99
  337    67    87    96
  338    46    43    52
  339    11    47    56
  340    43    84    93
  341    29    32    41
  342    57    80    89
  343    98    31    40
  344    70    25    34
  345    39    54    63
  346     1    73    81
  347    26    86    94
  348    57    57    65
  349    39    40    48
  350    79    83    91
  351    21    89    97
  352    64    89    97
  353    65    12    20
  354    75    78    86
  355    98    61    69
  356    33    77    84
  357    73    44    51
  358     4    65    72
  359    13     1     8
  360    75    72    79
  361    25    68    75
  362    46    90    97
  363    15    81    88
  364    63    10    17
  365    71    65    72
  366    89    28    35
  367    19    33    40
  368    62    89    96
  369    47    79    85
  370    61    93    99
  371    17    89    95
  372    89    91    97
  373    62    82    88
  374    51    56    62
  375    81    62    68
  376    74    90    96
  377    52    93    99
  378    14    75    81
  379    59    80    86
  380    58    66    72
  381    12    72    78
  382    61    17    23
  383    29    93    99
  384    92    43    49
  385    54    76    82
  386    87    27    33
  387    22    83    88
  388    52    91    96
  389    86    37    42
  390    10    67    72
  391    55    36    41
  392    32    57    62
  393    38    24    29
  394     3    89    94
  395    17    83    88
  396    75    91    96
  397    86    42    47
  398    43    84    89
  399    71    49    54
  400    73    93    98
  401    14    63    68
  402    14    82    86
  403    97    90    94
  404    20    94    98
  405    75    77    81
  406    54    90    94
  407    48    94    98
  408    20    46    50
  409    74    35    39
  410    73    91    95
  411    52    75    79
  412    23    85    89
  413    26    85    89
  414     2    82    86
  415    64    87    91
  416    42    93    97
  417    21    96    99
  418    19    52    55
  419    45    77    80
  420    43    92    95
  421    27    43    46
  422    83    94    97
  423    60    93    96
  424    56    79    82
  425    67    36    39
  426    84    71    74
  427    27    82    85
  428   100    94    97
  429    34    80    83
  430    26    79    82
  431    51    90    93
  432    72    85    87
  433    95    79    81
  434    13    57    59
  435    62    58    60
  436    48    97    99
  437    96    95    97
  438    66    94    96
  439     1    94    96
  440    30    97    99
  441    32    36    38
  442    26    93    95
  443    94    97    99
  444    96    92    93
  445    26    28    29
  446    51    46    47
  447    22    86    87
  448    37    33    34
  449    54    83    84
  450    76    96    97
  451    44    86    87
  452    24    98    99
  453    77    51    52
  454    80    75    76
  455     3    87    88
  456    61    85    86
  457    57    72    73
  458    73    98    99
  459    81    59    60
  460    94    84    85
  461    96    79    80
  462    93    73    74
  463    68    92    93
  464    79    93    93
  465    26   100   100
  466    73   100   100
  467    90    53    53
  468    81    99    99
  469    41    32    32
  470    20   100   100
  471    98    99    99
  472    94    98    98
  473    11    99    99
  474    24   100   100
  475    24    96    96
  476    91     8     8
  477    26    98    98
  478    15    99    99
  479    57    36    36
  480    23   100   100
  481    78   100   100
  482    10   100   100
  483    57    82    82
  484    29    95    95
  485    81    95    95
  486    70   100   100
  487    94   100   100
  488    87    77    77
  489    84    93    93
  490    52    99    99
  491    49    99    99
  492   100    66    66
  493    61    99    99
  494    77   100   100
  495    43     1     1
  496    14    99    99
  497    68   100   100
  498    12   100   100
  499    29    94    94
  100