 1000
    0    12     2    92
    1    13     3    93
    2    19     9    98
    3    19     9    98
    4    21    11    99
    5    19     9    97
    6    20    10    97
    7    23    13    99
    8    18     8    94
    9    23    13    98
   10    12     2    87
   11    26    16    98
   12    26    16    98
   13    19     9    91
   14    12     2    83
   15    20    10    90
   16    21    11    90
   17    18     8    87
   18    25    15    93
   19    30    20    98
   20    14     4    81
   21    14     4    81
   22    24    14    91
   23    22    12    88
   24    32    22    97
   25    23    13    87
   26    33    23    96
   27    16     6    78
   28    28    18    90
   29    18     8    79
   30    34    24    95
   31    11     1    72
   32    28    18    88
   33    39    29    99
   34    38    28    98
   35    36    26    96
   36    27    17    87
   37    17     7    76
   38    27    17    86
   39    26    16    85
   40    37    27    96
   41    27    17    85
   42    36    26    94
   43    38    28    95
   44    32    22    89
   45    35    25    92
   46    20    10    77
   47    22    12    79
   48    11     1    68
   49    34    24    91
   50    11     1    68
   51    26    16    82
   52    36    26    92
   53    24    14    80
   54    12     2    68
   55    32    22    88
   56    41    31    96
   57    30    20    83
   58    41    31    94
   59    34    24    87
   60    18     8    70
   61    24    14    76
   62    19     9    71
   63    29    19    81
   64    11     1    63
   65    36    26    88
   66    46    36    97
   67    17     7    68
   68    14     4    65
   69    41    31    92
   70    26    16    76
   71    15     5    65
   72    27    17    77
   73    35    25    85
   74    41    31    91
   75    48    38    98
   76    14     4    64
   77    35    25    85
   78    30    20    79
   79    43    33    92
   80    34    24    83
   81    20    10    69
   82    14     4    63
   83    48    38    97
   84    21    11    69
   85    43    33    91
   86    23    13    71
   87    30    20    77
   88    21    11    68
   89    31    21    78
   90    50    40    97
   91    22    12    68
   92    43    33    89
   93    13     3    59
   94    20    10    66
   95    28    18    74
   96    41    31    86
   97    24    14    69
   98    35    25    80
   99    16     6    60
  100    51    41    95
  101    38    28    82
  102    47    37    91
  103    25    15    69
  104    31    21    74
  105    42    32    85
  106    45    35    88
  107    25    15    68
  108    56    46    99
  109    40    30    83
  110    34    24    77
  111    42    32    84
  112    30    20    72
  113    43    33    85
  114    32    22    74
  115    29    19    71
  116    48    38    90
  117    15     5    57
  118    11     1    52
  119    34    24    75
  120    35    25    76
  121    46    36    87
  122    32    22    73
  123    23    13    64
  124    29    19    69
  125    44    34    84
  126    18     8    58
  127    54    44    94
  128    15     5    55
  129    46    36    85
  130    23    13    62
  131    39    29    78
  132    11     1    50
  133    13     3    52
  134    48    38    87
  135    29    19    67
  136    23    13    61
  137    23    13    61
  138    20    10    58
  139    43    33    81
  140    46    36    84
  141    41    31    79
  142    15     5    53
  143    35    25    73
  144    51    41    89
  145    47    37    84
  146    27    17    64
  147    44    34    81
  148    18     8    55
  149    62    52    99
  150    33    23    70
  151    57    47    94
  152    58    48    95
  153    31    21    68
  154    21    11    58
  155    61    51    98
  156    13     3    49
  157    28    18    64
  158    21    11    57
  159    30    20    66
  160    43    33    79
  161    47    37    83
  162    55    45    91
  163    64    54    99
  164    48    38    83
  165    16     6    51
  166    47    37    82
  167    37    27    71
  168    26    16    60
  169    51    41    85
  170    50    40    84
  171    64    54    98
  172    36    26    70
  173    59    49    93
  174    64    54    97
  175    53    43    86
  176    40    30    73
  177    63    53    96
  178    14     4    47
  179    57    47    90
  180    42    32    75
  181    18     8    50
  182    38    28    70
  183    65    55    97
  184    37    27    69
  185    12     2    44
  186    38    28    70
  187    33    23    65
  188    64    54    96
  189    37    27    69
  190    53    43    85
  191    66    56    97
  192    21    11    52
  193    25    15    56
  194    58    48    89
  195    16     6    47
  196    37    27    68
  197    34    24    65
  198    32    22    63
  199    49    39    80
  200    35    25    66
  201    29    19    60
  202    27    17    58
  203    18     8    49
  204    21    11    51
  205    47    37    77
  206    60    50    90
  207    13     3    43
  208    60    50    90
  209    44    34    74
  210    66    56    96
  211    46    36    76
  212    32    22    62
  213    48    38    78
  214    44    34    73
  215    58    48    87
  216    69    59    98
  217    39    29    68
  218    29    19    58
  219    28    18    57
  220    54    44    83
  221    35    25    64
  222    64    54    93
  223    67    57    96
  224    29    19    57
  225    19     9    47
  226    27    17    55
  227    35    25    63
  228    69    59    97
  229    64    54    92
  230    71    61    99
  231    38    28    66
  232    63    53    91
  233    47    37    75
  234    50    40    78
  235    38    28    66
  236    21    11    49
  237    38    28    66
  238    38    28    66
  239    14     4    42
  240    70    60    97
  241    69    59    96
  242    68    58    95
  243    31    21    58
  244    28    18    55
  245    58    48    85
  246    67    57    94
  247    47    37    74
  248    11     1    38
  249    65    55    92
  250    31    21    58
  251    45    35    72
  252    18     8    44
  253    68    58    94
  254    54    44    80
  255    53    43    79
  256    55    45    81
  257    43    33    69
  258    49    39    75
  259    52    42    78
  260    42    32    67
  261    68    58    93
  262    53    43    78
  263    45    35    70
  264    50    40    75
  265    59    49    84
  266    58    48    83
  267    36    26    60
  268    17     7    41
  269    46    36    70
  270    57    47    81
  271    45    35    69
  272    56    46    80
  273    74    64    98
  274    43    33    67
  275    30    20    54
  276    34    24    58
  277    29    19    53
  278    19     9    42
  279    68    58    91
  280    36    26    59
  281    67    57    90
  282    54    44    77
  283    31    21    54
  284    67    57    90
  285    39    29    62
  286    63    53    86
  287    71    61    94
  288    74    64    97
  289    52    42    74
  290    72    62    94
  291    37    27    59
  292    76    66    98
  293    14     4    36
  294    70    60    92
  295    57    47    79
  296    16     6    38
  297    77    67    99
  298    40    30    62
  299    73    63    95
  300    71    61    93
  301    71    61    92
  302    46    36    67
  303    52    42    73
  304    59    49    80
  305    47    37    68
  306    68    58    89
  307    18     8    39
  308    74    64    95
  309    42    32    63
  310    54    44    75
  311    69    59    90
  312    58    48    78
  313    55    45    75
  314    38    28    58
  315    67    57    87
  316    25    15    45
  317    66    56    86
  318    79    69    99
  319    42    32    62
  320    65    55    84
  321    13     3    32
  322    70    60    89
  323    62    52    81
  324    27    17    46
  325    13     3    32
  326    18     8    37
  327    63    53    82
  328    50    40    69
  329    65    55    84
  330    30    20    49
  331    57    47    76
  332    79    69    98
  333    77    67    95
  334    19     9    37
  335    74    64    92
  336    11     1    29
  337    29    19    47
  338    56    46    74
  339    12     2    30
  340    76    66    94
  341    62    52    80
  342    71    61    89
  343    60    50    78
  344    30    20    48
  345    32    22    50
  346    70    60    88
  347    12     2    30
  348    60    50    78
  349    66    56    84
  350    15     5    33
  351    37    27    55
  352    78    68    96
  353    81    71    98
  354    51    41    68
  355    52    42    69
  356    76    66    93
  357    30    20    47
  358    18     8    35
  359    32    22    49
  360    70    60    87
  361    63    53    80
  362    45    35    62
  363    41    31    58
  364    57    47    74
  365    42    32    59
  366    65    55    82
  367    70    60    87
  368    54    44    71
  369    67    57    83
  370    19     9    35
  371    80    70    96
  372    26    16    42
  373    60    50    76
  374    19     9    35
  375    78    68    94
  376    59    49    75
  377    62    52    78
  378    70    60    86
  379    43    33    59
  380    67    57    82
  381    57    47    72
  382    68    58    83
  383    62    52    77
  384    83    73    98
  385    79    69    94
  386    80    70    95
  387    78    68    93
  388    24    14    39
  389    81    71    96
  390    74    64    89
  391    83    73    98
  392    44    34    59
  393    75    65    90
  394    73    63    88
  395    80    70    95
  396    68    58    83
  397    70    60    85
  398    75    65    90
  399    37    27    51
  400    62    52    76
  401    78    68    92
  402    51    41    65
  403    77    67    91
  404    25    15    39
  405    58    48    72
  406    82    72    96
  407    84    74    98
  408    32    22    46
  409    54    44    68
  410    85    75    99
  411    80    70    94
  412    54    44    68
  413    46    36    60
  414    76    66    89
  415    84    74    97
  416    48    38    61
  417    77    67    90
  418    39    29    52
  419    15     5    28
  420    81    71    94
  421    70    60    83
  422    45    35    58
  423    76    66    89
  424    80    70    93
  425    72    62    85
  426    68    58    81
  427    50    40    63
  428    63    53    76
  429    72    62    85
  430    17     7    29
  431    82    72    94
  432    51    41    63
  433    29    19    41
  434    57    47    69
  435    77    67    89
  436    51    41    63
  437    24    14    36
  438    55    45    67
  439    22    12    34
  440    13     3    24
  441    75    65    86
  442    75    65    86
  443    76    66    87
  444    73    63    84
  445    39    29    50
  446    78    68    89
  447    41    31    52
  448    38    28    49
  449    85    75    96
  450    80    70    91
  451    79    69    90
  452    44    34    55
  453    28    18    39
  454    30    20    41
  455    12     2    23
  456    86    76    96
  457    89    79    99
  458    39    29    49
  459    89    79    99
  460    69    59    79
  461    83    73    93
  462    70    60    80
  463    12     2    22
  464    80    70    90
  465    65    55    74
  466    50    40    59
  467    16     6    25
  468    87    77    96
  469    47    37    56
  470    25    15    34
  471    70    60    79
  472    40    30    49
  473    47    37    56
  474    62    52    71
  475    82    72    91
  476    88    78    97
  477    69    59    78
  478    63    53    72
  479    39    29    48
  480    86    76    94
  481    90    80    98
  482    90    80    98
  483    75    65    83
  484    91    81    99
  485    42    32    50
  486    35    25    43
  487    76    66    84
  488    43    33    51
  489    68    58    76
  490    28    18    36
  491    87    77    95
  492    82    72    90
  493    66    56    74
  494    62    52    69
  495    59    49    66
  496    53    43    60
  497    65    55    72
  498    29    19    36
  499    23    13    30
  500    77    67    84
  501    55    45    62
  502    63    53    70
  503    46    36    53
  504    23    13    30
  505    91    81    98
  506    85    75    92
  507    35    25    42
  508    72    62    79
  509    52    42    59
  510    28    18    35
  511    34    24    41
  512    91    81    98
  513    26    16    33
  514    62    52    69
  515    76    66    83
  516    67    57    73
  517    44    34    50
  518    31    21    37
  519    37    27    43
  520    93    83    99
  521    48    38    54
  522    63    53    69
  523    25    15    31
  524    88    78    94
  525    93    83    99
  526    82    72    88
  527    26    16    32
  528    77    67    83
  529    91    81    97
  530    77    67    83
  531    57    47    63
  532    78    68    84
  533    88    78    94
  534    79    69    85
  535    66    56    72
  536    11     1    16
  537    89    79    94
  538    79    69    84
  539    64    54    69
  540    78    68    83
  541    53    43    58
  542    33    23    38
  543    82    72    87
  544    88    78    93
  545    69    59    74
  546    54    44    59
  547    85    75    90
  548    38    28    43
  549    52    42    57
  550    94    84    99
  551    18     8    22
  552    49    39    53
  553    60    50    64
  554    87    77    91
  555    36    26    40
  556    86    76    90
  557    36    26    40
  558    91    81    95
  559    22    12    26
  560    73    63    77
  561    94    84    98
  562    74    64    78
  563    84    74    88
  564    13     3    17
  565    35    25    39
  566    13     3    17
  567    70    60    73
  568    42    32    45
  569    94    84    97
  570    52    42    55
  571    92    82    95
  572    88    78    91
  573    75    65    78
  574    81    71    84
  575    34    24    37
  576    74    64    77
  577    40    30    43
  578    88    78    91
  579    89    79    92
  580    96    86    99
  581    74    64    77
  582    72    62    75
  583    44    34    47
  584    96    86    99
  585    80    70    83
  586    25    15    28
  587    35    25    38
  588    72    62    75
  589    57    47    60
  590    58    48    60
  591    38    28    40
  592    36    26    38
  593    45    35    47
  594    97    87    99
  595    40    30    42
  596    92    82    94
  597    63    53    65
  598    82    72    84
  599    45    35    47
  600    89    79    91
  601    76    66    78
  602    92    82    94
  603    85    75    87
  604    13     3    15
  605    74    64    76
  606    52    42    54
  607    40    30    42
  608    55    45    57
  609    83    73    85
  610    91    81    93
  611    64    54    66
  612    95    85    97
  613    26    16    28
  614    47    37    48
  615    49    39    50
  616    77    67    78
  617    91    81    92
  618    64    54    65
  619    44    34    45
  620    77    67    78
  621    98    88    99
  622    62    52    63
  623    18     8    19
  624    81    71    82
  625    48    38    49
  626    90    80    91
  627    81    71    82
  628    86    76    87
  629    87    77    88
  630    66    56    67
  631    97    87    98
  632    82    72    83
  633    15     5    16
  634    67    57    68
  635    40    30    40
  636    58    48    58
  637    58    48    58
  638    79    69    79
  639    59    49    59
  640    86    76    86
  641    87    77    87
  642    73    63    73
  643    89    79    89
  644    99    89    99
  645    71    61    71
  646    99    89    99
  647    89    79    89
  648    89    79    89
  649    94    84    94
  650    63    53    63
  651    46    36    46
  652    46    36    46
  653    88    78    88
  654    98    88    98
  655    60    50    59
  656    76    66    75
  657    82    72    81
  658    11     1    10
  659    73    63    72
  660    99    89    98
  661   100    90    99
  662    41    31    40
  663    47    37    46
  664    83    73    82
  665    90    80    89
  666    92    82    91
  667    35    25    34
  668    83    73    82
  669    33    23    32
  670    52    42    51
  671    59    49    58
  672    86    76    85
  673    88    78    87
  674    85    75    84
  675    97    87    96
  676    28    18    27
  677    87    77    86
  678    89    79    88
  679    71    61    70
  680    25    15    24
  681    87    77    86
  682    70    60    68
  683    94    84    92
  684    92    82    90
  685    73    63    71
  686   100    90    98
  687    86    76    84
  688    48    38    46
  689    98    88    96
  690   101    91    99
  691    18     8    16
  692    77    67    75
  693   100    90    98
  694    86    76    84
  695    99    89    97
  696    55    45    53
  697    24    14    22
  698    89    79    87
  699    83    73    81
  700    95    85    93
  701    86    76    84
  702    38    28    36
  703    12     2    10
  704    93    83    91
  705   101    91    99
  706    97    87    95
  707    90    80    87
  708    86    76    83
  709    94    84    91
  710    27    17    24
  711    99    89    96
  712    87    77    84
  713    97    87    94
  714    77    67    74
  715    68    58    65
  716    54    44    51
  717   101    91    98
  718   101    91    98
  719    53    43    50
  720    85    75    82
  721    99    89    96
  722   101    91    98
  723    32    22    29
  724    82    72    79
  725    83    73    80
  726    37    27    34
  727    75    65    72
  728    55    45    52
  729    96    86    93
  730    39    29    36
  731    62    52    59
  732    31    21    28
  733    56    46    53
  734    79    69    76
  735    45    35    42
  736    40    30    37
  737    94    84    91
  738    76    66    72
  739    12     2     8
  740    82    72    78
  741    85    75    81
  742    35    25    31
  743    27    17    23
  744   100    90    96
  745    98    88    94
  746    76    66    72
  747   101    91    97
  748    62    52    58
  749    94    84    90
  750   103    93    99
  751    54    44    50
  752    95    85    91
  753    78    68    74
  754    84    74    80
  755    47    37    43
  756    71    61    67
  757   102    92    98
  758   103    93    99
  759    68    58    64
  760    75    65    71
  761    88    78    84
  762    11     1     7
  763    45    35    41
  764    91    81    87
  765   100    90    96
  766    66    56    61
  767    86    76    81
  768    70    60    65
  769   101    91    96
  770    98    88    93
  771    91    81    86
  772    50    40    45
  773    17     7    12
  774    66    56    61
  775    99    89    94
  776    81    71    76
  777    56    46    51
  778   104    94    99
  779    99    89    94
  780   103    93    98
  781    54    44    49
  782    82    72    77
  783    21    11    16
  784   102    92    97
  785    67    57    62
  786    89    79    84
  787    95    85    90
  788    86    76    81
  789    84    74    79
  790    82    72    77
  791    85    75    80
  792    70    60    65
  793    54    44    49
  794    12     2     7
  795    44    34    39
  796    46    36    41
  797    93    83    88
  798    64    54    59
  799   105    95    99
  800    23    13    17
  801    29    19    23
  802   101    91    95
  803    35    25    29
  804    73    63    67
  805    38    28    32
  806    63    53    57
  807    99    89    93
  808    56    46    50
  809    85    75    79
  810    89    79    83
  811   100    90    94
  812   104    94    98
  813    98    88    92
  814    99    89    93
  815    15     5     9
  816    30    20    24
  817    43    33    37
  818    90    80    84
  819    92    82    86
  820    69    59    63
  821    95    85    89
  822    96    86    90
  823    68    58    62
  824   103    93    97
  825    85    75    79
  826    87    77    81
  827    35    25    28
  828   104    94    97
  829    87    77    80
  830   104    94    97
  831   106    96    99
  832   105    95    98
  833    83    73    76
  834   104    94    97
  835    91    81    84
  836    99    89    92
  837    98    88    91
  838    99    89    92
  839    54    44    47
  840    74    64    67
  841    95    85    88
  842   106    96    99
  843    53    43    46
  844   102    92    95
  845   105    95    98
  846   104    94    97
  847    94    84    87
  848    95    85    88
  849    29    19    22
  850    89    79    82
  851    19     9    12
  852   103    93    96
  853    99    89    92
  854   102    92    95
  855    99    89    92
  856    11     1     4
  857    81    71    74
  858   105    95    98
  859   101    91    94
  860    93    83    86
  861    96    86    88
  862    89    79    81
  863   105    95    97
  864    83    73    75
  865    47    37    39
  866   105    95    97
  867    56    46    48
  868   101    91    93
  869    52    42    44
  870   104    94    96
  871    61    51    53
  872   106    96    98
  873    72    62    64
  874   100    90    92
  875   107    97    99
  876    43    33    35
  877    95    85    87
  878    24    14    16
  879    98    88    90
  880   103    93    95
  881    20    10    12
  882   104    94    96
  883    45    35    37
  884    19     9    11
  885    78    68    70
  886   100    90    92
  887    90    80    82
  888    98    88    90
  889    98    88    90
  890    89    79    81
  891   107    97    99
  892    76    66    68
  893   101    91    93
  894   101    91    93
  895   106    96    98
  896    57    47    49
  897    26    16    18
  898   103    93    94
  899    28    18    19
  900    73    63    64
  901   107    97    98
  902   102    92    93
  903   100    90    91
  904    47    37    38
  905    98    88    89
  906   103    93    94
  907    35    25    26
  908   108    98    99
  909   108    98    99
  910   100    90    91
  911   108    98    99
  912   103    93    94
  913    70    60    61
  914   107    97    98
  915    19     9    10
  916    99    89    90
  917    84    74    75
  918   108    98    99
  919    91    81    82
  920    95    85    86
  921    56    46    47
  922   106    96    97
  923    98    88    89
  924    50    40    41
  925    89    79    80
  926   108    98    99
  927    16     6     7
  928   107    97    98
  929   107    97    98
  930   106    96    97
  931   101    91    92
  932    64    54    55
  933    81    71    72
  934   107    97    98
  935    86    76    77
  936   108    98    99
  937   108    98    99
  938    96    86    87
  939   103    93    94
  940   103    93    93
  941   107    97    97
  942    39    29    29
  943    84    74    74
  944   109    99    99
  945    49    39    39
  946   108    98    98
  947    30    20    20
  948   104    94    94
  949    35    25    25
  950   102    92    92
  951   109    99    99
  952    58    48    48
  953    90    80    80
  954   110   100   100
  955    55    45    45
  956   110   100   100
  957    99    89    89
  958    15     5     5
  959    55    45    45
  960   110   100   100
  961    13     3     3
  962   108    98    98
  963    55    45    45
  964   108    98    98
  965   104    94    94
  966    89    79    79
  967   109    99    99
  968   110   100   100
  969   110   100   100
  970    79    69    69
  971   109    99    99
  972    20    10    10
  973   110   100   100
  974   102    92    92
  975   110   100   100
  976   110   100   100
  977   109    99    99
  978   105    95    95
  979   110   100   100
  980   109    99    99
  981   102    92    92
  982   103    93    93
  983   110   100   100
  984   110   100   100
  985   109    99    99
  986   109    99    99
  987    33    23    23
  988    31    21    21
  989   110   100   100
  990    59    49    49
  991   104    94    94
  992    39    29    29
  993   109    99    99
  994   110   100   100
  995   104    94    94
  996   108    98    98
  997    59    49    49
  998   103    93    93
  999   109    99    99
  100