  100
    0     1     5    98
    1     6    13    95
    2    14    11    90
    3    15    22    96
    4    23    27    95
    5     8     9    75
    6    36    29    94
    7    18    14    78
    8     1     2    63
    9    28    34    95
   10    20    27    87
   11     4    14    71
   12     6     4    57
   13    41    38    90
   14    42    38    89
   15    32    27    78
   16    34    35    85
   17    35    42    90
   18    27    31    76
   19    40    42    86
   20    61    54    96
   21     5    13    54
   22    49    47    88
   23    45    42    82
   24    48    45    83
   25    56    53    90
   26    13    15    51
   27    16    17    52
   28    16    12    45
   29    23    16    47
   30    56    55    85
   31    36    26    56
   32    78    70    99
   33    14     9    37
   34    44    48    76
   35    39    29    56
   36    69    64    90
   37    52    49    75
   38    25    22    47
   39     3     6    28
   40    62    56    78
   41    69    78    99
   42    52    61    82
   43    88    80    99
   44    78    74    93
   45    38    42    58
   46    75    82    97
   47    55    53    67
   48    66    66    80
   49    57    59    73
   50    59    64    78
   51    75    73    86
   52    43    50    63
   53    73    82    95
   54    47    47    60
   55    54    61    74
   56     7     8    20
   57    44    43    55
   58    79    80    92
   59     6    15    26
   60     9    10    21
   61    90    84    94
   62    66    68    78
   63    24    15    25
   64     1     9    19
   65    18    28    37
   66    61    58    66
   67    81    84    91
   68    47    53    60
   69    90    87    94
   70    64    67    74
   71    47    47    53
   72    85    89    95
   73    54    56    62
   74    63    59    64
   75    99    90    95
   76    76    82    86
   77    87    92    96
   78    68    72    75
   79    96    94    97
   80    75    77    80
   81    18    13    16
   82    77    77    80
   83    82    92    95
   84    79    84    87
   85    95    95    97
   86    71    73    75
   87    95    96    97
   88   100    97    98
   89    89    98    99
   90    12    16    17
   91    89    96    97
   92    92    98    99
   93   103    95    95
   94     6    10    10
   95    13     7     7
   96   100    96    96
   97    15    20    20
   98   106   100   100
   99     2     4     4
  100