  500
    0     1    11    99
    1     5    15    99
    2     1    11    95
    3     2    12    96
    4     2    12    92
    5     2    12    92
    6     9    19    94
    7    14    24    99
    8     3    13    87
    9    15    25    98
   10     2    12    85
   11    15    25    95
   12     9    19    89
   13     5    15    84
   14    11    21    90
   15    19    29    98
   16    21    31    99
   17     3    13    81
   18    16    26    93
   19     1    11    78
   20    15    25    92
   21    14    24    90
   22     4    14    80
   23    16    26    92
   24    20    30    95
   25    13    23    88
   26    15    25    88
   27    26    36    98
   28    20    30    92
   29    10    20    82
   30     9    19    81
   31    22    32    92
   32    16    26    86
   33    26    36    96
   34    20    30    90
   35    15    25    84
   36    16    26    85
   37     8    18    77
   38    15    25    83
   39    31    41    99
   40    22    32    90
   41    16    26    83
   42    22    32    88
   43    32    42    97
   44    30    40    95
   45    11    21    76
   46    16    26    81
   47    29    39    93
   48    29    39    93
   49    20    30    84
   50    34    44    98
   51    19    29    83
   52     3    13    66
   53    10    20    73
   54     3    13    66
   55    32    42    94
   56     5    15    67
   57    32    42    94
   58     7    17    67
   59     8    18    68
   60    25    35    85
   61    19    29    79
   62    16    26    76
   63    21    31    80
   64    36    46    95
   65    15    25    74
   66    34    44    93
   67    21    31    80
   68    13    23    71
   69    13    23    71
   70    40    50    98
   71    33    43    90
   72    40    50    97
   73    40    50    97
   74    32    42    88
   75    22    32    78
   76    31    41    86
   77    11    21    66
   78    38    48    93
   79    41    51    96
   80    41    51    96
   81    11    21    66
   82    20    30    73
   83    46    56    98
   84    15    25    67
   85    44    54    95
   86    41    51    92
   87    33    43    84
   88    30    40    81
   89    23    33    74
   90    25    35    76
   91    14    24    63
   92    36    46    85
   93    31    41    80
   94    41    51    90
   95    28    38    77
   96    35    45    84
   97    33    43    82
   98    44    54    92
   99    37    47    85
  100    10    20    58
  101    42    52    90
  102    50    60    98
  103    34    44    82
  104    37    47    85
  105    51    61    99
  106    51    61    99
  107    28    38    76
  108     1    11    48
  109    31    41    78
  110    12    22    59
  111    16    26    63
  112    12    22    58
  113     8    18    54
  114    36    46    82
  115    24    34    70
  116    40    50    85
  117    36    46    81
  118    17    27    62
  119    52    62    97
  120    51    61    96
  121    35    45    79
  122    22    32    66
  123     2    12    46
  124    56    66    99
  125    46    56    89
  126    30    40    73
  127    23    33    65
  128    50    60    92
  129    40    50    82
  130    32    42    74
  131    46    56    87
  132    58    68    99
  133    55    65    96
  134    30    40    71
  135    51    61    92
  136     7    17    48
  137    51    61    91
  138    13    23    52
  139     9    19    48
  140     1    11    39
  141    52    62    90
  142     8    18    46
  143    45    55    83
  144    42    52    80
  145    32    42    70
  146    40    50    78
  147    17    27    55
  148    47    57    84
  149    53    63    90
  150    17    27    54
  151    45    55    82
  152    24    34    61
  153     8    18    44
  154    57    67    93
  155     8    18    44
  156    17    27    53
  157    58    68    94
  158    25    35    61
  159    56    66    92
  160     9    19    45
  161    45    55    81
  162    36    46    72
  163    25    35    61
  164    52    62    87
  165    37    47    72
  166    39    49    74
  167    53    63    88
  168    40    50    75
  169    28    38    63
  170     7    17    42
  171    34    44    69
  172    35    45    69
  173    63    73    97
  174    51    61    85
  175    53    63    87
  176    36    46    70
  177    18    28    51
  178    32    42    65
  179    50    60    83
  180    33    43    65
  181    64    74    96
  182    51    61    83
  183    64    74    96
  184    63    73    94
  185    55    65    86
  186    36    46    67
  187    64    74    95
  188    65    75    95
  189    68    78    98
  190     9    19    39
  191    35    45    65
  192    57    67    87
  193    13    23    43
  194    22    32    52
  195    14    24    44
  196    51    61    81
  197    11    21    41
  198    56    66    86
  199    18    28    47
  200    60    70    89
  201    60    70    89
  202    58    68    87
  203    20    30    49
  204    61    71    90
  205    33    43    61
  206    67    77    95
  207    26    36    54
  208    71    81    99
  209    49    59    77
  210    69    79    97
  211    58    68    86
  212    37    47    65
  213    22    32    50
  214    56    66    84
  215    31    41    59
  216     6    16    34
  217    25    35    53
  218    67    77    94
  219    60    70    87
  220    67    77    93
  221    59    69    85
  222    70    80    96
  223    72    82    98
  224    66    76    92
  225     1    11    27
  226    32    42    57
  227    69    79    94
  228    28    38    53
  229    58    68    83
  230    31    41    56
  231    18    28    43
  232    23    33    48
  233    72    82    97
  234    53    63    78
  235    33    43    58
  236    23    33    47
  237    67    77    91
  238    56    66    80
  239    74    84    98
  240    20    30    44
  241    75    85    99
  242    21    31    45
  243    56    66    80
  244    69    79    93
  245    74    84    98
  246    71    81    95
  247    71    81    95
  248    47    57    71
  249    20    30    44
  250    36    46    60
  251    60    70    83
  252    45    55    68
  253    73    83    96
  254    72    82    95
  255    51    61    74
  256    66    76    89
  257    53    63    76
  258    74    84    97
  259    73    83    96
  260    41    51    64
  261    26    36    49
  262    71    81    94
  263    59    69    82
  264    64    74    87
  265    42    52    64
  266    51    61    73
  267    69    79    91
  268    16    26    38
  269    77    87    99
  270     1    11    23
  271    19    29    41
  272    75    85    97
  273    57    67    79
  274    22    32    44
  275    49    59    71
  276    19    29    40
  277    12    22    33
  278    52    62    73
  279    54    64    75
  280    76    86    97
  281    54    64    75
  282    76    86    97
  283    31    41    52
  284    71    81    92
  285    30    40    51
  286    75    85    96
  287    78    88    98
  288    13    23    33
  289    73    83    93
  290    79    89    99
  291    20    30    40
  292    76    86    96
  293    49    59    69
  294    71    81    91
  295    33    43    53
  296    10    20    30
  297    59    69    78
  298    35    45    54
  299    74    84    93
  300    79    89    98
  301    23    33    42
  302    63    73    82
  303    67    77    86
  304    74    84    93
  305    74    84    93
  306    22    32    41
  307    79    89    98
  308    55    65    74
  309    12    22    31
  310     2    12    21
  311    12    22    31
  312    69    79    87
  313    79    89    97
  314    28    38    46
  315    68    78    86
  316     5    15    23
  317    62    72    80
  318    44    54    62
  319    76    86    94
  320    81    91    99
  321    42    52    60
  322    30    40    47
  323    81    91    98
  324    80    90    97
  325    39    49    56
  326    40    50    57
  327    72    82    89
  328    82    92    99
  329    33    43    50
  330    73    83    90
  331    82    92    99
  332    64    74    81
  333    81    91    98
  334    17    27    34
  335    25    35    41
  336    83    93    99
  337    63    73    79
  338    75    85    91
  339    68    78    84
  340     6    16    22
  341    66    76    82
  342    54    64    70
  343    56    66    72
  344    67    77    83
  345    75    85    90
  346    82    92    97
  347    28    38    43
  348     1    11    16
  349    79    89    94
  350    49    59    64
  351    81    91    96
  352    17    27    32
  353    82    92    97
  354    53    63    68
  355    29    39    44
  356    78    88    92
  357    84    94    98
  358    85    95    99
  359    12    22    26
  360    49    59    63
  361    69    79    83
  362    73    83    87
  363    79    89    93
  364     4    14    18
  365    75    85    89
  366    70    80    84
  367    45    55    59
  368    78    88    92
  369    25    35    39
  370    70    80    84
  371    75    85    89
  372    43    53    57
  373    80    90    94
  374    30    40    44
  375    55    65    69
  376    85    95    99
  377    79    89    93
  378    56    66    70
  379    15    25    28
  380    81    91    94
  381    60    70    73
  382    40    50    53
  383    81    91    94
  384    10    20    23
  385    13    23    26
  386    65    75    78
  387    78    88    91
  388    74    84    87
  389    66    76    79
  390    73    83    86
  391    85    95    98
  392    23    33    36
  393    45    55    58
  394    60    70    72
  395    67    77    79
  396    44    54    56
  397    64    74    76
  398    87    97    99
  399    55    65    67
  400    75    85    87
  401    80    90    92
  402    81    91    93
  403    41    51    53
  404     5    15    17
  405    77    87    89
  406    54    64    66
  407    78    88    90
  408    84    94    96
  409    87    97    99
  410    87    97    99
  411    37    47    49
  412    63    73    74
  413    78    88    89
  414    87    97    98
  415    36    46    47
  416    88    98    99
  417    83    93    94
  418    87    97    98
  419    81    91    92
  420    85    95    96
  421    84    94    95
  422    87    97    98
  423    73    83    84
  424    75    85    86
  425    30    40    41
  426    88    98    99
  427    82    92    93
  428    73    83    84
  429    94   100   100
  430    98   100   100
  431    98   100   100
  432    95   100   100
  433    95   100   100
  434    96   100   100
  435    34    44    44
  436    93   100   100
  437    87    97    97
  438    86    96    96
  439    95   100   100
  440    89    99    99
  441    99   100   100
  442    96   100   100
  443    65    75    75
  444    48    58    58
  445     8    18    18
  446    98   100   100
  447    48    58    58
  448    90   100   100
  449    93   100   100
  450    95   100   100
  451    92   100   100
  452    99   100   100
  453    59    69    69
  454    95   100   100
  455    91   100   100
  456    89    99    99
  457    96   100   100
  458    65    75    75
  459    90   100   100
  460    93   100   100
  461    92   100   100
  462    97   100   100
  463    99   100   100
  464    96   100   100
  465    95   100   100
  466    89    99    99
  467    92   100   100
  468    94   100   100
  469    89    99    99
  470    48    58    58
  471    98   100   100
  472   100   100   100
  473    80    90    90
  474    90   100   100
  475    90   100   100
  476    98   100   100
  477    99   100   100
  478     8    18    18
  479    90   100   100
  480    93   100   100
  481    96   100   100
  482    58    68    68
  483    95   100   100
  484    89    99    99
  485    94   100   100
  486    94   100   100
  487    50    60    60
  488   100   100   100
  489    88    98    98
  490    46    56    56
  491    90   100   100
  492    98   100   100
  493    89    99    99
  494    93   100   100
  495    99   100   100
  496   100   100   100
  497    99   100   100
  498    97   100   100
  499    94   100   100
  100