 1000
    0    12     2    97
    1    18     8    99
    2    16     6    97
    3    15     5    93
    4    11     1    89
    5    12     2    89
    6    12     2    89
    7    21    11    98
    8    20    10    97
    9    23    13    99
   10    20    10    95
   11    16     6    91
   12    15     5    89
   13    11     1    83
   14    13     3    85
   15    12     2    84
   16    22    12    93
   17    15     5    86
   18    27    17    98
   19    19     9    89
   20    23    13    91
   21    12     2    79
   22    23    13    90
   23    33    23    99
   24    14     4    80
   25    17     7    83
   26    22    12    87
   27    13     3    78
   28    29    19    94
   29    32    22    96
   30    29    19    92
   31    25    15    88
   32    32    22    95
   33    24    14    87
   34    17     7    79
   35    11     1    72
   36    12     2    73
   37    30    20    91
   38    28    18    89
   39    37    27    97
   40    39    29    99
   41    38    28    97
   42    31    21    90
   43    41    31    99
   44    41    31    99
   45    32    22    89
   46    18     8    75
   47    40    30    97
   48    32    22    89
   49    41    31    98
   50    21    11    77
   51    44    34    99
   52    29    19    84
   53    31    21    86
   54    41    31    96
   55    42    32    97
   56    24    14    79
   57    31    21    86
   58    36    26    91
   59    20    10    75
   60    21    11    76
   61    26    16    80
   62    13     3    66
   63    15     5    68
   64    39    29    91
   65    15     5    67
   66    39    29    91
   67    21    11    73
   68    26    16    78
   69    43    33    95
   70    13     3    65
   71    21    11    72
   72    47    37    98
   73    31    21    82
   74    25    15    76
   75    42    32    93
   76    47    37    98
   77    38    28    88
   78    35    25    85
   79    25    15    75
   80    49    39    99
   81    41    31    91
   82    48    38    98
   83    42    32    92
   84    41    31    91
   85    37    27    86
   86    48    38    97
   87    40    30    88
   88    24    14    72
   89    50    40    98
   90    20    10    68
   91    39    29    87
   92    30    20    78
   93    29    19    76
   94    34    24    81
   95    28    18    75
   96    30    20    76
   97    16     6    62
   98    45    35    91
   99    35    25    81
  100    45    35    91
  101    37    27    83
  102    24    14    69
  103    42    32    87
  104    30    20    75
  105    55    45    99
  106    49    39    93
  107    36    26    80
  108    27    17    70
  109    38    28    81
  110    46    36    89
  111    11     1    54
  112    32    22    75
  113    18     8    61
  114    53    43    96
  115    16     6    59
  116    53    43    95
  117    24    14    66
  118    49    39    91
  119    31    21    73
  120    24    14    65
  121    28    18    69
  122    29    19    70
  123    38    28    79
  124    42    32    83
  125    27    17    68
  126    34    24    75
  127    49    39    90
  128    13     3    53
  129    50    40    90
  130    44    34    84
  131    29    19    69
  132    45    35    85
  133    40    30    80
  134    43    33    83
  135    51    41    91
  136    22    12    62
  137    39    29    78
  138    39    29    78
  139    60    50    99
  140    57    47    96
  141    28    18    67
  142    38    28    77
  143    23    13    62
  144    57    47    96
  145    17     7    56
  146    56    46    95
  147    41    31    79
  148    33    23    71
  149    17     7    55
  150    51    41    89
  151    60    50    98
  152    14     4    52
  153    53    43    91
  154    59    49    96
  155    51    41    88
  156    38    28    75
  157    15     5    52
  158    51    41    88
  159    17     7    54
  160    44    34    80
  161    39    29    75
  162    45    35    81
  163    20    10    56
  164    22    12    58
  165    18     8    54
  166    56    46    91
  167    39    29    74
  168    39    29    74
  169    45    35    80
  170    48    38    83
  171    61    51    96
  172    33    23    68
  173    18     8    53
  174    29    19    64
  175    37    27    71
  176    63    53    97
  177    56    46    90
  178    53    43    87
  179    26    16    60
  180    59    49    92
  181    63    53    96
  182    66    56    99
  183    37    27    70
  184    42    32    75
  185    42    32    75
  186    65    55    98
  187    63    53    96
  188    63    53    95
  189    28    18    60
  190    55    45    87
  191    24    14    56
  192    27    17    58
  193    32    22    63
  194    52    42    83
  195    63    53    94
  196    44    34    75
  197    45    35    76
  198    56    46    87
  199    66    56    96
  200    59    49    89
  201    61    51    91
  202    24    14    54
  203    11     1    41
  204    60    50    90
  205    54    44    84
  206    13     3    43
  207    28    18    57
  208    33    23    62
  209    54    44    83
  210    46    36    75
  211    27    17    56
  212    63    53    92
  213    69    59    98
  214    49    39    78
  215    24    14    52
  216    13     3    41
  217    22    12    50
  218    59    49    87
  219    30    20    58
  220    54    44    82
  221    59    49    87
  222    64    54    92
  223    12     2    40
  224    65    55    93
  225    34    24    62
  226    18     8    46
  227    63    53    90
  228    63    53    90
  229    62    52    89
  230    53    43    80
  231    65    55    92
  232    25    15    51
  233    64    54    90
  234    31    21    57
  235    60    50    86
  236    16     6    42
  237    65    55    91
  238    14     4    40
  239    46    36    72
  240    41    31    67
  241    11     1    37
  242    51    41    77
  243    73    63    99
  244    56    46    82
  245    60    50    86
  246    61    51    86
  247    72    62    97
  248    11     1    36
  249    17     7    42
  250    69    59    94
  251    48    38    73
  252    37    27    62
  253    53    43    78
  254    25    15    50
  255    48    38    73
  256    49    39    74
  257    54    44    78
  258    42    32    66
  259    43    33    67
  260    44    34    68
  261    43    33    67
  262    54    44    78
  263    37    27    61
  264    69    59    93
  265    66    56    90
  266    20    10    44
  267    67    57    91
  268    59    49    83
  269    49    39    73
  270    18     8    42
  271    68    58    92
  272    23    13    47
  273    67    57    91
  274    37    27    61
  275    68    58    92
  276    50    40    74
  277    13     3    36
  278    50    40    73
  279    40    30    63
  280    67    57    90
  281    65    55    88
  282    41    31    64
  283    54    44    77
  284    41    31    64
  285    36    26    59
  286    55    45    78
  287    31    21    54
  288    27    17    50
  289    42    32    64
  290    71    61    93
  291    73    63    95
  292    24    14    46
  293    18     8    40
  294    74    64    96
  295    75    65    97
  296    76    66    98
  297    19     9    41
  298    72    62    94
  299    37    27    58
  300    76    66    97
  301    47    37    68
  302    39    29    60
  303    18     8    39
  304    30    20    51
  305    70    60    91
  306    53    43    74
  307    77    67    98
  308    58    48    79
  309    79    69    99
  310    23    13    43
  311    61    51    81
  312    23    13    43
  313    30    20    50
  314    45    35    65
  315    49    39    69
  316    69    59    89
  317    27    17    47
  318    45    35    65
  319    78    68    98
  320    75    65    94
  321    33    23    52
  322    80    70    99
  323    71    61    90
  324    74    64    93
  325    41    31    60
  326    41    31    60
  327    60    50    79
  328    28    18    47
  329    15     5    34
  330    76    66    95
  331    28    18    47
  332    68    58    86
  333    47    37    65
  334    42    32    60
  335    56    46    74
  336    68    58    86
  337    76    66    94
  338    71    61    89
  339    51    41    69
  340    51    41    69
  341    78    68    96
  342    56    46    74
  343    25    15    43
  344    16     6    34
  345    54    44    72
  346    12     2    30
  347    47    37    65
  348    18     8    36
  349    30    20    47
  350    78    68    95
  351    61    51    78
  352    29    19    46
  353    55    45    72
  354    42    32    59
  355    54    44    71
  356    58    48    75
  357    19     9    36
  358    76    66    93
  359    70    60    87
  360    34    24    51
  361    74    64    91
  362    31    21    48
  363    66    56    83
  364    81    71    98
  365    68    58    85
  366    40    30    57
  367    54    44    71
  368    59    49    76
  369    76    66    93
  370    82    72    99
  371    34    24    50
  372    59    49    75
  373    46    36    62
  374    67    57    83
  375    51    41    67
  376    61    51    77
  377    31    21    47
  378    82    72    98
  379    61    51    77
  380    38    28    54
  381    52    42    68
  382    64    54    80
  383    71    61    87
  384    63    53    78
  385    57    47    72
  386    73    63    88
  387    18     8    33
  388    52    42    67
  389    37    27    52
  390    62    52    77
  391    84    74    99
  392    85    75    99
  393    30    20    44
  394    83    73    97
  395    27    17    41
  396    78    68    92
  397    30    20    44
  398    45    35    59
  399    69    59    83
  400    30    20    44
  401    36    26    50
  402    70    60    84
  403    27    17    41
  404    16     6    30
  405    21    11    35
  406    77    67    91
  407    69    59    82
  408    51    41    64
  409    75    65    88
  410    34    24    47
  411    82    72    95
  412    79    69    92
  413    52    42    65
  414    83    73    96
  415    84    74    97
  416    80    70    93
  417    63    53    76
  418    57    47    70
  419    37    27    50
  420    34    24    47
  421    63    53    76
  422    33    23    45
  423    77    67    89
  424    37    27    49
  425    86    76    98
  426    52    42    64
  427    87    77    99
  428    83    73    95
  429    82    72    94
  430    64    54    76
  431    41    31    52
  432    74    64    85
  433    24    14    35
  434    88    78    99
  435    44    34    55
  436    76    66    87
  437    43    33    54
  438    49    39    60
  439    65    55    76
  440    71    61    82
  441    69    59    80
  442    61    51    72
  443    84    74    95
  444    72    62    83
  445    71    61    82
  446    52    42    63
  447    85    75    96
  448    84    74    95
  449    16     6    27
  450    63    53    73
  451    60    50    70
  452    54    44    64
  453    85    75    95
  454    88    78    98
  455    72    62    82
  456    83    73    93
  457    87    77    97
  458    83    73    93
  459    85    75    95
  460    72    62    82
  461    81    71    91
  462    65    55    75
  463    32    22    42
  464    69    59    79
  465    21    11    31
  466    21    11    31
  467    71    61    80
  468    57    47    66
  469    73    63    82
  470    12     2    21
  471    84    74    93
  472    80    70    89
  473    39    29    48
  474    88    78    97
  475    84    74    93
  476    79    69    88
  477    81    71    90
  478    55    45    64
  479    41    31    50
  480    86    76    95
  481    78    68    87
  482    29    19    38
  483    69    59    78
  484    18     8    27
  485    23    13    32
  486    75    65    84
  487    49    39    58
  488    29    19    37
  489    64    54    72
  490    88    78    96
  491    70    60    78
  492    83    73    91
  493    66    56    74
  494    72    62    80
  495    56    46    64
  496    46    36    54
  497    80    70    88
  498    35    25    43
  499    48    38    56
  500    50    40    58
  501    71    61    79
  502    88    78    96
  503    62    52    70
  504    40    30    48
  505    74    64    81
  506    74    64    81
  507    72    62    79
  508    82    72    89
  509    44    34    51
  510    36    26    43
  511    80    70    87
  512    75    65    82
  513    81    71    88
  514    58    48    65
  515    72    62    79
  516    81    71    88
  517    77    67    84
  518    66    56    72
  519    84    74    90
  520    63    53    69
  521    87    77    93
  522    45    35    51
  523    40    30    46
  524    88    78    94
  525    82    72    88
  526    89    79    95
  527    52    42    58
  528    39    29    45
  529    83    73    89
  530    39    29    45
  531    33    23    39
  532    84    74    90
  533    71    61    77
  534    90    80    96
  535    55    45    60
  536    42    32    47
  537    23    13    28
  538    87    77    92
  539    43    33    48
  540    94    84    99
  541    17     7    22
  542    13     3    18
  543    43    33    48
  544    45    35    50
  545    84    74    89
  546    79    69    84
  547    18     8    23
  548    35    25    40
  549    83    73    88
  550    31    21    35
  551    89    79    93
  552    51    41    55
  553    94    84    98
  554    72    62    76
  555    73    63    77
  556    94    84    98
  557    92    82    96
  558    95    85    99
  559    63    53    67
  560    27    17    31
  561    43    33    47
  562    95    85    99
  563    79    69    83
  564    86    76    90
  565    62    52    66
  566    24    14    28
  567    40    30    44
  568    77    67    81
  569    45    35    49
  570    44    34    48
  571    21    11    25
  572    84    74    87
  573    71    61    74
  574    89    79    92
  575    83    73    86
  576    68    58    71
  577    22    12    25
  578    94    84    97
  579    37    27    40
  580    77    67    80
  581    78    68    81
  582    92    82    94
  583    94    84    96
  584    70    60    72
  585    67    57    69
  586    94    84    96
  587    45    35    47
  588    95    85    97
  589    53    43    55
  590    77    67    79
  591    77    67    79
  592    45    35    47
  593    96    86    98
  594    35    25    37
  595    79    69    81
  596    59    49    61
  597    97    87    99
  598    81    71    83
  599    69    59    71
  600    88    78    90
  601    89    79    91
  602    60    50    61
  603    87    77    88
  604    24    14    25
  605    96    86    97
  606    96    86    97
  607    95    85    96
  608    24    14    25
  609    43    33    44
  610    82    72    83
  611    86    76    87
  612    33    23    34
  613    84    74    85
  614    32    22    33
  615    94    84    95
  616    63    53    64
  617    38    28    39
  618    24    14    25
  619    98    88    99
  620    97    87    98
  621    77    67    78
  622    66    56    67
  623    99    89    99
  624    96    86    96
  625    95    85    95
  626    90    80    90
  627    96    86    96
  628    53    43    53
  629    90    80    90
  630    28    18    28
  631    45    35    45
  632    86    76    86
  633    93    83    93
  634    99    89    99
  635    94    84    94
  636    69    59    69
  637    63    53    63
  638    81    71    81
  639    99    89    99
  640    96    86    96
  641    91    81    91
  642    51    41    51
  643    92    82    91
  644    89    79    88
  645    51    41    50
  646    92    82    91
  647    67    57    66
  648   100    90    99
  649    99    89    98
  650    61    51    60
  651    65    55    64
  652    33    23    32
  653    17     7    16
  654    82    72    81
  655    28    18    27
  656    85    75    84
  657    93    83    92
  658    80    70    79
  659    70    60    69
  660    30    20    29
  661    76    66    75
  662    84    74    83
  663    91    81    90
  664    99    89    98
  665   100    90    99
  666    92    82    91
  667    89    79    88
  668    77    67    75
  669   101    91    99
  670    57    47    55
  671    69    59    67
  672    89    79    87
  673    95    85    93
  674    67    57    65
  675    68    58    66
  676    42    32    40
  677    25    15    23
  678   100    90    98
  679    59    49    57
  680    46    36    44
  681    82    72    80
  682    99    89    97
  683    83    73    81
  684    98    88    96
  685    61    51    59
  686    88    78    86
  687    82    72    80
  688    82    72    80
  689   101    91    99
  690    97    87    95
  691   101    91    99
  692   101    91    99
  693    87    77    85
  694    79    69    76
  695    89    79    86
  696    97    87    94
  697    97    87    94
  698    61    51    58
  699   102    92    99
  700   101    91    98
  701    99    89    96
  702    92    82    89
  703    67    57    64
  704    19     9    16
  705   100    90    97
  706    85    75    82
  707    32    22    29
  708    42    32    39
  709    25    15    22
  710    75    65    72
  711    27    17    24
  712    94    84    91
  713    40    30    37
  714    99    89    96
  715    99    89    96
  716    97    87    94
  717    70    60    67
  718    41    31    38
  719    53    43    50
  720    97    87    94
  721    74    64    71
  722    90    80    87
  723    66    56    63
  724    23    13    19
  725    33    23    29
  726    96    86    92
  727    32    22    28
  728   103    93    99
  729    98    88    94
  730   101    91    97
  731   102    92    98
  732    64    54    60
  733    18     8    14
  734    80    70    76
  735    96    86    92
  736    72    62    68
  737   102    92    98
  738   103    93    99
  739    28    18    24
  740   102    92    98
  741    71    61    67
  742    79    69    75
  743    99    89    95
  744    94    84    90
  745    79    69    75
  746    44    34    40
  747    74    64    70
  748    34    24    30
  749    82    72    78
  750    62    52    58
  751    80    70    76
  752    96    86    92
  753   102    92    98
  754   101    91    96
  755    94    84    89
  756    97    87    92
  757    81    71    76
  758    93    83    88
  759    22    12    17
  760   103    93    98
  761    92    82    87
  762    83    73    78
  763    83    73    78
  764    97    87    92
  765    67    57    62
  766   103    93    98
  767    91    81    86
  768   100    90    95
  769    87    77    82
  770    63    53    58
  771    46    36    41
  772   102    92    97
  773   103    93    98
  774   102    92    97
  775    20    10    15
  776    93    83    88
  777    89    79    84
  778    98    88    93
  779    54    44    49
  780    98    88    93
  781   102    92    96
  782    99    89    93
  783    52    42    46
  784   100    90    94
  785   105    95    99
  786    62    52    56
  787    98    88    92
  788    60    50    54
  789    88    78    82
  790   101    91    95
  791    97    87    91
  792    99    89    93
  793    50    40    44
  794   103    93    97
  795    74    64    68
  796   104    94    98
  797    79    69    73
  798    95    85    89
  799   103    93    97
  800   105    95    99
  801    98    88    92
  802    73    63    67
  803    93    83    87
  804    93    83    87
  805    77    67    71
  806    79    69    73
  807    70    60    64
  808    93    83    87
  809    23    13    17
  810    71    61    65
  811    80    70    74
  812   101    91    95
  813    94    84    88
  814   101    91    95
  815    30    20    24
  816    97    87    91
  817    53    43    47
  818    61    51    54
  819    86    76    79
  820    95    85    88
  821    80    70    73
  822    86    76    79
  823   102    92    95
  824    72    62    65
  825    96    86    89
  826    64    54    57
  827    74    64    67
  828    99    89    92
  829    66    56    59
  830    35    25    28
  831   105    95    98
  832   105    95    98
  833   104    94    97
  834    92    82    85
  835   104    94    97
  836    77    67    70
  837   104    94    97
  838    32    22    25
  839    32    22    25
  840    99    89    92
  841    91    81    84
  842   106    96    99
  843    31    21    24
  844    95    85    88
  845   106    96    99
  846    28    18    21
  847    92    82    85
  848    41    31    34
  849    95    85    88
  850    36    26    29
  851   102    92    95
  852    71    61    64
  853    19     9    12
  854   106    96    99
  855   100    90    92
  856   106    96    98
  857    98    88    90
  858    66    56    58
  859   107    97    99
  860   103    93    95
  861    87    77    79
  862    33    23    25
  863    67    57    59
  864    83    73    75
  865   105    95    97
  866   107    97    99
  867    70    60    62
  868   106    96    98
  869   103    93    95
  870    43    33    35
  871    52    42    44
  872    95    85    87
  873    50    40    42
  874   104    94    96
  875    48    38    40
  876   105    95    97
  877   107    97    99
  878    96    86    88
  879    68    58    60
  880    35    25    27
  881    37    27    29
  882    39    29    31
  883    41    31    33
  884   106    96    98
  885    12     2     4
  886   103    93    95
  887   105    95    97
  888    61    51    53
  889    95    85    87
  890    98    88    90
  891   104    94    96
  892    51    41    42
  893    85    75    76
  894    44    34    35
  895    95    85    86
  896    48    38    39
  897    90    80    81
  898   101    91    92
  899    97    87    88
  900    14     4     5
  901   108    98    99
  902   106    96    97
  903    19     9    10
  904    69    59    60
  905    78    68    69
  906    95    85    86
  907    68    58    59
  908    95    85    86
  909   102    92    93
  910   104    94    95
  911   100    90    91
  912    69    59    60
  913   104    94    95
  914   104    94    95
  915    94    84    85
  916   101    91    92
  917    55    45    46
  918   107    97    98
  919   108    98    99
  920    71    61    62
  921    59    49    50
  922   108    98    99
  923    99    89    90
  924   104    94    95
  925    80    70    71
  926    87    77    78
  927    97    87    88
  928    67    57    58
  929   107    97    98
  930   106    96    97
  931   109    99    99
  932   106    96    96
  933    90    80    80
  934   108    98    98
  935    61    51    51
  936   109    99    99
  937   109    99    99
  938   109    99    99
  939   104    94    94
  940    92    82    82
  941   109    99    99
  942    70    60    60
  943   110   100   100
  944   108    98    98
  945   110   100   100
  946    81    71    71
  947    94    84    84
  948    75    65    65
  949   106    96    96
  950   109    99    99
  951   110   100   100
  952   109    99    99
  953   106    96    96
  954    49    39    39
  955    83    73    73
  956   101    91    91
  957    85    75    75
  958    71    61    61
  959   107    97    97
  960   102    92    92
  961   109    99    99
  962    96    86    86
  963   110   100   100
  964    30    20    20
  965   106    96    96
  966   108    98    98
  967   108    98    98
  968    68    58    58
  969    12     2     2
  970   105    95    95
  971    70    60    60
  972   109    99    99
  973   106    96    96
  974   109    99    99
  975   109    99    99
  976   109    99    99
  977   107    97    97
  978    75    65    65
  979   102    92    92
  980   106    96    96
  981   106    96    96
  982   102    92    92
  983   110   100   100
  984   110   100   100
  985   110   100   100
  986   109    99    99
  987   110   100   100
  988    98    88    88
  989   105    95    95
  990    93    83    83
  991    69    59    59
  992   104    94    94
  993   106    96    96
  994   107    97    97
  995   107    97    97
  996   107    97    97
  997   110   100   100
  998   110   100   100
  999   105    95    95
  100