 1000
    0    12     2    99
    1    15     5    99
    2    13     3    96
    3    12     2    94
    4    12     2    92
    5    15     5    93
    6    21    11    99
    7    14     4    91
    8    20    10    97
    9    22    12    99
   10    16     6    90
   11    11     1    85
   12    20    10    94
   13    21    11    94
   14    16     6    88
   15    11     1    82
   16    15     5    86
   17    27    17    97
   18    19     9    89
   19    11     1    80
   20    29    19    98
   21    24    14    93
   22    11     1    79
   23    27    17    95
   24    19     9    86
   25    26    16    93
   26    12     2    79
   27    21    11    88
   28    33    23    99
   29    19     9    85
   30    11     1    76
   31    33    23    98
   32    19     9    84
   33    14     4    78
   34    18     8    82
   35    27    17    90
   36    24    14    87
   37    12     2    75
   38    32    22    95
   39    24    14    87
   40    22    12    85
   41    25    15    88
   42    20    10    82
   43    35    25    97
   44    17     7    79
   45    30    20    92
   46    37    27    98
   47    16     6    76
   48    22    12    82
   49    26    16    86
   50    20    10    80
   51    23    13    82
   52    11     1    69
   53    19     9    77
   54    39    29    97
   55    13     3    71
   56    36    26    94
   57    22    12    80
   58    35    25    92
   59    18     8    75
   60    30    20    87
   61    13     3    70
   62    15     5    71
   63    33    23    89
   64    36    26    92
   65    33    23    89
   66    19     9    75
   67    40    30    96
   68    22    12    77
   69    24    14    79
   70    16     6    71
   71    44    34    98
   72    22    12    76
   73    43    33    97
   74    23    13    77
   75    24    14    78
   76    21    11    75
   77    26    16    79
   78    29    19    82
   79    24    14    77
   80    32    22    84
   81    37    27    89
   82    38    28    90
   83    26    16    77
   84    29    19    80
   85    44    34    95
   86    27    17    78
   87    24    14    75
   88    29    19    80
   89    43    33    94
   90    48    38    99
   91    47    37    97
   92    31    21    81
   93    28    18    78
   94    47    37    96
   95    15     5    64
   96    29    19    78
   97    44    34    93
   98    39    29    88
   99    20    10    69
  100    27    17    76
  101    36    26    85
  102    46    36    95
  103    42    32    90
  104    32    22    80
  105    51    41    98
  106    49    39    96
  107    32    22    79
  108    43    33    90
  109    43    33    90
  110    50    40    97
  111    11     1    58
  112    39    29    86
  113    43    33    89
  114    53    43    98
  115    43    33    88
  116    50    40    95
  117    31    21    76
  118    51    41    96
  119    44    34    88
  120    47    37    91
  121    26    16    70
  122    24    14    68
  123    14     4    58
  124    45    35    89
  125    19     9    63
  126    55    45    99
  127    48    38    91
  128    11     1    54
  129    16     6    59
  130    13     3    56
  131    54    44    97
  132    44    34    87
  133    16     6    59
  134    54    44    96
  135    20    10    62
  136    25    15    67
  137    24    14    66
  138    41    31    83
  139    18     8    60
  140    56    46    98
  141    36    26    77
  142    56    46    97
  143    15     5    56
  144    20    10    61
  145    45    35    86
  146    19     9    60
  147    56    46    97
  148    43    33    84
  149    36    26    77
  150    53    43    93
  151    21    11    61
  152    23    13    63
  153    55    45    95
  154    34    24    74
  155    38    28    78
  156    31    21    71
  157    47    37    87
  158    52    42    92
  159    58    48    98
  160    14     4    53
  161    45    35    84
  162    46    36    85
  163    50    40    89
  164    36    26    75
  165    54    44    93
  166    16     6    55
  167    50    40    88
  168    11     1    49
  169    40    30    78
  170    37    27    75
  171    42    32    80
  172    25    15    62
  173    21    11    58
  174    25    15    62
  175    59    49    96
  176    17     7    54
  177    18     8    55
  178    31    21    68
  179    60    50    97
  180    19     9    55
  181    61    51    97
  182    44    34    80
  183    43    33    79
  184    49    39    85
  185    35    25    71
  186    40    30    76
  187    56    46    92
  188    17     7    53
  189    11     1    47
  190    15     5    50
  191    54    44    89
  192    58    48    93
  193    57    47    92
  194    46    36    81
  195    60    50    95
  196    33    23    68
  197    15     5    50
  198    37    27    72
  199    48    38    83
  200    64    54    99
  201    15     5    49
  202    39    29    73
  203    14     4    48
  204    38    28    72
  205    38    28    71
  206    49    39    82
  207    35    25    68
  208    60    50    93
  209    56    46    88
  210    22    12    54
  211    46    36    78
  212    20    10    52
  213    43    33    75
  214    23    13    55
  215    52    42    84
  216    49    39    81
  217    33    23    65
  218    61    51    93
  219    56    46    87
  220    55    45    85
  221    69    59    99
  222    19     9    49
  223    30    20    60
  224    26    16    56
  225    41    31    71
  226    59    49    89
  227    58    48    87
  228    34    24    63
  229    22    12    51
  230    11     1    40
  231    45    35    74
  232    65    55    94
  233    22    12    51
  234    50    40    78
  235    44    34    72
  236    38    28    66
  237    59    49    87
  238    33    23    61
  239    56    46    84
  240    70    60    98
  241    56    46    84
  242    47    37    75
  243    31    21    58
  244    58    48    85
  245    68    58    95
  246    52    42    79
  247    58    48    85
  248    65    55    92
  249    69    59    96
  250    62    52    89
  251    40    30    67
  252    53    43    80
  253    28    18    55
  254    16     6    43
  255    45    35    72
  256    55    45    82
  257    60    50    87
  258    61    51    88
  259    57    47    84
  260    64    54    90
  261    60    50    86
  262    40    30    66
  263    51    41    77
  264    64    54    90
  265    62    52    88
  266    39    29    65
  267    35    25    61
  268    68    58    93
  269    56    46    81
  270    57    47    82
  271    73    63    98
  272    51    41    76
  273    17     7    42
  274    43    33    68
  275    39    29    64
  276    21    11    45
  277    75    65    99
  278    74    64    98
  279    40    30    64
  280    19     9    43
  281    13     3    37
  282    54    44    78
  283    75    65    99
  284    45    35    68
  285    75    65    98
  286    15     5    38
  287    65    55    88
  288    49    39    72
  289    73    63    96
  290    61    51    84
  291    75    65    98
  292    69    59    92
  293    27    17    50
  294    51    41    74
  295    70    60    93
  296    74    64    96
  297    72    62    94
  298    47    37    69
  299    16     6    38
  300    60    50    82
  301    75    65    97
  302    72    62    94
  303    68    58    90
  304    67    57    89
  305    61    51    83
  306    52    42    74
  307    68    58    89
  308    34    24    55
  309    49    39    70
  310    59    49    80
  311    71    61    92
  312    66    56    87
  313    58    48    79
  314    72    62    93
  315    74    64    95
  316    47    37    67
  317    35    25    55
  318    41    31    61
  319    75    65    95
  320    34    24    54
  321    63    53    83
  322    31    21    51
  323    61    51    81
  324    37    27    57
  325    70    60    90
  326    72    62    92
  327    53    43    73
  328    79    69    99
  329    73    63    93
  330    77    67    97
  331    50    40    69
  332    61    51    80
  333    54    44    73
  334    56    46    75
  335    50    40    69
  336    13     3    32
  337    80    70    99
  338    45    35    64
  339    62    52    81
  340    37    27    56
  341    17     7    36
  342    63    53    82
  343    37    27    56
  344    46    36    65
  345    80    70    98
  346    81    71    99
  347    54    44    72
  348    67    57    85
  349    71    61    89
  350    68    58    86
  351    67    57    85
  352    22    12    40
  353    12     2    30
  354    22    12    40
  355    18     8    36
  356    76    66    94
  357    65    55    83
  358    78    68    96
  359    38    28    56
  360    35    25    52
  361    32    22    49
  362    80    70    97
  363    70    60    87
  364    65    55    82
  365    77    67    94
  366    81    71    98
  367    33    23    50
  368    59    49    76
  369    55    45    72
  370    52    42    69
  371    65    55    82
  372    58    48    75
  373    62    52    79
  374    71    61    87
  375    35    25    51
  376    79    69    95
  377    51    41    67
  378    43    33    59
  379    64    54    80
  380    75    65    91
  381    60    50    76
  382    52    42    68
  383    39    29    55
  384    73    63    89
  385    83    73    99
  386    79    69    95
  387    55    45    71
  388    80    70    95
  389    67    57    82
  390    77    67    92
  391    70    60    85
  392    41    31    56
  393    41    31    56
  394    58    48    73
  395    71    61    86
  396    53    43    68
  397    66    56    80
  398    71    61    85
  399    43    33    57
  400    66    56    80
  401    13     3    27
  402    44    34    58
  403    16     6    30
  404    53    43    67
  405    45    35    59
  406    13     3    27
  407    51    41    65
  408    26    16    40
  409    15     5    29
  410    49    39    63
  411    20    10    33
  412    35    25    48
  413    32    22    45
  414    86    76    99
  415    38    28    51
  416    65    55    78
  417    71    61    84
  418    72    62    85
  419    57    47    70
  420    19     9    32
  421    41    31    54
  422    33    23    46
  423    42    32    55
  424    33    23    46
  425    81    71    94
  426    27    17    40
  427    71    61    84
  428    19     9    32
  429    50    40    63
  430    16     6    29
  431    41    31    53
  432    12     2    24
  433    43    33    55
  434    74    64    86
  435    76    66    88
  436    17     7    29
  437    85    75    97
  438    79    69    91
  439    68    58    80
  440    37    27    49
  441    67    57    79
  442    81    71    93
  443    69    59    81
  444    83    73    95
  445    68    58    80
  446    69    59    81
  447    84    74    96
  448    84    74    95
  449    50    40    61
  450    85    75    96
  451    80    70    91
  452    80    70    91
  453    43    33    54
  454    57    47    68
  455    87    77    98
  456    46    36    57
  457    79    69    90
  458    80    70    91
  459    20    10    31
  460    78    68    89
  461    71    61    82
  462    82    72    93
  463    76    66    87
  464    56    46    67
  465    67    57    78
  466    61    51    72
  467    83    73    94
  468    27    17    37
  469    57    47    67
  470    73    63    83
  471    27    17    37
  472    75    65    85
  473    38    28    48
  474    56    46    66
  475    64    54    74
  476    82    72    92
  477    86    76    96
  478    78    68    88
  479    56    46    66
  480    82    72    92
  481    33    23    43
  482    13     3    23
  483    87    77    97
  484    74    64    84
  485    56    46    66
  486    76    66    86
  487    81    71    91
  488    63    53    72
  489    27    17    36
  490    87    77    96
  491    64    54    73
  492    55    45    64
  493    18     8    27
  494    69    59    78
  495    79    69    88
  496    65    55    74
  497    41    31    50
  498    31    21    40
  499    60    50    69
  500    69    59    78
  501    75    65    83
  502    62    52    70
  503    91    81    99
  504    91    81    99
  505    84    74    92
  506    58    48    66
  507    38    28    46
  508    56    46    64
  509    46    36    54
  510    69    59    77
  511    82    72    90
  512    89    79    97
  513    76    66    84
  514    91    81    99
  515    30    20    38
  516    87    77    94
  517    70    60    77
  518    86    76    93
  519    80    70    87
  520    70    60    77
  521    30    20    37
  522    90    80    97
  523    69    59    76
  524    43    33    50
  525    83    73    90
  526    57    47    64
  527    44    34    51
  528    15     5    22
  529    69    59    76
  530    45    35    52
  531    92    82    99
  532    26    16    33
  533    63    53    70
  534    21    11    28
  535    40    30    46
  536    69    59    75
  537    80    70    86
  538    30    20    36
  539    49    39    55
  540    80    70    86
  541    40    30    46
  542    90    80    96
  543    43    33    49
  544    93    83    99
  545    36    26    42
  546    80    70    86
  547    46    36    52
  548    90    80    96
  549    62    52    68
  550    41    31    46
  551    25    15    30
  552    52    42    57
  553    91    81    96
  554    94    84    99
  555    18     8    23
  556    69    59    74
  557    63    53    68
  558    35    25    40
  559    84    74    89
  560    57    47    62
  561    66    56    71
  562    41    31    46
  563    21    11    26
  564    55    45    60
  565    71    61    76
  566    17     7    21
  567    92    82    96
  568    82    72    86
  569    22    12    26
  570    79    69    83
  571    47    37    51
  572    82    72    86
  573    84    74    88
  574    95    85    99
  575    53    43    57
  576    34    24    38
  577    59    49    63
  578    88    78    92
  579    79    69    83
  580    15     5    19
  581    18     8    22
  582    14     4    18
  583    77    67    81
  584    34    24    38
  585    85    75    89
  586    86    76    90
  587    84    74    87
  588    76    66    79
  589    89    79    92
  590    11     1    14
  591    53    43    56
  592    40    30    43
  593    95    85    98
  594    84    74    87
  595    86    76    89
  596    88    78    91
  597    74    64    77
  598    74    64    77
  599    38    28    41
  600    93    83    96
  601    68    58    71
  602    60    50    63
  603    23    13    26
  604    12     2    15
  605    68    58    71
  606    80    70    83
  607    91    81    94
  608    31    21    34
  609    55    45    57
  610    85    75    87
  611    97    87    99
  612    21    11    23
  613    61    51    63
  614    97    87    99
  615    32    22    34
  616    68    58    70
  617    30    20    32
  618    89    79    91
  619    78    68    80
  620    25    15    27
  621    61    51    63
  622    97    87    99
  623    91    81    93
  624    63    53    65
  625    65    55    67
  626    97    87    99
  627    88    78    90
  628    94    84    96
  629    67    57    69
  630    83    73    85
  631    82    72    84
  632    97    87    99
  633    94    84    96
  634    94    84    96
  635    89    79    90
  636    66    56    67
  637    96    86    97
  638    95    85    96
  639    16     6    17
  640    92    82    93
  641    39    29    40
  642    89    79    90
  643    27    17    28
  644    80    70    81
  645    76    66    77
  646    77    67    78
  647    79    69    80
  648    84    74    85
  649    34    24    35
  650    95    85    96
  651    60    50    61
  652    98    88    99
  653    98    88    99
  654    71    61    72
  655    70    60    71
  656    70    60    71
  657    32    22    33
  658    98    88    99
  659    31    21    32
  660    96    86    97
  661    75    65    75
  662    86    76    86
  663    69    59    69
  664    55    45    55
  665    59    49    59
  666    87    77    87
  667    84    74    84
  668    81    71    81
  669    77    67    77
  670    56    46    56
  671    95    85    95
  672    39    29    39
  673    76    66    76
  674    92    82    92
  675    90    80    90
  676    97    87    97
  677    75    65    75
  678    89    79    89
  679    74    64    74
  680    99    89    99
  681    86    76    86
  682    62    52    61
  683    51    41    50
  684    44    34    43
  685    39    29    38
  686    36    26    35
  687    96    86    95
  688    79    69    78
  689    29    19    28
  690    88    78    87
  691    92    82    91
  692    70    60    69
  693    28    18    27
  694    11     1    10
  695    88    78    87
  696    72    62    71
  697    59    49    58
  698    45    35    44
  699    77    67    75
  700    36    26    34
  701    96    86    94
  702    54    44    52
  703    93    83    91
  704    48    38    46
  705    32    22    30
  706    74    64    72
  707    52    42    50
  708    80    70    78
  709    95    85    93
  710    86    76    84
  711    44    34    42
  712    17     7    15
  713    33    23    31
  714    68    58    66
  715    51    41    49
  716    46    36    44
  717    96    86    94
  718    75    65    73
  719    92    82    90
  720    85    75    83
  721    98    88    96
  722    87    77    85
  723    94    84    92
  724    92    82    90
  725    54    44    52
  726    40    30    38
  727    18     8    16
  728    61    51    58
  729    65    55    62
  730   102    92    99
  731    52    42    49
  732    62    52    59
  733    25    15    22
  734   102    92    99
  735    32    22    29
  736    97    87    94
  737    93    83    90
  738    18     8    15
  739    96    86    93
  740    39    29    36
  741    82    72    79
  742    91    81    88
  743    98    88    95
  744    67    57    64
  745    45    35    42
  746   102    92    99
  747    71    61    68
  748    98    88    95
  749    12     2     9
  750    87    77    84
  751    95    85    92
  752   102    92    99
  753    99    89    96
  754    21    11    17
  755    64    54    60
  756    61    51    57
  757   101    91    97
  758    26    16    22
  759    69    59    65
  760    34    24    30
  761    20    10    16
  762    48    38    44
  763    56    46    52
  764    53    43    49
  765    92    82    88
  766    99    89    95
  767    94    84    90
  768    43    33    39
  769    98    88    94
  770   103    93    99
  771    92    82    88
  772    76    66    72
  773   101    91    97
  774   102    92    98
  775    75    65    71
  776   102    92    98
  777    93    83    89
  778    15     5    11
  779    46    36    42
  780    97    87    93
  781    53    43    49
  782    90    80    86
  783    97    87    93
  784   101    91    97
  785   101    91    97
  786    42    32    38
  787   101    91    97
  788    97    87    93
  789   103    93    99
  790    15     5    11
  791    59    49    54
  792    84    74    79
  793    56    46    51
  794    52    42    47
  795   101    91    96
  796   104    94    99
  797    99    89    94
  798    54    44    49
  799   103    93    98
  800    56    46    51
  801    93    83    88
  802   102    92    97
  803    99    89    94
  804    97    87    92
  805    65    55    60
  806   104    94    99
  807    83    73    78
  808   102    92    97
  809   101    91    96
  810    71    61    66
  811   104    94    99
  812    46    36    41
  813    95    85    90
  814    35    25    30
  815    75    65    70
  816    97    87    92
  817    17     7    12
  818    30    20    25
  819   100    90    94
  820    32    22    26
  821    11     1     5
  822    77    67    71
  823    48    38    42
  824    91    81    85
  825    79    69    73
  826    51    41    45
  827    15     5     9
  828   104    94    98
  829    86    76    80
  830    65    55    59
  831    64    54    58
  832    31    21    25
  833   105    95    99
  834    70    60    64
  835    94    84    88
  836    48    38    42
  837    90    80    84
  838    62    52    56
  839    47    37    41
  840   102    92    96
  841    58    48    52
  842   104    94    98
  843    78    68    72
  844    66    56    59
  845    22    12    15
  846   102    92    95
  847   102    92    95
  848   100    90    93
  849   105    95    98
  850    56    46    49
  851    80    70    73
  852    22    12    15
  853    80    70    73
  854    51    41    44
  855    17     7    10
  856   106    96    99
  857    77    67    70
  858    51    41    44
  859    18     8    11
  860    41    31    34
  861   101    91    94
  862   106    96    99
  863    90    80    83
  864    98    88    91
  865    79    69    72
  866    12     2     5
  867    96    86    89
  868    99    89    92
  869    16     6     9
  870   102    92    95
  871    95    85    88
  872    98    88    91
  873    71    61    64
  874    64    54    57
  875   106    96    98
  876   105    95    97
  877    75    65    67
  878    31    21    23
  879   102    92    94
  880    86    76    78
  881   100    90    92
  882    87    77    79
  883    52    42    44
  884   101    91    93
  885   106    96    98
  886   107    97    99
  887    11     1     3
  888   104    94    96
  889    79    69    71
  890    88    78    80
  891   106    96    98
  892   106    96    98
  893    85    75    77
  894   101    91    93
  895   104    94    96
  896    21    11    13
  897    67    57    59
  898    88    78    80
  899    17     7     9
  900    98    88    90
  901   101    91    93
  902   101    91    93
  903   107    97    99
  904    76    66    68
  905   100    90    92
  906   106    96    98
  907    87    77    79
  908    76    66    68
  909   107    97    99
  910    44    34    35
  911    72    62    63
  912    96    86    87
  913   105    95    96
  914   104    94    95
  915   100    90    91
  916    81    71    72
  917    86    76    77
  918    94    84    85
  919   107    97    98
  920   106    96    97
  921    59    49    50
  922    85    75    76
  923    80    70    71
  924   108    98    99
  925   105    95    96
  926   107    97    98
  927   105    95    96
  928    99    89    90
  929    92    82    83
  930    63    53    54
  931    27    17    18
  932   107    97    98
  933    80    70    71
  934   105    95    96
  935    90    80    81
  936   108    98    99
  937    82    72    73
  938    69    59    60
  939   101    91    92
  940   108    98    99
  941    14     4     5
  942    94    84    85
  943    93    83    84
  944    84    74    75
  945    26    16    16
  946   108    98    98
  947   102    92    92
  948   105    95    95
  949   110   100   100
  950   107    97    97
  951   110   100   100
  952   107    97    97
  953   102    92    92
  954   110   100   100
  955   110   100   100
  956   110   100   100
  957   106    96    96
  958    61    51    51
  959    92    82    82
  960    80    70    70
  961    83    73    73
  962   110   100   100
  963   108    98    98
  964   110   100   100
  965   108    98    98
  966    97    87    87
  967   109    99    99
  968    90    80    80
  969    99    89    89
  970    53    43    43
  971    35    25    25
  972   109    99    99
  973    92    82    82
  974   100    90    90
  975   110   100   100
  976    94    84    84
  977   108    98    98
  978   109    99    99
  979   106    96    96
  980   108    98    98
  981   105    95    95
  982    97    87    87
  983   110   100   100
  984   109    99    99
  985    71    61    61
  986   109    99    99
  987    93    83    83
  988    76    66    66
  989   109    99    99
  990   109    99    99
  991    59    49    49
  992    77    67    67
  993   105    95    95
  994   104    94    94
  995   108    98    98
  996   110   100   100
  997   107    97    97
  998    84    74    74
  999    96    86    86
  100