  500
    0    11     1    93
    1    14     4    95
    2    11     1    90
    3    20    10    99
    4    11     1    90
    5    23    13    99
    6    21    11    95
    7    17     7    90
    8    22    12    94
    9    26    16    97
   10    11     1    77
   11    20    10    86
   12    23    13    88
   13    31    21    95
   14    30    20    93
   15    30    20    93
   16    23    13    86
   17    34    24    95
   18    19     9    80
   19    19     9    79
   20    36    26    96
   21    29    19    88
   22    39    29    98
   23    17     7    75
   24    28    18    86
   25    26    16    84
   26    34    24    92
   27    40    30    97
   28    28    18    85
   29    32    22    89
   30    14     4    71
   31    26    16    82
   32    12     2    68
   33    41    31    96
   34    39    29    93
   35    19     9    73
   36    41    31    94
   37    14     4    67
   38    19     9    71
   39    27    17    79
   40    28    18    80
   41    22    12    73
   42    13     3    64
   43    35    25    86
   44    26    16    77
   45    41    31    91
   46    49    39    98
   47    50    40    98
   48    31    21    79
   49    19     9    66
   50    38    28    85
   51    31    21    78
   52    45    35    92
   53    40    30    87
   54    18     8    65
   55    40    30    87
   56    46    36    92
   57    29    19    75
   58    27    17    73
   59    21    11    66
   60    44    34    89
   61    26    16    71
   62    54    44    99
   63    15     5    59
   64    45    35    89
   65    37    27    80
   66    33    23    75
   67    36    26    78
   68    43    33    85
   69    41    31    82
   70    46    36    87
   71    54    44    95
   72    47    37    88
   73    58    48    99
   74    42    32    83
   75    55    45    96
   76    16     6    57
   77    18     8    59
   78    37    27    77
   79    37    27    77
   80    40    30    79
   81    51    41    90
   82    61    51    99
   83    40    30    78
   84    41    31    79
   85    54    44    92
   86    54    44    91
   87    52    42    89
   88    50    40    87
   89    61    51    98
   90    62    52    98
   91    40    30    76
   92    50    40    86
   93    47    37    83
   94    64    54    99
   95    12     2    47
   96    52    42    87
   97    25    15    59
   98    51    41    85
   99    58    48    92
  100    63    53    97
  101    54    44    87
  102    51    41    84
  103    37    27    69
  104    65    55    97
  105    44    34    76
  106    49    39    81
  107    59    49    91
  108    53    43    84
  109    34    24    65
  110    57    47    88
  111    32    22    63
  112    33    23    64
  113    46    36    77
  114    66    56    97
  115    44    34    74
  116    69    59    99
  117    64    54    94
  118    23    13    53
  119    40    30    70
  120    66    56    96
  121    56    46    85
  122    49    39    78
  123    29    19    58
  124    26    16    55
  125    28    18    57
  126    61    51    90
  127    69    59    97
  128    20    10    48
  129    55    45    83
  130    45    35    73
  131    29    19    57
  132    71    61    99
  133    60    50    88
  134    62    52    90
  135    34    24    61
  136    70    60    97
  137    39    29    66
  138    27    17    54
  139    18     8    44
  140    52    42    78
  141    39    29    65
  142    11     1    37
  143    39    29    65
  144    34    24    59
  145    64    54    89
  146    56    46    81
  147    14     4    39
  148    68    58    93
  149    75    65    99
  150    50    40    74
  151    72    62    96
  152    61    51    85
  153    70    60    94
  154    37    27    61
  155    47    37    71
  156    59    49    83
  157    14     4    37
  158    60    50    83
  159    71    61    94
  160    38    28    61
  161    73    63    96
  162    20    10    43
  163    68    58    91
  164    37    27    59
  165    41    31    63
  166    62    52    84
  167    23    13    45
  168    47    37    69
  169    64    54    86
  170    38    28    60
  171    46    36    68
  172    28    18    49
  173    61    51    82
  174    65    55    86
  175    53    43    74
  176    70    60    91
  177    75    65    95
  178    66    56    86
  179    55    45    75
  180    76    66    96
  181    21    11    41
  182    62    52    82
  183    72    62    92
  184    30    20    50
  185    29    19    49
  186    52    42    71
  187    47    37    66
  188    48    38    67
  189    63    53    82
  190    47    37    66
  191    23    13    41
  192    65    55    83
  193    71    61    89
  194    52    42    70
  195    75    65    93
  196    30    20    47
  197    42    32    59
  198    60    50    76
  199    82    72    98
  200    31    21    47
  201    44    34    60
  202    52    42    68
  203    84    74    99
  204    56    46    71
  205    58    48    73
  206    78    68    93
  207    57    47    72
  208    83    73    98
  209    38    28    53
  210    78    68    93
  211    48    38    63
  212    81    71    95
  213    41    31    55
  214    79    69    93
  215    25    15    39
  216    78    68    92
  217    44    34    58
  218    78    68    92
  219    78    68    92
  220    64    54    78
  221    84    74    97
  222    16     6    29
  223    81    71    94
  224    17     7    30
  225    82    72    95
  226    18     8    31
  227    57    47    70
  228    81    71    94
  229    27    17    39
  230    79    69    91
  231    56    46    68
  232    39    29    51
  233    87    77    99
  234    53    43    64
  235    84    74    95
  236    55    45    66
  237    74    64    85
  238    49    39    60
  239    14     4    25
  240    40    30    51
  241    59    49    69
  242    38    28    48
  243    78    68    88
  244    20    10    30
  245    83    73    93
  246    37    27    46
  247    17     7    26
  248    52    42    61
  249    89    79    98
  250    43    33    52
  251    74    64    83
  252    85    75    94
  253    53    43    62
  254    63    53    72
  255    84    74    93
  256    38    28    46
  257    45    35    53
  258    26    16    34
  259    12     2    20
  260    89    79    97
  261    26    16    34
  262    54    44    62
  263    75    65    83
  264    61    51    69
  265    80    70    87
  266    60    50    67
  267    89    79    96
  268    29    19    36
  269    84    74    91
  270    61    51    68
  271    70    60    76
  272    70    60    76
  273    51    41    57
  274    41    31    47
  275    84    74    90
  276    35    25    41
  277    87    77    93
  278    29    19    35
  279    92    82    98
  280    33    23    39
  281    27    17    32
  282    79    69    84
  283    86    76    91
  284    72    62    77
  285    32    22    37
  286    31    21    36
  287    77    67    82
  288    52    42    57
  289    94    84    99
  290    65    55    70
  291    62    52    67
  292    19     9    24
  293    44    34    49
  294    47    37    51
  295    56    46    60
  296    72    62    76
  297    93    83    97
  298    95    85    99
  299    88    78    92
  300    64    54    67
  301    81    71    84
  302    50    40    53
  303    53    43    56
  304    74    64    76
  305    27    17    29
  306    84    74    86
  307    24    14    26
  308    85    75    87
  309    58    48    60
  310    43    33    45
  311    52    42    54
  312    39    29    41
  313    32    22    34
  314    60    50    62
  315    94    84    95
  316    79    69    80
  317    88    78    89
  318    98    88    99
  319    80    70    81
  320    22    12    23
  321    54    44    55
  322    82    72    83
  323    91    81    91
  324    60    50    60
  325    99    89    99
  326    90    80    90
  327    64    54    64
  328    60    50    60
  329    96    86    96
  330    99    89    99
  331    94    84    94
  332    18     8    18
  333    94    84    94
  334    80    70    80
  335    69    59    68
  336    81    71    80
  337    87    77    86
  338    98    88    97
  339    27    17    26
  340    69    59    68
  341    28    18    27
  342    19     9    18
  343    15     5    14
  344    68    58    67
  345    62    52    61
  346    99    89    98
  347    60    50    58
  348    95    85    93
  349    31    21    29
  350    83    73    81
  351    92    82    90
  352    94    84    92
  353    93    83    91
  354    95    85    93
  355    97    87    95
  356    31    21    29
  357    83    73    81
  358   100    90    98
  359    48    38    46
  360    95    85    92
  361   100    90    97
  362    42    32    39
  363    70    60    67
  364    88    78    85
  365    79    69    76
  366   101    91    98
  367    92    82    89
  368    55    45    51
  369    97    87    93
  370    90    80    86
  371    79    69    75
  372    89    79    85
  373    96    86    92
  374    58    48    54
  375    83    73    79
  376   101    91    97
  377    75    65    71
  378    71    61    66
  379    97    87    92
  380    65    55    60
  381    86    76    81
  382    86    76    81
  383    46    36    41
  384    90    80    85
  385    73    63    68
  386   103    93    98
  387    95    85    90
  388    99    89    94
  389    90    80    85
  390   102    92    97
  391   101    91    96
  392    89    79    84
  393    21    11    16
  394    74    64    69
  395    91    81    86
  396    77    67    71
  397   103    93    97
  398   105    95    99
  399   101    91    95
  400    13     3     7
  401    82    72    76
  402   104    94    98
  403   105    95    99
  404    97    87    91
  405    98    88    92
  406    98    88    92
  407   103    93    97
  408   105    95    99
  409   105    95    99
  410    84    74    78
  411    93    83    87
  412    88    78    82
  413    71    61    65
  414    98    88    92
  415   103    93    97
  416    81    71    75
  417    30    20    24
  418    94    84    88
  419    93    83    86
  420    96    86    89
  421    97    87    90
  422    87    77    80
  423   106    96    99
  424   106    96    99
  425   102    92    95
  426   102    92    95
  427    99    89    92
  428    99    89    92
  429    76    66    69
  430   106    96    99
  431    78    68    71
  432   104    94    97
  433   101    91    94
  434   100    90    93
  435   106    96    98
  436   106    96    98
  437    79    69    71
  438    74    64    66
  439   106    96    98
  440    72    62    64
  441    47    37    39
  442   104    94    96
  443   106    96    98
  444   100    90    92
  445   105    95    97
  446   100    90    92
  447    63    53    55
  448   102    92    94
  449   105    95    97
  450   103    93    95
  451    77    67    69
  452    65    55    56
  453   106    96    97
  454   100    90    91
  455   108    98    99
  456    99    89    90
  457   107    97    98
  458    26    16    17
  459   108    98    99
  460    54    44    45
  461    19     9    10
  462   108    98    99
  463    93    83    84
  464   110   100   100
  465   104    94    94
  466   102    92    92
  467    63    53    53
  468    72    62    62
  469    80    70    70
  470    99    89    89
  471    89    79    79
  472   108    98    98
  473   109    99    99
  474    38    28    28
  475   109    99    99
  476   109    99    99
  477    24    14    14
  478   105    95    95
  479    79    69    69
  480   110   100   100
  481   109    99    99
  482   109    99    99
  483    87    77    77
  484   106    96    96
  485    88    78    78
  486    94    84    84
  487   110   100   100
  488   109    99    99
  489   110   100   100
  490   103    93    93
  491   107    97    97
  492   110   100   100
  493   107    97    97
  494   105    95    95
  495   109    99    99
  496    42    32    32
  497   109    99    99
  498    75    65    65
  499    68    58    58
  100