  100
    0     8     8    99
    1    20    20    98
    2    15    15    90
    3    12    12    87
    4    20    20    86
    5    33    33    99
    6    14    14    79
    7    35    35    99
    8    24    24    87
    9    15    15    78
   10    35    35    97
   11    36    36    97
   12    30    30    90
   13     1     1    59
   14    38    38    95
   15     2     2    58
   16    35    35    89
   17    44    44    98
   18    30    30    81
   19     3     3    53
   20    49    49    99
   21    47    47    94
   22    40    40    86
   23    38    38    82
   24     4     4    46
   25    17    17    58
   26    53    53    94
   27    39    39    78
   28    12    12    50
   29    49    49    86
   30    12    12    48
   31    23    23    58
   32    34    34    68
   33     3     3    36
   34    44    44    75
   35    67    67    95
   36    20    20    48
   37    50    50    77
   38    52    52    79
   39    62    62    88
   40    31    31    55
   41    44    44    68
   42    76    76    99
   43    53    53    76
   44    68    68    89
   45    73    73    93
   46    31    31    50
   47    42    42    59
   48    36    36    53
   49    65    65    82
   50    60    60    76
   51    72    72    88
   52    51    51    66
   53    82    82    97
   54    60    60    74
   55    54    54    67
   56    65    65    78
   57     2     2    14
   58    86    86    97
   59    74    74    85
   60    88    88    99
   61    59    59    70
   62     5     5    15
   63    48    48    58
   64    82    82    92
   65    86    86    95
   66    20    20    29
   67    63    63    71
   68    21    21    29
   69     1     1     9
   70    81    81    89
   71    76    76    83
   72    89    89    96
   73    77    77    84
   74    64    64    71
   75    46    46    52
   76    89    89    95
   77    59    59    65
   78    84    84    90
   79    86    86    92
   80    73    73    79
   81    61    61    66
   82    94    94    99
   83    59    59    64
   84    43    43    48
   85    93    93    97
   86    92    92    96
   87    95    95    99
   88    74    74    78
   89    36    36    40
   90    96    96    99
   91     9     9    12
   92    24    24    26
   93    80    80    82
   94    89    89    90
   95    25    25    26
   96    93    93    94
   97    94    94    95
   98   100   100   100
   99   100   100   100
  100