 1000
    0    93     4    95
    1   100     6    96
    2     2    10    98
    3     5    12    98
    4    11     8    94
    5    55    14    99
    6    39     4    89
    7    82     9    93
    8    72     9    93
    9    70     6    88
   10    24    15    97
   11    59    17    98
   12    67    17    98
   13    75     2    83
   14    76     6    86
   15    10    17    97
   16    82     3    82
   17    11    15    93
   18    24    12    90
   19     1     4    81
   20     5    20    97
   21    86    22    99
   22    89    19    95
   23    13    16    92
   24     8     1    77
   25    90    10    86
   26    64     2    77
   27    43    15    90
   28    85     9    84
   29    47    16    90
   30    88     1    75
   31    63     3    77
   32    59    19    92
   33    32     4    77
   34     4    17    90
   35    82     1    74
   36    79    24    96
   37    42    23    95
   38    66     5    76
   39    36     8    79
   40    31    22    93
   41    18    20    91
   42     1    12    82
   43    22    22    91
   44    85    14    83
   45    96    21    90
   46    64    18    87
   47    71     3    72
   48    73    17    85
   49    14    17    85
   50    32     8    76
   51    87     8    75
   52    25    20    87
   53    26    14    81
   54    22     9    76
   55    26    13    79
   56    34    18    84
   57    19    15    81
   58    68    23    89
   59    60    26    92
   60    53    15    81
   61     6    31    97
   62    14    27    93
   63    60     6    72
   64    64    29    94
   65    56    16    81
   66    57    16    81
   67    75    30    95
   68    37     7    72
   69    71     9    73
   70    62    28    92
   71    90    22    86
   72    76    18    82
   73    51    25    89
   74    25    19    83
   75    15     8    71
   76    15    20    83
   77     1    27    89
   78    81    10    72
   79     2    18    80
   80     3    28    90
   81    64    37    99
   82    65    28    89
   83     6    28    89
   84    17    21    82
   85    55    10    71
   86    29    10    71
   87    82     9    70
   88    47    15    75
   89    12    35    95
   90    32    22    81
   91    52    20    79
   92    39    11    70
   93    91    18    76
   94    42    41    99
   95    53     7    65
   96     6     5    63
   97    73    31    88
   98    21    19    76
   99    35    31    88
  100    62    35    92
  101    36     5    62
  102    67     1    58
  103    48    21    78
  104     1     5    62
  105    76    28    84
  106    10     8    64
  107    62     4    60
  108    49    38    93
  109    38    36    91
  110    95    29    84
  111    59    24    79
  112    32    14    69
  113    44     8    63
  114    11     3    58
  115    78    16    71
  116    55    39    94
  117    77    23    77
  118    69    39    93
  119    69    35    89
  120    29    22    76
  121     6    39    93
  122    61    31    85
  123    46    43    96
  124    46    39    92
  125    67    24    77
  126    13    37    90
  127     5    19    72
  128    95    13    66
  129    23    33    85
  130    63    19    71
  131    71    44    96
  132    94     7    59
  133    70    47    99
  134    94     9    61
  135    25    33    85
  136    47    17    69
  137    55    40    91
  138    91    22    73
  139    71    31    82
  140    76    26    77
  141     9     5    56
  142    82    44    95
  143    60    31    82
  144    41    28    79
  145    88    14    65
  146    30    18    69
  147    72    41    92
  148    32    22    72
  149    34     3    53
  150    69    41    91
  151    21    30    80
  152    15    35    85
  153    25    41    90
  154    69     6    55
  155    50    36    85
  156    49    17    66
  157    11    25    74
  158    54    39    88
  159   100    35    84
  160     4    41    89
  161    99    31    79
  162     7     2    50
  163    50    24    72
  164    99    14    62
  165    57    29    77
  166    46    16    64
  167    39     1    48
  168    85    47    94
  169    85     6    53
  170    97    20    67
  171    40    47    93
  172    23    41    87
  173    67    27    73
  174    54    38    84
  175    30    51    97
  176    63    35    81
  177    66    50    95
  178    45    21    66
  179    98    31    76
  180    25     7    52
  181    42     7    52
  182    34    21    66
  183    48    14    59
  184    33    37    82
  185    50    25    70
  186    28     7    52
  187    57    45    90
  188    40    32    76
  189     6    51    95
  190    31     3    47
  191    80    53    97
  192    52    49    93
  193    22    36    80
  194    51    21    64
  195    51     1    44
  196    90    46    89
  197    64    29    71
  198     6    25    67
  199    75    35    77
  200    70    26    68
  201    76    55    97
  202    40    10    52
  203    13     2    44
  204    47    36    78
  205    14    43    85
  206    16    46    87
  207    61    20    61
  208    60    55    96
  209    11    46    87
  210    38    25    66
  211    37    49    90
  212    73     2    43
  213    37    24    65
  214    91    16    56
  215    74    25    65
  216    19    58    98
  217    61    33    73
  218    21     6    46
  219    56    10    50
  220    82    49    89
  221    12    24    63
  222    56    38    77
  223    67    57    96
  224     5    24    63
  225    16    39    78
  226    59    41    80
  227    26    24    63
  228    37    54    93
  229    72    25    64
  230     2    31    70
  231    90    47    86
  232    34    35    74
  233    10    37    76
  234    25    60    99
  235    13    51    90
  236    23    33    72
  237    87    55    93
  238    95    31    69
  239    81    37    75
  240    38    53    91
  241    43    57    95
  242    49    26    64
  243    41    14    52
  244    19    47    85
  245    63    18    55
  246    13    57    94
  247    63     5    42
  248    89    24    61
  249    60    43    80
  250    31    53    90
  251    78    48    85
  252    28    41    78
  253    50    18    55
  254    46    20    57
  255    89    39    76
  256    43    60    97
  257    88     9    45
  258    80    31    67
  259    68    13    49
  260    71    43    79
  261    84     4    40
  262    13    56    92
  263    39    10    46
  264    68    35    71
  265    63    63    98
  266    51    44    79
  267    73    10    45
  268    27    48    83
  269    88    44    79
  270    64    14    49
  271     9    54    89
  272    90    39    74
  273    45    43    77
  274    93    62    96
  275    67    61    95
  276    71    62    96
  277    24    55    88
  278    65    50    83
  279    29    40    73
  280    59    35    68
  281    37    24    57
  282    97    37    70
  283     8    60    93
  284    55    66    99
  285    83    63    96
  286    66    56    88
  287    89    27    59
  288    98    65    97
  289    84     3    35
  290     3    54    86
  291    14    10    42
  292    65    65    97
  293    79    62    94
  294    32    51    83
  295    39    33    65
  296     4    50    82
  297    78    31    63
  298    92    34    66
  299    65    47    79
  300    25    15    47
  301    91    13    44
  302    96    38    69
  303    50    47    78
  304    91    16    47
  305    80    12    43
  306    19    58    89
  307    55    37    68
  308    97    15    46
  309    30    61    92
  310    47    59    90
  311    51    59    90
  312    49    12    43
  313    44    58    89
  314     8    67    98
  315    44    47    77
  316    92    68    98
  317    17    42    72
  318    73    17    47
  319    28    54    84
  320    39    27    57
  321    69    64    94
  322     4    55    85
  323    23    34    64
  324    60    45    75
  325    97    55    85
  326    30    14    43
  327    55    53    82
  328    17    38    67
  329    33    56    85
  330    42    45    74
  331     9     8    37
  332    69    69    98
  333    52    62    91
  334    16     6    35
  335     7    24    53
  336    34    27    56
  337    14    47    76
  338    46    18    47
  339    46    27    56
  340    16    63    92
  341    27    46    75
  342     9    54    83
  343    15    67    96
  344    33    63    91
  345    13    54    82
  346    48    30    58
  347    70    61    89
  348     1    42    70
  349    39     8    36
  350    56    26    54
  351    76    14    42
  352    97    43    71
  353    88    14    42
  354    65    71    99
  355    29    51    79
  356    52    40    67
  357    39    38    65
  358    22    36    63
  359    81    56    83
  360    68    20    47
  361    28    71    98
  362    91    28    55
  363    61    30    57
  364    82    29    56
  365    68    58    85
  366    13    43    70
  367    90    37    64
  368    49    33    60
  369    42    69    96
  370    89    27    54
  371    42    12    38
  372    52    63    89
  373    65    25    51
  374     7    21    47
  375    98    70    96
  376    25    59    85
  377    97    11    37
  378    21    64    90
  379    18    71    97
  380    46    42    68
  381    17    23    49
  382    41    47    73
  383    21    31    57
  384    62    66    92
  385    66    41    67
  386     4    43    69
  387    66    19    44
  388    24    27    52
  389    96    30    55
  390     4    43    68
  391    45    47    72
  392    15    10    35
  393    34    61    86
  394    66    66    91
  395    93    14    39
  396    87    58    83
  397    10    47    72
  398    17    30    55
  399    53    61    86
  400    73    41    66
  401    58    20    44
  402    50    14    38
  403    29    29    53
  404    73     6    30
  405    96    72    96
  406    77    31    55
  407    39    34    58
  408    85     7    31
  409    42    47    71
  410    46    22    46
  411     1    68    92
  412    67    74    98
  413    21    15    39
  414    14    49    72
  415    23    41    64
  416    86    71    94
  417    87    60    83
  418    24    69    92
  419    24    73    96
  420    96    65    88
  421    20    74    97
  422    17    32    55
  423    18    17    40
  424    30    64    87
  425    68    69    92
  426    69     5    28
  427    53    52    75
  428    34    57    80
  429     1    12    34
  430     3    42    64
  431    10    50    72
  432    66    36    58
  433    15    75    97
  434    58    67    89
  435    49    35    57
  436    35    60    82
  437    66    75    97
  438    92    77    99
  439    27    70    92
  440    21    66    88
  441    44    22    44
  442    42    66    87
  443    23     7    28
  444    88    60    81
  445    83    39    60
  446    81    65    86
  447     9    57    78
  448    73    78    99
  449    27    39    60
  450    45    68    89
  451    63    77    98
  452    64    63    84
  453     9    54    75
  454    55    56    77
  455     4    42    63
  456    83    25    45
  457    52    25    45
  458    74    23    43
  459    34    43    63
  460    94    66    86
  461    83    22    42
  462    13    52    72
  463    47    66    86
  464    24    46    66
  465     6    69    89
  466     5    41    61
  467    44    45    65
  468   100    36    55
  469    77    62    81
  470     3    27    46
  471    27    31    50
  472     7    10    29
  473    65    77    96
  474    62    51    70
  475    74    80    99
  476    27    78    97
  477     4    80    99
  478    86    76    95
  479    36    80    99
  480    39    77    96
  481    13    53    72
  482    15    81    99
  483    68    56    74
  484    35    69    87
  485    88    25    43
  486    40    35    53
  487     6    51    69
  488    18     1    19
  489    61    18    36
  490    81    34    52
  491    19    53    71
  492    78    13    31
  493    56    69    87
  494     5     3    21
  495    64    49    67
  496    67    64    82
  497    48    80    98
  498    46    60    78
  499    59    53    70
  500     4    81    98
  501    33    11    28
  502    88    36    53
  503   100    70    87
  504    43    37    54
  505    61    40    57
  506    48    77    94
  507    58    66    83
  508    92     8    25
  509    35    77    94
  510    85    33    50
  511    79    66    83
  512    80     3    20
  513    59    39    56
  514    38    53    70
  515    54    76    92
  516    96    34    50
  517     4    34    50
  518    78    51    67
  519     4    56    72
  520    12    34    50
  521    82    82    98
  522    47    53    69
  523    76    38    54
  524    62    44    60
  525    21    58    74
  526    74    77    93
  527     8    65    81
  528    40    83    98
  529    39    69    84
  530    76    42    57
  531    30    58    73
  532    72    54    69
  533    79    80    95
  534    82    23    38
  535     6    27    42
  536    24    24    39
  537    31    26    41
  538    18    81    96
  539    41    83    98
  540    71    80    95
  541    53    76    91
  542    44    50    65
  543    78    84    99
  544    71    66    81
  545    40    46    60
  546    38    12    26
  547    41    31    45
  548    10    67    81
  549    31    56    70
  550    97    71    85
  551    56    66    80
  552    66    61    75
  553    66    13    27
  554    75    72    86
  555     7    59    73
  556    31    62    76
  557    10    29    43
  558    51    35    49
  559    42    50    64
  560    62    81    95
  561    60    55    69
  562    59    16    30
  563    41     5    19
  564    65    50    64
  565    36    54    67
  566    78    79    92
  567    82    76    89
  568    31    20    33
  569    99    81    94
  570    26    83    96
  571    57    17    30
  572    41    33    46
  573    65    23    36
  574    67    81    94
  575    34    68    81
  576    82    35    48
  577    30    85    98
  578    40     2    15
  579    64    40    53
  580     9    84    97
  581     4    44    57
  582    26    86    99
  583    31    18    31
  584    51    61    74
  585     5    84    97
  586    19    86    99
  587    74    48    61
  588    34    63    76
  589    91    84    97
  590     6    72    85
  591    11     4    16
  592    30    64    76
  593    62    58    70
  594    96    57    69
  595    26    11    23
  596   100    84    96
  597     2    23    35
  598    14    74    86
  599    93    76    88
  600     5    76    88
  601    63    83    95
  602    37    42    54
  603    16    80    92
  604    13    37    49
  605    36    86    98
  606     8    68    80
  607    87    74    86
  608    81    44    56
  609     8    64    76
  610    79    36    48
  611    31    87    99
  612    65    71    83
  613    23    33    45
  614    64    16    28
  615    17    14    26
  616    65    12    24
  617    66    62    73
  618    25    39    50
  619    23    40    51
  620     2    70    81
  621    10    75    86
  622    56    42    53
  623    95    59    70
  624    27    84    95
  625    97    24    35
  626    93    54    65
  627    95    82    93
  628     4    58    69
  629    25    66    77
  630    91    70    81
  631    10    78    89
  632    28    74    85
  633    78    68    79
  634    19    85    96
  635    64    80    91
  636    93    77    88
  637    19    81    92
  638    49    85    96
  639    60     8    18
  640    75    78    88
  641    78    65    75
  642    88    43    53
  643    44    79    89
  644    70    74    84
  645    26    25    35
  646    63    87    97
  647    96    81    91
  648     6    51    61
  649    21    31    41
  650    60    81    91
  651    37    70    80
  652    41    36    46
  653    11    55    65
  654    62    70    80
  655    70    64    74
  656    13    87    97
  657    99    85    95
  658     1    14    24
  659     3    41    51
  660    17    89    99
  661    52    74    84
  662    85    28    37
  663    76    60    69
  664    32    54    63
  665     4    54    63
  666    99    82    91
  667    62    86    95
  668    91    79    88
  669    93    47    56
  670    15    72    81
  671    73     1    10
  672    17    88    97
  673    16    87    96
  674    11    90    99
  675    61    51    60
  676    77    77    86
  677    76    62    71
  678    66     7    16
  679    35    34    43
  680    92    40    49
  681    52    40    49
  682    64    53    62
  683    62    13    21
  684    86    79    87
  685    48    91    99
  686    50    56    64
  687    30    68    76
  688    43    47    55
  689    35    71    79
  690    70     3    11
  691    82    52    60
  692    26    90    98
  693    37    27    35
  694    23    28    36
  695    13    82    90
  696     2    19    27
  697    62    32    40
  698    19    26    34
  699    84    22    30
  700    13    46    54
  701    77    47    55
  702    82    76    84
  703    34    17    25
  704    44    63    71
  705    58    70    78
  706    10    87    95
  707    22    91    99
  708    81    30    38
  709     9    17    25
  710     5    58    65
  711    90    87    94
  712    78    13    20
  713     9    46    53
  714    46    89    96
  715    33    92    99
  716    23    64    71
  717    44    53    60
  718    74    77    84
  719     6    91    98
  720    76    91    98
  721    91    70    77
  722    64    74    81
  723    49    91    98
  724    95    53    60
  725    65    92    99
  726    90    72    79
  727    57     5    12
  728    53    41    48
  729    26    50    57
  730    64    86    93
  731    51    90    97
  732    89    56    63
  733    49    45    52
  734    16    92    99
  735    13    55    62
  736    32    55    62
  737    96    89    96
  738    36    53    60
  739    44    88    95
  740    33    83    90
  741    47    12    19
  742    26    38    45
  743    78    39    45
  744    20    90    96
  745    85    83    89
  746    24    88    94
  747    38    86    92
  748     3    81    87
  749    92    83    89
  750    41    48    54
  751    41    92    98
  752    38    21    27
  753    27    85    91
  754    82    65    71
  755    53    83    89
  756    64    86    92
  757    39    71    77
  758    84    80    86
  759    96    70    76
  760    16    74    80
  761    89    30    36
  762    43     4    10
  763     7    92    98
  764    10    78    84
  765    72    70    76
  766    39    66    72
  767    53    91    97
  768     6    69    75
  769    31    81    87
  770    64    92    98
  771    54    88    94
  772   100    87    93
  773     2    84    89
  774    39    18    23
  775    82    92    97
  776    22    76    81
  777    34    92    97
  778    38     5    10
  779     3    84    89
  780    79    94    99
  781    51     1     6
  782    13    93    98
  783    56    78    83
  784    45    77    82
  785    73    77    82
  786    84    89    94
  787    72    87    92
  788    51    83    88
  789    81    88    93
  790    74    75    80
  791    70    77    82
  792    90    61    66
  793    78    17    22
  794    83    69    74
  795    67    94    99
  796    75    89    94
  797    64    14    19
  798    85    83    88
  799    32    85    90
  800    96    85    90
  801     9    88    93
  802    80    87    92
  803    59    55    59
  804    28    95    99
  805    82    93    97
  806    96    80    84
  807    67    57    61
  808    85    74    78
  809    58    87    91
  810    81    92    96
  811    33    82    86
  812    90    62    66
  813    38    73    77
  814    83    23    27
  815    90    57    61
  816    49    75    79
  817    72    86    90
  818    23    78    82
  819    75    26    30
  820    61    27    31
  821    91    92    96
  822    34    91    95
  823    17    85    89
  824    46    81    85
  825    19    93    97
  826    23    93    97
  827    15    79    83
  828    17    67    71
  829     1    40    44
  830     1    87    91
  831    86    92    96
  832     2    61    65
  833    38    25    29
  834    59    75    79
  835    69    92    96
  836    71    95    99
  837    48    26    30
  838    46    95    99
  839    79    82    86
  840    42    73    77
  841    41    92    96
  842    87    23    27
  843    20    92    96
  844    86    12    16
  845    12    81    85
  846    46    92    96
  847    86    95    98
  848    60    89    92
  849    22    83    86
  850     2    33    36
  851    62    87    90
  852    33    95    98
  853    43    74    77
  854    48    67    70
  855    83    88    91
  856    30    92    95
  857    67    95    98
  858    36    81    84
  859    71    96    99
  860    24    77    80
  861    76    27    30
  862    35    39    42
  863    60    35    38
  864    46    95    98
  865    56    49    52
  866    26    75    78
  867    60    91    94
  868    28    52    55
  869    87    93    96
  870    94    63    66
  871    57    66    68
  872    91    96    98
  873    32    96    98
  874    48    35    37
  875    19    93    95
  876    58    78    80
  877    13     6     8
  878    56    66    68
  879     1    77    79
  880    78    94    96
  881    51    90    92
  882    51    96    98
  883    60    60    62
  884    70    64    66
  885    20    97    99
  886    86    19    21
  887    89    92    94
  888    34    89    91
  889    46    87    89
  890    33    95    97
  891    30    68    70
  892    41    59    61
  893    34    97    99
  894    37    73    75
  895    33    96    98
  896    94    88    90
  897    91     4     6
  898    55    77    79
  899    85    92    94
  900    90    97    99
  901    52    83    85
  902    57    95    97
  903    81    83    85
  904    10    94    95
  905    74    47    48
  906    20    93    94
  907    28    19    20
  908     8    97    98
  909    15    82    83
  910     5    97    98
  911    87    89    90
  912    35    13    14
  913    84    91    92
  914    49    94    95
  915    52    71    72
  916    79    85    86
  917    59    42    43
  918     9    62    63
  919     9    70    71
  920    79    92    93
  921    93    68    69
  922    45    95    96
  923    38    89    90
  924    77     5     6
  925     4    89    90
  926    45    82    83
  927     4    76    77
  928    87    61    62
  929    56    92    93
  930    89    94    95
  931     8    68    69
  932    18    85    86
  933    46    73    74
  934    11    33    34
  935    99    85    86
  936    93    94    95
  937    80    83    84
  938    93    95    96
  939    32    72    73
  940    79    94    95
  941    86     6     7
  942    93    36    37
  943    30    55    56
  944    85    83    84
  945     6    98    99
  946    82    90    91
  947    63    93    94
  948    39    37    37
  949    82    88    88
  950    83   100   100
  951    82    50    50
  952    86    97    97
  953    63    97    97
  954    37    82    82
  955    36    95    95
  956    77   100   100
  957    66    28    28
  958    91    86    86
  959     8    81    81
  960    48    95    95
  961    37    23    23
  962    17    99    99
  963    62    99    99
  964    90   100   100
  965    59     7     7
  966    65    82    82
  967    65    85    85
  968    27    37    37
  969    23    91    91
  970    97   100   100
  971    38    96    96
  972    46    99    99
  973    27    99    99
  974    77   100   100
  975    94    97    97
  976    76    51    51
  977    57    99    99
  978    59   100   100
  979    34   100   100
  980    76    63    63
  981    89    95    95
  982    83    68    68
  983    30    39    39
  984    41    71    71
  985     3    99    99
  986    37    83    83
  987    59    24    24
  988    54    96    96
  989    23    82    82
  990    62    98    98
  991    93    99    99
  992    22    96    96
  993    71    73    73
  994     4    69    69
  995     6    70    70
  996    83    93    93
  997    48    94    94
  998    37    97    97
  999     6   100   100
  100