 1000
    0     1     1    97
    1     9     4    99
    2     1     3    97
    3     8     8    98
    4    16     8    98
    5     1     7    96
    6    11     2    91
    7    14    10    97
    8     1     1    88
    9     1     3    90
   10     6     3    90
   11     4     2    89
   12     1     1    87
   13     2     9    95
   14     4     9    95
   15     4    11    96
   16     2    12    95
   17     1     2    85
   18    19    15    97
   19    14    13    95
   20     3     2    84
   21    16    14    95
   22     2     5    86
   23     5    15    95
   24    15    12    92
   25     6     2    81
   26    12    15    94
   27     5     7    86
   28    21    20    98
   29    11     4    80
   30    11    18    93
   31     8    15    90
   32    20    15    90
   33    11    19    94
   34    20    22    97
   35     3    11    86
   36     9    16    91
   37    19    12    86
   38    28    24    97
   39    18    23    96
   40    17    14    87
   41    12     7    79
   42    19    18    89
   43    30    27    98
   44    16    16    86
   45    15    12    82
   46    32    26    96
   47     5    12    81
   48    23    28    97
   49     6     7    76
   50    14    14    83
   51    27    21    90
   52    19    25    93
   53     4     8    76
   54     1     3    71
   55    23    31    98
   56     1     1    68
   57    12    21    88
   58    23    15    82
   59    30    30    97
   60    24    19    85
   61    15    17    83
   62    11    17    83
   63    36    33    98
   64    21    14    79
   65    12    18    83
   66    21    27    91
   67    20    13    77
   68    14    13    77
   69    34    28    92
   70     1     4    68
   71    14    23    87
   72     6     2    66
   73     1     1    64
   74    29    35    98
   75    32    24    86
   76    30    30    92
   77    23    14    76
   78    30    33    95
   79    40    33    95
   80    40    36    97
   81    33    26    87
   82    22    32    93
   83    13     3    64
   84    41    39    99
   85    14    17    77
   86    14    14    74
   87    21    26    85
   88     2    10    68
   89    23    27    85
   90     1     1    59
   91    34    25    83
   92     1     4    61
   93    42    39    96
   94    24    28    85
   95     1     3    60
   96    26    25    82
   97    19    11    68
   98    16    18    74
   99    44    38    94
  100    10    18    74
  101    25    24    80
  102    27    35    91
  103    46    41    97
  104    35    37    93
  105    30    23    79
  106     3     2    57
  107    20    26    81
  108    32    27    82
  109    26    23    78
  110    21    12    67
  111    45    44    98
  112    31    24    78
  113    22    15    69
  114    23    27    80
  115    24    15    68
  116     2    12    65
  117    17    18    71
  118    39    44    96
  119     6     8    60
  120    26    26    78
  121    23    23    75
  122    46    43    95
  123    27    30    82
  124    30    30    81
  125    19    26    77
  126    44    46    97
  127    40    32    83
  128    27    23    74
  129    24    20    71
  130     7    17    68
  131     1     2    53
  132    39    32    83
  133    49    40    91
  134    35    30    80
  135    19    14    64
  136    29    32    82
  137    53    44    94
  138     1     1    51
  139    20    27    77
  140    24    15    65
  141    36    40    89
  142    41    45    94
  143     1     7    56
  144    47    50    99
  145    18    27    76
  146     4     9    58
  147    38    32    81
  148    49    50    98
  149     1     4    52
  150    53    46    94
  151    10     1    49
  152    46    45    93
  153    16    25    72
  154    18    18    65
  155    30    26    73
  156    52    52    99
  157    20    27    74
  158    29    31    77
  159    48    40    86
  160     1     1    47
  161    10     4    50
  162    52    51    97
  163    27    36    82
  164    21    25    70
  165    36    35    80
  166     9    10    55
  167    37    28    73
  168    49    44    89
  169    26    30    75
  170    43    50    95
  171    22    12    56
  172    56    55    99
  173    20    16    60
  174    56    52    96
  175     2     8    52
  176    20    13    57
  177    27    30    74
  178     8    17    60
  179     8     5    48
  180    42    40    83
  181    24    32    75
  182    48    48    91
  183    57    52    95
  184    49    51    94
  185    46    48    90
  186    39    39    81
  187    26    36    78
  188    36    39    81
  189    25    31    73
  190    52    57    99
  191    12    13    55
  192    12    15    57
  193    31    26    68
  194     8    18    60
  195     1     4    46
  196    55    57    99
  197    24    28    70
  198    46    46    87
  199    33    40    81
  200    43    41    82
  201    39    42    83
  202    37    41    82
  203    25    34    75
  204    24    32    73
  205    48    57    98
  206    26    24    65
  207    42    34    75
  208    34    44    85
  209    15    17    58
  210    25    26    67
  211    50    45    86
  212    37    34    74
  213     2     1    41
  214    19    16    56
  215     1     3    43
  216    56    52    92
  217    45    51    91
  218    24    33    73
  219    38    35    75
  220     6    12    51
  221    10     1    40
  222    42    48    87
  223    67    59    98
  224    24    28    67
  225    49    42    81
  226    28    24    63
  227    62    60    99
  228     6     4    43
  229    14    17    56
  230     6    14    52
  231    53    48    86
  232    15    16    54
  233    47    47    85
  234    57    60    98
  235     7     2    40
  236    25    15    53
  237    29    39    76
  238    38    48    85
  239    53    59    96
  240    25    17    54
  241     8    17    54
  242     1     1    38
  243    40    46    83
  244    47    57    93
  245    14    17    53
  246    27    18    54
  247    36    40    76
  248    61    54    90
  249    40    35    71
  250    44    53    89
  251     6     9    45
  252    51    60    96
  253    68    63    99
  254    16     8    44
  255    29    34    70
  256    25    31    66
  257    30    29    64
  258    53    43    78
  259    44    45    80
  260    55    45    80
  261    48    40    75
  262    58    52    87
  263    60    60    95
  264    25    33    68
  265    54    57    91
  266    55    64    98
  267    35    43    77
  268     1    10    44
  269    61    60    94
  270     4    12    46
  271    51    61    95
  272    34    29    63
  273    35    28    62
  274    55    63    97
  275    51    58    92
  276    31    28    62
  277    23    16    50
  278    44    45    79
  279    67    59    93
  280    52    48    82
  281    43    51    84
  282    34    32    65
  283    56    52    85
  284    47    56    89
  285    50    55    87
  286    19    13    45
  287    43    34    66
  288    67    61    93
  289    42    35    67
  290    61    61    93
  291    33    24    56
  292    16     9    41
  293    50    43    75
  294    68    64    96
  295     4     9    41
  296     1     1    33
  297    57    53    85
  298     8     1    33
  299    59    61    93
  300    70    62    93
  301    26    29    60
  302    64    67    98
  303    51    47    78
  304    18    23    54
  305    20    24    55
  306    55    48    79
  307    26    17    48
  308    59    49    79
  309    55    58    88
  310    20    12    42
  311    42    42    72
  312    26    32    62
  313     6    14    44
  314    65    57    87
  315    55    51    81
  316     1     2    32
  317     1     3    33
  318    60    65    95
  319    20    25    55
  320    30    26    56
  321     6    10    40
  322    60    57    86
  323     5    11    40
  324    40    39    68
  325    63    65    94
  326    30    26    55
  327    37    34    63
  328     1     1    30
  329    75    70    99
  330    23    29    58
  331    52    62    91
  332    37    46    75
  333    21    23    51
  334    36    42    70
  335    57    67    95
  336     8    18    46
  337    40    45    73
  338    17    10    38
  339    29    36    64
  340    26    33    61
  341    62    60    88
  342    54    59    87
  343    44    34    62
  344    66    60    88
  345    71    63    91
  346    40    46    74
  347    71    67    95
  348    17    26    54
  349     1     6    33
  350    10     5    32
  351    48    52    79
  352    61    61    88
  353    79    70    97
  354    58    64    91
  355    43    46    73
  356     3    11    38
  357    35    35    62
  358    56    60    87
  359    12     8    35
  360    36    45    71
  361    32    37    63
  362    57    65    91
  363    18    19    45
  364    47    39    65
  365    36    40    66
  366    42    36    62
  367     1     8    34
  368    66    65    91
  369     7     6    32
  370    77    73    99
  371    69    73    99
  372    68    72    98
  373    31    28    54
  374    58    57    83
  375    58    55    80
  376    40    32    57
  377    62    70    95
  378    81    71    96
  379    11     1    26
  380    39    41    66
  381    12    17    42
  382    20    25    50
  383    20    19    44
  384    78    69    94
  385    25    16    41
  386    44    37    62
  387     6     5    30
  388     6     6    31
  389    12    13    38
  390    31    35    60
  391    61    70    94
  392    28    24    48
  393    36    32    56
  394    66    68    92
  395    62    60    84
  396    53    44    68
  397    64    56    80
  398    19    19    43
  399    52    61    85
  400    60    50    74
  401    51    46    70
  402    30    22    46
  403    64    68    92
  404    44    45    69
  405    64    54    77
  406    49    50    73
  407    16    12    35
  408     6     2    25
  409    12    16    39
  410    60    61    84
  411    48    45    68
  412    25    21    44
  413    47    42    65
  414    54    56    78
  415    84    74    96
  416    63    53    75
  417    70    75    97
  418    59    59    81
  419     5     1    23
  420     1     2    24
  421    54    51    73
  422    70    77    99
  423    64    62    84
  424    81    71    93
  425    32    22    44
  426    25    29    51
  427    12     3    25
  428    72    74    96
  429    23    28    50
  430    68    61    83
  431    49    46    68
  432    76    77    98
  433    11    16    37
  434    41    48    69
  435    64    71    92
  436    43    52    73
  437    63    60    81
  438    59    69    90
  439    79    76    96
  440    41    35    55
  441    63    65    85
  442    11    17    37
  443    51    50    70
  444    77    73    93
  445    70    70    90
  446     5     3    23
  447    55    52    72
  448    41    49    69
  449    28    19    39
  450    39    42    62
  451    68    74    94
  452    25    35    55
  453    70    60    80
  454    27    26    46
  455    72    74    94
  456    55    47    67
  457    60    54    74
  458    29    35    54
  459     7    12    31
  460    79    72    91
  461     2     1    20
  462    66    67    86
  463    27    19    38
  464    78    72    91
  465    53    60    79
  466     3    13    32
  467    47    57    76
  468    28    35    54
  469    75    71    90
  470    25    21    40
  471    14    20    39
  472    58    60    79
  473    39    49    68
  474     4    14    33
  475    79    74    93
  476    77    70    89
  477     1     5    23
  478    24    17    35
  479    71    63    81
  480    61    68    86
  481    80    79    97
  482    65    61    79
  483    59    60    78
  484    51    59    77
  485    79    76    94
  486    36    46    64
  487    73    69    86
  488    74    74    91
  489    53    60    77
  490    72    80    97
  491    70    67    84
  492    58    61    78
  493    18    16    33
  494    63    58    75
  495     5    14    31
  496    76    82    99
  497    77    75    92
  498    89    80    97
  499    78    76    93
  500    13     5    22
  501    72    78    94
  502    19    17    33
  503    43    42    58
  504    24    30    46
  505    73    70    86
  506    76    80    96
  507    31    33    49
  508    77    69    85
  509    73    67    83
  510    85    77    93
  511    11     5    21
  512    80    75    91
  513    93    83    99
  514     8     6    22
  515    61    61    77
  516    32    31    47
  517    12    20    36
  518    73    82    98
  519    82    74    90
  520    40    44    60
  521    53    51    67
  522    67    76    92
  523    31    31    46
  524    64    64    79
  525    10    13    28
  526    42    41    56
  527    83    80    95
  528    54    60    75
  529    58    58    73
  530    80    82    97
  531    57    63    78
  532    78    83    98
  533    43    45    60
  534    82    81    96
  535    46    53    68
  536    81    80    95
  537    24    29    44
  538    79    75    90
  539     7     6    21
  540    65    75    90
  541    28    38    53
  542    81    73    88
  543    51    45    60
  544    15     9    24
  545    61    53    68
  546    13     8    22
  547    65    69    83
  548    20    26    40
  549    10     8    22
  550    75    75    89
  551     1     8    22
  552    63    60    74
  553    88    81    95
  554    13    12    26
  555    52    47    61
  556    67    67    81
  557    51    54    68
  558    52    52    66
  559    31    37    51
  560    12    12    26
  561    80    79    93
  562    57    64    78
  563    79    75    89
  564    46    43    57
  565    68    78    91
  566    67    71    84
  567    82    77    90
  568    91    86    99
  569    24    31    44
  570    33    25    38
  571    76    74    87
  572    51    50    63
  573    51    54    67
  574    83    76    89
  575    74    84    97
  576    67    62    75
  577    56    56    69
  578    62    68    81
  579    83    81    94
  580    78    72    85
  581    93    87    99
  582    47    42    54
  583    72    80    92
  584    88    81    93
  585    73    65    77
  586     1     8    20
  587    55    57    69
  588    83    73    85
  589    34    32    44
  590    64    72    84
  591    62    66    78
  592    62    63    75
  593    56    47    59
  594    70    73    84
  595    86    78    89
  596    50    53    64
  597    78    77    88
  598    79    80    91
  599    11     7    18
  600    26    32    43
  601    68    60    71
  602    83    83    94
  603    83    76    87
  604    43    52    63
  605    62    66    77
  606    52    57    68
  607    30    25    36
  608    87    82    93
  609    62    67    78
  610    70    79    90
  611    83    86    97
  612    44    40    51
  613    76    84    95
  614    63    65    76
  615    48    46    57
  616    91    86    97
  617    26    35    46
  618    35    40    51
  619    62    59    69
  620    55    51    61
  621    83    88    98
  622     2     8    18
  623    85    82    92
  624    57    55    65
  625    77    87    97
  626    64    59    69
  627    66    76    86
  628    82    83    93
  629    72    65    75
  630    22    14    24
  631    47    37    47
  632    92    86    96
  633    83    88    98
  634    89    83    93
  635    85    84    93
  636    52    57    66
  637    93    89    98
  638    81    78    87
  639    50    46    55
  640    76    80    89
  641    56    62    71
  642    78    68    77
  643    74    66    75
  644    69    60    69
  645    42    48    57
  646    26    27    36
  647    43    44    53
  648     4     3    12
  649    28    34    43
  650    47    46    55
  651    87    89    98
  652    95    85    94
  653    72    74    83
  654    70    80    89
  655    72    77    86
  656     1     9    18
  657    38    36    45
  658     9     9    18
  659    87    81    90
  660    47    49    58
  661    43    42    51
  662    74    82    90
  663    64    72    80
  664    71    61    69
  665    16    22    30
  666    70    67    75
  667    83    87    95
  668    77    80    88
  669    67    73    81
  670    73    83    91
  671    25    30    38
  672    50    54    62
  673    63    72    80
  674     7    16    24
  675    65    58    66
  676    56    64    72
  677    32    30    38
  678    73    68    76
  679    96    88    96
  680    79    78    86
  681    80    84    92
  682    81    82    90
  683    81    89    97
  684    77    79    87
  685    72    76    84
  686    37    46    54
  687    71    81    89
  688    23    18    26
  689    76    76    84
  690    10    13    21
  691    79    72    80
  692    72    78    85
  693    63    71    78
  694    70    73    80
  695    56    60    67
  696    75    81    88
  697    82    85    92
  698    85    88    95
  699    20    20    27
  700    86    84    91
  701    69    69    76
  702    86    88    95
  703    86    88    95
  704    85    84    91
  705    18    11    18
  706    56    50    57
  707    45    37    44
  708    80    74    81
  709    50    55    62
  710    30    38    45
  711    72    71    78
  712    21    12    19
  713    38    42    49
  714    79    87    94
  715    22    24    31
  716    68    65    72
  717    75    79    86
  718    37    44    51
  719    88    91    98
  720    28    24    31
  721    90    84    91
  722    97    87    93
  723    71    72    78
  724    82    81    87
  725    81    84    90
  726   101    93    99
  727    75    80    86
  728    60    57    63
  729    45    55    61
  730    85    89    95
  731    54    51    57
  732    68    77    83
  733    85    76    82
  734    82    87    93
  735    77    74    80
  736    90    93    99
  737    19    29    35
  738    99    92    98
  739    63    55    61
  740    22    26    32
  741     5     1     7
  742    70    80    86
  743     8    11    17
  744    34    30    36
  745    52    61    67
  746    81    82    88
  747    90    84    90
  748    81    89    95
  749    72    72    78
  750    84    74    80
  751    30    38    43
  752    58    62    67
  753    88    86    91
  754    79    87    92
  755    37    32    37
  756    82    92    97
  757    84    83    88
  758    39    48    53
  759    42    52    57
  760    51    41    46
  761    86    87    92
  762    94    86    91
  763    82    90    95
  764    17    26    31
  765    72    68    73
  766    73    74    79
  767    58    58    63
  768   103    93    98
  769    98    92    97
  770    84    78    83
  771    39    34    39
  772    81    77    82
  773    56    56    61
  774    88    94    99
  775    93    91    96
  776    96    91    96
  777    35    34    39
  778    90    92    97
  779    83    79    84
  780    34    27    32
  781    86    90    94
  782    70    64    68
  783    22    15    19
  784    97    87    91
  785    90    88    92
  786    83    80    84
  787    45    53    57
  788    94    94    98
  789    81    78    82
  790    92    95    99
  791    95    95    99
  792    61    63    67
  793    95    95    99
  794    64    61    65
  795   101    93    97
  796    87    78    82
  797    93    91    95
  798    74    81    85
  799    86    95    99
  800   101    93    97
  801    79    71    75
  802    50    43    47
  803    28    36    40
  804    65    71    75
  805    83    88    92
  806    99    95    99
  807   102    92    96
  808    65    72    76
  809    94    90    94
  810    29    32    36
  811    88    86    90
  812   101    92    96
  813    55    51    55
  814    57    47    51
  815    42    46    50
  816    79    78    82
  817    37    38    41
  818   103    95    98
  819    84    89    92
  820    92    95    98
  821    89    87    90
  822     8     4     7
  823    89    93    96
  824    74    81    84
  825    62    61    64
  826    58    56    59
  827    94    84    87
  828    88    90    93
  829    94    96    99
  830    67    70    73
  831    71    76    79
  832    92    89    92
  833   105    95    98
  834    84    91    94
  835    77    69    72
  836    92    83    86
  837    94    89    92
  838    79    83    86
  839    92    94    97
  840   101    94    97
  841     7     8    11
  842    96    94    97
  843    47    53    56
  844    54    56    59
  845    22    12    15
  846    66    61    63
  847    87    88    90
  848    82    78    80
  849    90    97    99
  850    97    94    96
  851    85    83    85
  852    81    89    91
  853    85    92    94
  854    74    77    79
  855   103    94    96
  856    96    90    92
  857   100    90    92
  858    87    89    91
  859    59    68    70
  860   104    94    96
  861    82    84    86
  862   103    95    97
  863    75    78    80
  864    47    49    51
  865   101    96    98
  866   104    95    97
  867    94    89    91
  868    67    64    66
  869    33    31    33
  870    91    93    95
  871    60    66    68
  872    15    22    24
  873   103    95    97
  874    94    85    87
  875    87    95    97
  876    76    83    85
  877    85    94    96
  878    21    25    27
  879    94    88    90
  880    60    63    65
  881     3    13    15
  882    69    68    70
  883    71    71    73
  884    25    20    22
  885    82    80    82
  886    90    97    99
  887    36    37    38
  888    21    16    17
  889    84    80    81
  890    91    82    83
  891    82    79    80
  892    89    80    81
  893   102    95    96
  894   103    97    98
  895    95    95    96
  896    72    81    82
  897   100    92    93
  898    88    94    95
  899    79    77    78
  900    99    95    96
  901    95    97    98
  902    56    65    66
  903    55    60    61
  904    81    84    85
  905    81    89    90
  906    75    70    71
  907    80    87    88
  908    32    28    29
  909   103    97    98
  910    63    71    72
  911    98    89    90
  912    88    91    92
  913    27    19    20
  914    57    61    62
  915    59    64    65
  916    86    90    91
  917    30    40    41
  918    98    91    92
  919   105    98    99
  920   105    98    99
  921   100    98    99
  922    82    89    90
  923    79    87    88
  924    63    68    69
  925    56    55    56
  926    87    93    94
  927    86    87    88
  928    42    38    39
  929    90    93    94
  930    94    98    99
  931    41    44    45
  932    59    49    50
  933   100    99    99
  934   100    98    98
  935    67    76    76
  936    94    91    91
  937   107    99    99
  938   104   100   100
  939   109    99    99
  940    74    72    72
  941    37    47    47
  942   101    98    98
  943     8    14    14
  944    92    90    90
  945    95    99    99
  946    83    86    86
  947   110   100   100
  948    78    75    75
  949    91    83    83
  950    14    13    13
  951    85    93    93
  952    94    84    84
  953   101   100   100
  954    73    67    67
  955   109    99    99
  956   102    92    92
  957   102   100   100
  958    93    99    99
  959   105    95    95
  960    88    86    86
  961    98    95    95
  962    96    99    99
  963    93    99    99
  964    99    99    99
  965   106    99    99
  966    89    82    82
  967   105    98    98
  968    93   100   100
  969    88    92    92
  970    94    99    99
  971   100    93    93
  972    99    97    97
  973   106    99    99
  974    75    81    81
  975    97    95    95
  976    93    93    93
  977    80    83    83
  978    92    94    94
  979    77    72    72
  980    96    96    96
  981    63    54    54
  982    94    91    91
  983   108    99    99
  984    57    58    58
  985    32    41    41
  986   109    99    99
  987    25    21    21
  988   107    98    98
  989    71    70    70
  990    96    99    99
  991    98    95    95
  992    84    86    86
  993    83    90    90
  994    91   100   100
  995    47    37    37
  996    14    14    14
  997    94    95    95
  998    91    99    99
  999    93    84    84
  100