  100
    0     5    15    91
    1     8    18    94
    2    15    25    93
    3    19    29    96
    4    21    31    94
    5     1    11    73
    6    29    39    99
    7    19    29    88
    8    24    34    90
    9     2    12    67
   10    26    36    91
   11    13    23    76
   12    35    45    97
   13    25    35    86
   14     6    16    63
   15    20    30    74
   16    36    46    88
   17    45    55    96
   18    38    48    89
   19    48    58    96
   20    38    48    84
   21    47    57    90
   22    51    61    92
   23    36    46    74
   24    15    25    53
   25     9    19    44
   26     8    18    43
   27     8    18    39
   28    57    67    88
   29    30    40    60
   30    40    50    68
   31    56    66    83
   32    16    26    43
   33    72    82    99
   34    25    35    50
   35    53    63    78
   36    40    50    65
   37    57    67    81
   38    65    75    89
   39    12    22    35
   40    70    80    93
   41    31    41    54
   42     6    16    28
   43    49    59    71
   44    55    65    77
   45    27    37    49
   46    66    76    88
   47    34    44    56
   48    58    68    80
   49    23    33    44
   50    67    77    88
   51    18    28    38
   52    66    76    86
   53    74    84    94
   54    76    86    95
   55    74    84    93
   56    72    82    91
   57    20    30    39
   58    79    89    97
   59    71    81    89
   60    41    51    59
   61    65    75    83
   62    80    90    98
   63    76    86    93
   64    47    57    63
   65    17    27    33
   66    55    65    71
   67    82    92    98
   68    68    78    83
   69     9    19    24
   70    83    93    98
   71    68    78    82
   72    72    82    86
   73    82    92    95
   74    60    70    73
   75    69    79    82
   76    80    90    93
   77    40    50    51
   78    85    95    96
   79    87    97    98
   80    88    98    99
   81    82    92    93
   82    94   100   100
   83    88    98    98
   84    92   100   100
   85    90   100   100
   86    98   100   100
   87    91   100   100
   88    89    99    99
   89    94   100   100
   90    88    98    98
   91    87    97    97
   92    95   100   100
   93    92   100   100
   94    91   100   100
   95    93   100   100
   96   100   100   100
   97    89    99    99
   98    93   100   100
   99    93   100   100
  100