 1000
    0     1     3    95
    1     3     4    94
    2     2     1    90
    3     8     9    98
    4     6     8    96
    5     1     1    88
    6    12    10    94
    7    16     7    89
    8     1     7    88
    9    24    17    97
   10     7    17    97
   11    19    16    95
   12    21    11    90
   13     3     6    83
   14    12    11    88
   15     1     1    77
   16     7    12    87
   17    29    24    98
   18     1    10    84
   19    10    14    88
   20     9     9    82
   21    14    11    84
   22     8     4    77
   23    22    20    93
   24    29    26    99
   25     6     7    80
   26    34    26    99
   27     4    11    84
   28    19    23    96
   29    10    11    84
   30    36    26    98
   31     4     4    76
   32     8    13    85
   33     4     6    77
   34    18    11    82
   35     3     5    76
   36     2    12    83
   37    15    16    86
   38    25    25    95
   39    15    22    92
   40    27    20    89
   41    20    23    92
   42    18    13    82
   43    22    20    89
   44    29    25    94
   45     1     4    72
   46     9    12    80
   47    33    23    91
   48    25    26    94
   49    19    29    97
   50    30    28    96
   51    34    27    95
   52    18    25    93
   53    16    20    87
   54     5     7    74
   55    21    14    81
   56     3     6    73
   57     1     8    75
   58    31    32    99
   59    15    16    82
   60     1     3    69
   61    28    19    85
   62    10     3    69
   63    15    21    86
   64    36    32    97
   65     8    16    81
   66     6    15    80
   67    18    25    90
   68    17     7    71
   69    36    32    96
   70     1     2    66
   71    44    35    98
   72    15     5    68
   73    34    28    91
   74     7    17    80
   75    11     9    71
   76    13     6    68
   77    33    23    85
   78    38    28    90
   79     9    10    71
   80     7    14    75
   81    13    18    79
   82     4     9    70
   83     6     1    62
   84    10    16    76
   85    11    19    79
   86    28    31    91
   87    30    20    80
   88    12    22    81
   89    32    40    99
   90    30    22    81
   91    45    40    99
   92    18    28    87
   93    38    41    99
   94    12    15    73
   95    45    39    97
   96    19    18    76
   97    24    23    81
   98    39    33    91
   99    25    15    73
  100    11    13    70
  101    46    36    93
  102     1     1    58
  103    25    28    85
  104     6    10    67
  105    25    25    82
  106    10    11    68
  107    36    37    94
  108     5     3    59
  109    28    22    78
  110    28    33    89
  111    14    19    75
  112    42    33    89
  113    39    37    93
  114    41    42    97
  115    35    34    89
  116     8    11    66
  117    26    28    83
  118    13    22    77
  119    21    19    73
  120    18    21    75
  121    42    39    93
  122     3    13    67
  123    24    17    70
  124    26    27    80
  125    20    13    65
  126    11     8    60
  127    46    43    95
  128    18    10    62
  129    45    47    99
  130     1     3    55
  131    43    45    96
  132    10    13    64
  133     6    12    63
  134    41    46    97
  135    33    35    86
  136    20    24    75
  137    32    24    75
  138    26    25    76
  139    28    27    78
  140    31    29    80
  141    55    47    98
  142     3     9    60
  143    44    43    94
  144    22    24    75
  145    34    28    78
  146     5     3    53
  147    10     7    57
  148    27    33    83
  149    17    14    64
  150    21    22    72
  151    39    32    82
  152     1     7    57
  153     4    14    64
  154    54    46    96
  155    45    42    92
  156     1     4    54
  157    25    20    70
  158    44    36    86
  159    43    43    92
  160    42    32    81
  161    11    13    62
  162    40    45    94
  163     5     6    55
  164    22    29    78
  165    10     5    54
  166    59    49    97
  167     1     3    51
  168    41    32    80
  169    26    28    76
  170    48    40    88
  171     1     1    49
  172    40    48    96
  173    23    32    79
  174    39    40    87
  175    36    29    76
  176    26    18    65
  177    45    50    97
  178     9     3    50
  179    39    48    95
  180    37    33    80
  181     1     4    51
  182    13     5    52
  183    49    39    85
  184    41    33    79
  185     8     5    51
  186    14    21    67
  187    36    34    80
  188    40    45    91
  189    49    52    98
  190    34    34    80
  191    49    44    90
  192    24    22    67
  193    26    34    79
  194    33    32    77
  195     1     9    54
  196    44    35    80
  197    19    16    61
  198    28    24    69
  199    38    37    82
  200    49    53    98
  201    11     2    47
  202    58    50    95
  203    48    43    88
  204    49    49    94
  205    43    44    88
  206    45    38    82
  207    27    34    78
  208    51    54    98
  209    30    29    73
  210    19    13    57
  211     1     1    44
  212     5     2    45
  213     1     5    48
  214    52    44    87
  215    48    54    97
  216     1     1    44
  217     1     7    50
  218    49    49    92
  219    26    27    70
  220     7    10    52
  221    32    32    74
  222    46    47    89
  223     6     7    49
  224    38    48    90
  225    35    33    75
  226    29    27    69
  227    19    14    56
  228    24    34    76
  229    54    54    96
  230    63    58    99
  231     6    13    54
  232    33    34    75
  233    53    54    95
  234    20    28    69
  235    41    48    89
  236    45    52    93
  237    58    58    99
  238    46    37    78
  239    30    30    71
  240    32    42    82
  241    39    48    88
  242    56    57    97
  243    37    29    69
  244    49    42    82
  245     1     6    46
  246    51    56    96
  247    57    48    88
  248    48    38    78
  249    27    23    63
  250    32    37    76
  251    36    41    80
  252    57    59    98
  253     9    14    53
  254    20    29    68
  255     7     5    44
  256     7     7    46
  257    47    52    91
  258    27    37    75
  259    63    59    97
  260    53    47    85
  261    15     9    47
  262    39    45    83
  263     7    11    49
  264    28    38    76
  265    41    41    79
  266    44    40    78
  267    50    48    86
  268    38    32    70
  269    22    30    68
  270    52    52    90
  271    11    14    52
  272    61    54    91
  273    20    30    67
  274    24    33    70
  275    26    23    60
  276    41    44    81
  277    12    11    48
  278    24    32    69
  279    53    61    98
  280    10    16    53
  281    51    57    94
  282    49    56    93
  283    31    40    77
  284    22    23    59
  285    67    63    99
  286    30    33    69
  287    24    24    60
  288    26    27    63
  289    53    59    95
  290    38    47    83
  291    45    43    79
  292    71    62    98
  293    49    43    79
  294    61    59    95
  295    69    62    98
  296    13    21    57
  297    30    34    70
  298    63    63    99
  299    67    62    98
  300     1     7    43
  301    23    14    50
  302    28    36    72
  303    50    54    89
  304    21    15    50
  305    59    62    97
  306    44    49    84
  307    48    44    79
  308    18    13    48
  309    46    52    87
  310     7     2    37
  311    23    27    62
  312    51    42    77
  313    42    35    70
  314    70    65    99
  315    29    25    59
  316    31    33    67
  317    43    35    69
  318     1    10    44
  319    49    42    76
  320    20    25    59
  321    55    50    84
  322    42    52    86
  323    58    58    92
  324     8     9    43
  325    69    62    96
  326    43    50    84
  327    58    49    83
  328     8    15    49
  329     1     3    37
  330    15    14    48
  331    61    63    96
  332    46    38    71
  333    46    54    87
  334    65    63    96
  335    58    58    91
  336    36    43    76
  337    50    49    82
  338    45    38    71
  339    25    33    66
  340    24    27    60
  341    30    22    55
  342    72    63    96
  343    54    45    78
  344    66    61    94
  345    31    34    67
  346    42    34    67
  347    37    27    60
  348    48    47    80
  349    27    33    65
  350     1     9    41
  351    59    62    94
  352    50    58    90
  353    65    57    89
  354    35    39    71
  355     6    12    44
  356    11     4    36
  357    27    37    69
  358    27    26    58
  359    71    62    94
  360    33    34    66
  361     1     8    40
  362    51    55    86
  363    50    42    73
  364    26    31    62
  365     8     5    36
  366     7     8    39
  367    72    68    99
  368    51    47    78
  369    30    24    55
  370    20    21    52
  371    27    35    66
  372    67    62    93
  373    67    68    99
  374     8     2    32
  375     8     4    34
  376    30    35    65
  377    12    12    42
  378    74    65    95
  379    63    53    83
  380    55    52    82
  381    60    64    94
  382    39    31    61
  383    33    37    67
  384    12     2    32
  385    78    70    99
  386    40    42    71
  387    38    45    74
  388     9    13    42
  389    71    69    98
  390    43    38    67
  391    28    23    52
  392    25    23    52
  393    61    66    95
  394    31    39    68
  395     7    13    42
  396    18     8    37
  397    73    70    99
  398    59    60    88
  399    17    27    55
  400    65    62    90
  401    58    62    90
  402    45    54    82
  403    46    37    65
  404    70    68    96
  405    54    61    89
  406    49    45    73
  407    74    71    99
  408    59    63    90
  409    12     4    31
  410    22    21    48
  411    30    26    53
  412    52    48    75
  413    63    67    94
  414    42    44    71
  415     1     3    30
  416    17    14    41
  417    72    63    90
  418    49    56    82
  419    69    67    93
  420    64    67    93
  421    75    70    96
  422    15    14    40
  423    18    26    52
  424    62    61    87
  425    71    61    87
  426    37    42    68
  427    16    24    50
  428     1     5    30
  429     6    14    39
  430    45    36    61
  431    60    61    86
  432    44    54    79
  433     9     8    33
  434    68    64    89
  435    32    23    48
  436    19    26    51
  437    19    27    52
  438    17    25    50
  439    65    59    84
  440    56    66    91
  441    61    55    80
  442    46    50    75
  443    11    12    36
  444    60    55    79
  445    39    35    59
  446    74    70    94
  447    75    75    99
  448    81    73    97
  449    54    52    76
  450    52    47    71
  451    40    32    56
  452    77    74    97
  453    54    46    69
  454    84    74    97
  455    33    32    55
  456    46    38    61
  457    60    57    80
  458    53    63    86
  459    67    70    93
  460    78    71    94
  461    54    61    84
  462    37    36    59
  463    47    54    77
  464    70    62    85
  465    76    72    95
  466     9    19    42
  467    49    40    62
  468    57    60    82
  469    61    57    79
  470    75    77    99
  471    65    68    90
  472    28    25    47
  473    38    48    70
  474    83    75    97
  475    68    61    83
  476    32    22    44
  477    80    71    93
  478    29    34    55
  479    65    69    90
  480    54    48    69
  481    31    27    48
  482    54    53    74
  483    66    65    86
  484    24    33    54
  485    82    75    95
  486    50    56    76
  487    31    27    47
  488    70    65    85
  489    68    75    95
  490    66    76    96
  491    21    13    33
  492    74    77    97
  493    40    50    70
  494    68    70    90
  495    27    36    56
  496    17    17    37
  497    65    70    90
  498    77    75    95
  499    69    63    83
  500    56    59    79
  501    64    58    78
  502    42    52    71
  503    60    56    75
  504    44    34    53
  505    44    42    61
  506    32    39    58
  507    58    49    68
  508    71    79    98
  509     8     7    26
  510    55    46    65
  511    47    49    68
  512    31    25    44
  513    29    32    51
  514    25    20    39
  515    55    61    80
  516    23    15    34
  517    43    49    68
  518    80    74    93
  519    52    59    78
  520    59    65    84
  521    49    43    61
  522    43    42    60
  523    75    79    97
  524    72    75    93
  525    13    22    40
  526    71    78    96
  527     1     7    25
  528    29    31    49
  529    43    34    52
  530    52    48    66
  531    27    34    52
  532    24    23    41
  533    77    80    98
  534    43    48    66
  535    59    49    67
  536    21    21    39
  537    48    52    70
  538    59    65    82
  539    82    82    99
  540    69    60    77
  541    53    59    76
  542    59    53    70
  543    74    78    95
  544    59    50    67
  545    90    81    98
  546    12     4    21
  547    24    23    40
  548    59    51    68
  549    51    44    61
  550    78    82    99
  551    50    58    75
  552    68    64    81
  553    86    79    96
  554    64    70    87
  555    55    53    70
  556    80    79    96
  557    50    42    59
  558    82    81    97
  559    83    82    98
  560    84    78    94
  561    26    18    34
  562    76    82    98
  563    40    44    60
  564    86    82    98
  565    80    80    96
  566    67    77    93
  567     1     4    20
  568    33    31    46
  569     1     2    17
  570    20    16    31
  571    47    38    53
  572    60    62    77
  573    35    33    48
  574    60    52    67
  575    53    55    70
  576    37    33    48
  577    30    36    51
  578    61    67    82
  579    23    13    28
  580    38    45    60
  581    88    80    95
  582    11     4    19
  583     3    12    27
  584    66    74    88
  585    79    83    97
  586    36    31    45
  587    36    45    59
  588    14     9    23
  589    65    59    73
  590    58    53    67
  591    53    62    76
  592    71    81    95
  593    67    71    85
  594    82    83    97
  595    54    49    63
  596    36    26    40
  597    80    74    88
  598    37    39    53
  599    50    57    71
  600    53    59    73
  601    85    79    93
  602    42    37    51
  603    92    82    96
  604    81    77    90
  605    55    55    68
  606    24    34    47
  607    79    76    89
  608    62    52    65
  609    85    76    89
  610    37    36    49
  611    49    56    69
  612    84    85    98
  613    74    81    94
  614    80    81    94
  615    43    44    57
  616     4     8    21
  617    55    55    68
  618    60    55    68
  619    29    27    40
  620    69    67    80
  621    86    82    95
  622    86    81    94
  623    55    53    66
  624    17     8    21
  625    77    85    98
  626    46    41    54
  627    30    28    41
  628    71    70    83
  629    35    30    42
  630    46    56    68
  631    87    80    92
  632    61    71    83
  633    68    72    84
  634    29    39    51
  635    66    60    72
  636    89    87    99
  637    63    69    81
  638    33    42    54
  639    77    86    98
  640    71    65    77
  641    22    19    31
  642    92    82    94
  643    16    15    27
  644    76    74    86
  645    74    78    90
  646    46    52    64
  647    76    86    98
  648    15    24    36
  649    74    72    84
  650    68    78    90
  651    62    52    64
  652    89    82    93
  653    69    63    74
  654    51    42    53
  655    58    55    66
  656    62    52    63
  657    66    65    76
  658     8    12    23
  659     6    12    23
  660    53    43    54
  661    66    73    84
  662    74    84    95
  663    68    64    75
  664    11    16    27
  665    84    74    84
  666    77    76    86
  667    78    71    81
  668    88    80    90
  669    78    88    98
  670    72    75    85
  671    51    42    52
  672    79    76    86
  673    49    43    53
  674    65    68    78
  675    66    60    70
  676    73    66    76
  677    85    87    96
  678    34    26    35
  679    41    36    45
  680    25    34    43
  681    79    83    92
  682    14    24    33
  683    49    49    58
  684    39    45    54
  685    76    85    94
  686    24    33    42
  687    43    50    59
  688    84    87    96
  689    62    56    65
  690    84    83    92
  691    97    89    98
  692    90    83    92
  693    51    60    69
  694    63    64    73
  695    91    88    97
  696    81    74    83
  697    75    83    92
  698    85    91    99
  699    76    82    90
  700    48    45    53
  701    53    61    69
  702    63    53    61
  703    64    67    75
  704    95    90    98
  705    18    20    28
  706    99    89    97
  707    71    77    85
  708    40    32    40
  709    67    76    84
  710    84    80    88
  711    66    69    77
  712    42    33    41
  713    97    87    95
  714    31    34    42
  715    45    46    54
  716    18    17    25
  717    21    12    20
  718    54    51    59
  719    90    91    99
  720    88    83    91
  721    95    89    97
  722   101    91    98
  723    27    30    37
  724    78    84    91
  725    65    56    63
  726    76    74    81
  727    37    27    34
  728    10    12    19
  729    33    43    50
  730     2     6    13
  731    63    60    67
  732    65    63    70
  733    74    67    74
  734    86    86    93
  735    76    85    92
  736    73    65    72
  737    83    75    82
  738    84    86    93
  739    83    85    92
  740    22    23    30
  741    47    49    55
  742    80    86    92
  743    58    63    69
  744    82    92    98
  745    46    52    58
  746    45    49    55
  747    81    74    80
  748    53    44    50
  749    82    90    96
  750    84    92    98
  751    89    85    91
  752    78    73    79
  753    15    15    21
  754    94    85    91
  755    59    56    62
  756    74    82    88
  757    84    92    98
  758    84    83    89
  759    51    49    55
  760    27    29    35
  761    77    67    73
  762    83    85    91
  763    79    82    88
  764    72    74    80
  765   100    90    96
  766    55    60    66
  767   101    92    98
  768    94    90    96
  769    68    73    79
  770    11    13    19
  771    67    68    74
  772    86    83    88
  773    86    90    95
  774    47    38    43
  775    57    49    54
  776   104    94    99
  777    44    48    53
  778    57    54    59
  779    39    44    49
  780    93    91    96
  781     4     1     6
  782    87    94    99
  783    93    94    99
  784    83    77    82
  785    85    86    91
  786    59    69    74
  787    60    57    62
  788    97    90    95
  789    75    77    82
  790    81    91    96
  791    76    79    84
  792    72    77    82
  793    22    32    37
  794    92    94    99
  795    11    18    23
  796    98    92    97
  797    67    60    65
  798    59    53    58
  799    92    88    92
  800    93    87    91
  801    66    60    64
  802    46    53    57
  803    87    83    87
  804    36    46    50
  805    35    39    43
  806    75    73    77
  807    71    68    72
  808    86    90    94
  809    85    76    80
  810    47    51    55
  811    70    75    79
  812    90    82    86
  813    98    95    99
  814    56    63    67
  815    10    18    22
  816    82    84    88
  817    81    85    89
  818    80    85    89
  819     1     7    11
  820    77    78    82
  821    69    71    75
  822    46    43    47
  823    31    41    45
  824    58    49    53
  825   103    94    98
  826    83    88    92
  827    96    86    90
  828    88    85    88
  829   102    92    95
  830    62    56    59
  831    88    92    95
  832    99    95    98
  833    93    94    97
  834    92    96    99
  835    56    60    63
  836    57    47    50
  837    94    96    99
  838    84    78    81
  839    70    62    65
  840    83    80    83
  841    35    29    32
  842   102    96    99
  843    13     9    12
  844    17    13    16
  845   106    96    99
  846    53    46    49
  847    90    83    86
  848    82    76    79
  849   101    94    97
  850    15    25    28
  851    77    87    90
  852    90    92    95
  853    97    92    95
  854    65    75    78
  855    90    96    99
  856    22    25    28
  857    46    44    47
  858    77    82    84
  859    26    20    22
  860    77    85    87
  861    96    97    99
  862    99    97    99
  863    64    61    63
  864    43    44    46
  865    81    90    92
  866    97    95    97
  867    75    71    73
  868    33    27    29
  869    54    52    54
  870    91    97    99
  871   105    97    99
  872    79    75    77
  873    69    75    77
  874    76    86    88
  875    99    97    99
  876    75    68    70
  877    96    93    95
  878    91    93    95
  879    65    69    71
  880    20    18    20
  881    96    91    93
  882   104    97    99
  883    87    95    97
  884    86    80    82
  885    77    80    82
  886   100    94    96
  887    84    86    88
  888   102    95    97
  889    64    66    68
  890    95    95    96
  891    77    71    72
  892    91    84    85
  893    90    80    81
  894    41    41    42
  895    46    50    51
  896   104    98    99
  897    89    97    98
  898    65    59    60
  899    96    95    96
  900    12     6     7
  901    97    97    98
  902    92    94    95
  903   105    98    99
  904   101    93    94
  905    68    60    61
  906    98    93    94
  907    97    88    89
  908     8    11    12
  909    92    94    95
  910   100    94    95
  911    90    98    99
  912    95    87    88
  913    42    44    45
  914    93    95    96
  915    78    85    86
  916    80    83    84
  917    93    98    99
  918   102    97    98
  919    34    42    43
  920    91    88    89
  921    84    86    87
  922    83    93    94
  923    85    75    76
  924    40    40    41
  925    47    42    43
  926   102    98    99
  927    91    88    89
  928    76    81    82
  929    71    74    75
  930    22    31    32
  931    63    72    73
  932    91    95    96
  933    90    83    84
  934    81    78    79
  935    88    95    96
  936    84    94    95
  937    76    85    86
  938    94    96    97
  939    25    35    35
  940    95    99    99
  941   102   100   100
  942    82    84    84
  943    87    96    96
  944    91    96    96
  945    77    84    84
  946   110   100   100
  947    92    88    88
  948    97   100   100
  949   103    99    99
  950    99    90    90
  951   105   100   100
  952    99    94    94
  953    13     6     6
  954    54    62    62
  955    94   100   100
  956   102    93    93
  957    88    92    92
  958    29    39    39
  959    97    93    93
  960    96    99    99
  961    30    32    32
  962    94    99    99
  963    34    37    37
  964    99    91    91
  965    31    40    40
  966    99    99    99
  967    82    91    91
  968    57    54    54
  969    84    75    75
  970   101    98    98
  971    99    90    90
  972    94    93    93
  973   104   100   100
  974   104    96    96
  975    76    66    66
  976    13    17    17
  977    89    97    97
  978    93    98    98
  979    98    99    99
  980   106   100   100
  981    92   100   100
  982    85    89    89
  983    91    98    98
  984   106    97    97
  985    71    63    63
  986    90    99    99
  987    88    96    96
  988    86    86    86
  989    73    71    71
  990    53    46    46
  991    73    70    70
  992    84    92    92
  993    96    90    90
  994   100    99    99
  995   106    96    96
  996   109   100   100
  997    64    62    62
  998    93    97    97
  999   104    99    99
  100