  100
    0    11     1    91
    1    20    10    99
    2    21    11    89
    3    29    19    89
    4    27    17    84
    5    23    13    77
    6    17     7    71
    7    36    26    86
    8    46    36    94
    9    22    12    67
   10    36    26    77
   11    12     2    53
   12    56    46    97
   13    26    16    65
   14    20    10    58
   15    41    31    79
   16    56    46    93
   17    25    15    60
   18    63    53    97
   19    58    48    92
   20    65    55    98
   21    20    10    52
   22    45    35    77
   23    41    31    73
   24    19     9    49
   25    23    13    52
   26    25    15    53
   27    31    21    59
   28    68    58    96
   29    71    61    99
   30    22    12    50
   31    43    33    69
   32    21    11    46
   33    37    27    62
   34    78    68    99
   35    77    67    97
   36    45    35    65
   37    66    56    85
   38    71    61    89
   39    57    47    75
   40    51    41    69
   41    61    51    78
   42    64    54    81
   43    78    68    95
   44    56    46    73
   45    68    58    85
   46    74    64    89
   47    81    71    95
   48    59    49    72
   49    50    40    63
   50    81    71    94
   51    16     6    29
   52    80    70    92
   53    57    47    68
   54    71    61    82
   55    67    57    77
   56    85    75    95
   57    77    67    87
   58    24    14    34
   59    53    43    63
   60    50    40    60
   61    34    24    43
   62    76    66    85
   63    43    33    51
   64    68    58    74
   65    43    33    47
   66    74    64    77
   67    54    44    57
   68    40    30    42
   69    20    10    21
   70    81    71    82
   71    21    11    22
   72    86    76    87
   73    74    64    75
   74    91    81    91
   75    98    88    98
   76    76    66    75
   77    99    89    98
   78    97    87    96
   79    58    48    55
   80   102    92    99
   81   102    92    99
   82    33    23    30
   83    86    76    82
   84    69    59    65
   85    33    23    28
   86    80    70    75
   87   104    94    99
   88   102    92    97
   89    96    86    90
   90   104    94    98
   91    93    83    87
   92    97    87    91
   93   104    94    97
   94   102    92    95
   95    95    85    86
   96   105    95    96
   97   106    96    96
   98   109    99    99
   99    94    84    84
  100