 1000
    0     7     7    97
    1     7     7    97
    2     5     5    93
    3     4     4    92
    4     9     9    96
    5    10    10    97
    6     6     6    93
    7     4     4    91
    8     2     2    89
    9    11    11    97
   10     5     5    91
   11    10    10    95
   12     6     6    90
   13    10    10    92
   14    18    18    99
   15    13    13    94
   16    18    18    98
   17    20    20    99
   18    14    14    93
   19     2     2    80
   20    16    16    94
   21    11    11    89
   22    13    13    89
   23     4     4    80
   24    24    24    99
   25     9     9    84
   26    23    23    98
   27    18    18    93
   28    19    19    93
   29    14    14    87
   30    18    18    91
   31    16    16    89
   32     2     2    74
   33    17    17    89
   34    10    10    82
   35    12    12    83
   36    14    14    85
   37    29    29    99
   38    27    27    97
   39    28    28    98
   40    14    14    83
   41     5     5    73
   42     2     2    70
   43    19    19    87
   44    32    32    99
   45     1     1    68
   46    16    16    83
   47     1     1    68
   48    24    24    90
   49    26    26    92
   50    23    23    89
   51    17    17    83
   52    22    22    88
   53    16    16    81
   54    18    18    83
   55    18    18    83
   56    16    16    81
   57    15    15    80
   58    31    31    95
   59    30    30    94
   60    15    15    79
   61    18    18    82
   62    32    32    96
   63    23    23    87
   64    18    18    82
   65    28    28    92
   66    33    33    97
   67     3     3    66
   68    22    22    85
   69    25    25    88
   70    14    14    76
   71     2     2    64
   72    35    35    96
   73     9     9    70
   74    21    21    82
   75     6     6    67
   76    37    37    98
   77    17    17    77
   78    28    28    88
   79    29    29    89
   80    34    34    94
   81    38    38    98
   82    35    35    95
   83     8     8    68
   84     1     1    61
   85    33    33    92
   86    26    26    85
   87    22    22    81
   88    25    25    84
   89    26    26    85
   90     9     9    68
   91    33    33    92
   92     1     1    60
   93     5     5    63
   94    21    21    79
   95    22    22    80
   96    37    37    95
   97    13    13    71
   98     2     2    59
   99    13    13    70
  100    41    41    98
  101    38    38    95
  102    33    33    90
  103    18    18    75
  104    39    39    96
  105    29    29    85
  106    42    42    98
  107    36    36    92
  108    24    24    80
  109    23    23    79
  110     7     7    62
  111    35    35    90
  112     4     4    59
  113    30    30    85
  114    30    30    85
  115    37    37    92
  116    26    26    81
  117    22    22    76
  118    22    22    76
  119    31    31    85
  120    42    42    96
  121    42    42    96
  122    38    38    92
  123    19    19    73
  124    30    30    83
  125    44    44    97
  126    42    42    95
  127    42    42    95
  128    14    14    67
  129    41    41    94
  130    30    30    83
  131    17    17    70
  132    38    38    90
  133    43    43    95
  134     5     5    57
  135    23    23    75
  136    16    16    68
  137    20    20    71
  138    20    20    71
  139    37    37    88
  140    44    44    95
  141    27    27    78
  142    13    13    64
  143     3     3    54
  144    31    31    81
  145    44    44    94
  146     9     9    59
  147    46    46    96
  148    39    39    88
  149    20    20    69
  150    42    42    91
  151     7     7    56
  152    42    42    91
  153    40    40    89
  154    27    27    76
  155    22    22    71
  156     4     4    53
  157    30    30    79
  158    14    14    63
  159    44    44    93
  160    51    51    99
  161    45    45    93
  162    27    27    75
  163    39    39    87
  164    42    42    90
  165    12    12    60
  166    50    50    98
  167    25    25    73
  168     7     7    55
  169    39    39    86
  170    20    20    67
  171    26    26    73
  172    10    10    57
  173    47    47    94
  174    37    37    84
  175    46    46    93
  176    40    40    87
  177    12    12    58
  178    31    31    77
  179    22    22    68
  180    18    18    64
  181     2     2    48
  182     4     4    50
  183    25    25    71
  184    29    29    75
  185    29    29    75
  186    51    51    96
  187    40    40    85
  188    35    35    80
  189    25    25    70
  190    25    25    70
  191    46    46    91
  192    51    51    96
  193     4     4    48
  194    47    47    91
  195    52    52    96
  196     9     9    53
  197    49    49    93
  198    43    43    86
  199    40    40    83
  200    26    26    69
  201    26    26    69
  202    52    52    95
  203    56    56    99
  204     4     4    47
  205    55    55    98
  206    45    45    88
  207    15    15    57
  208    15    15    57
  209    48    48    90
  210    41    41    83
  211    46    46    88
  212    44    44    86
  213    51    51    93
  214    57    57    99
  215    33    33    74
  216     3     3    44
  217    44    44    85
  218    56    56    97
  219    53    53    94
  220    18    18    59
  221    35    35    76
  222    22    22    63
  223    46    46    86
  224    34    34    74
  225    48    48    88
  226    49    49    88
  227    21    21    60
  228     2     2    41
  229    47    47    86
  230    34    34    73
  231    35    35    74
  232    55    55    94
  233    26    26    65
  234    13    13    52
  235    54    54    93
  236    47    47    86
  237    56    56    95
  238    44    44    83
  239    52    52    91
  240     5     5    43
  241    40    40    78
  242    45    45    83
  243    56    56    94
  244    38    38    76
  245    38    38    76
  246    58    58    96
  247    36    36    74
  248    28    28    66
  249    39    39    77
  250    44    44    82
  251    37    37    75
  252    45    45    83
  253     9     9    47
  254    36    36    74
  255    55    55    92
  256    54    54    91
  257    59    59    96
  258    58    58    95
  259     7     7    44
  260    51    51    87
  261    58    58    94
  262     2     2    38
  263    42    42    78
  264    30    30    66
  265    56    56    92
  266    25    25    60
  267    57    57    92
  268    12    12    47
  269    14    14    49
  270    64    64    99
  271    64    64    99
  272    19    19    54
  273    30    30    65
  274    12    12    47
  275    51    51    86
  276    41    41    76
  277    40    40    75
  278    50    50    84
  279    55    55    89
  280    33    33    67
  281    26    26    60
  282    49    49    83
  283    58    58    92
  284    26    26    60
  285    18    18    52
  286    59    59    93
  287    49    49    83
  288    32    32    66
  289    21    21    55
  290    30    30    64
  291    44    44    77
  292    61    61    94
  293    32    32    65
  294    52    52    85
  295    24    24    57
  296    50    50    83
  297    52    52    85
  298    41    41    74
  299    46    46    78
  300    25    25    57
  301    24    24    56
  302    25    25    57
  303    62    62    94
  304    61    61    93
  305    55    55    87
  306     5     5    37
  307    63    63    94
  308    52    52    83
  309    62    62    93
  310     6     6    37
  311    61    61    92
  312    28    28    59
  313    46    46    77
  314    28    28    59
  315    58    58    89
  316    18    18    49
  317    20    20    51
  318    61    61    92
  319    43    43    74
  320    37    37    68
  321    33    33    64
  322    55    55    86
  323    10    10    41
  324    27    27    58
  325    28    28    58
  326    17    17    47
  327    65    65    95
  328    29    29    59
  329    54    54    84
  330    44    44    74
  331    42    42    72
  332    48    48    78
  333    13    13    43
  334    50    50    80
  335    20    20    49
  336    49    49    78
  337     4     4    33
  338    41    41    70
  339    20    20    49
  340    43    43    72
  341    29    29    58
  342    30    30    59
  343    47    47    76
  344    54    54    83
  345    44    44    73
  346    22    22    50
  347    67    67    95
  348    68    68    96
  349    62    62    90
  350     2     2    30
  351    66    66    94
  352    17    17    45
  353    24    24    52
  354     7     7    35
  355    33    33    60
  356    71    71    98
  357    17    17    44
  358    61    61    88
  359    36    36    63
  360    48    48    75
  361    69    69    96
  362    72    72    99
  363     4     4    31
  364    16    16    43
  365    66    66    93
  366    43    43    70
  367    43    43    70
  368    58    58    85
  369    38    38    65
  370     8     8    34
  371    65    65    91
  372    64    64    90
  373    50    50    76
  374    23    23    49
  375     3     3    29
  376    40    40    66
  377    71    71    97
  378    60    60    86
  379    19    19    45
  380    70    70    96
  381    21    21    47
  382    55    55    81
  383    50    50    76
  384    70    70    96
  385    72    72    97
  386    45    45    70
  387    61    61    86
  388    70    70    95
  389    72    72    97
  390    40    40    65
  391    43    43    68
  392    72    72    97
  393    42    42    67
  394    22    22    47
  395    30    30    55
  396    73    73    98
  397    49    49    74
  398    30    30    55
  399     3     3    28
  400    59    59    84
  401    71    71    96
  402    51    51    76
  403    63    63    87
  404    70    70    94
  405     4     4    28
  406    51    51    75
  407    31    31    55
  408    42    42    66
  409    11    11    35
  410    75    75    99
  411    48    48    72
  412    27    27    51
  413    46    46    70
  414    61    61    85
  415    12    12    36
  416    68    68    92
  417    48    48    72
  418    17    17    41
  419    60    60    83
  420    74    74    97
  421    13    13    36
  422    20    20    43
  423    56    56    79
  424    26    26    49
  425    36    36    59
  426    30    30    53
  427    65    65    88
  428    70    70    93
  429    37    37    60
  430    18    18    41
  431    21    21    44
  432    16    16    38
  433    76    76    98
  434    67    67    89
  435    65    65    87
  436    66    66    88
  437    62    62    84
  438    40    40    62
  439    64    64    86
  440    49    49    71
  441    42    42    64
  442    51    51    73
  443    64    64    86
  444    31    31    53
  445    47    47    69
  446    74    74    96
  447    74    74    96
  448    72    72    94
  449    64    64    86
  450    51    51    73
  451    10    10    32
  452    76    76    97
  453    42    42    63
  454    18    18    39
  455    69    69    90
  456    18    18    39
  457     1     1    22
  458    74    74    95
  459    44    44    65
  460    64    64    85
  461    58    58    79
  462    51    51    72
  463    77    77    98
  464    18    18    39
  465    68    68    88
  466     4     4    24
  467    78    78    98
  468     2     2    22
  469    75    75    95
  470    76    76    96
  471    10    10    30
  472    60    60    80
  473    37    37    57
  474    74    74    94
  475    17    17    37
  476    64    64    83
  477    31    31    50
  478    54    54    73
  479    77    77    96
  480    66    66    85
  481    79    79    98
  482    19    19    38
  483    71    71    90
  484    33    33    52
  485    23    23    42
  486    48    48    67
  487    15    15    34
  488    11    11    30
  489    68    68    87
  490    48    48    67
  491    65    65    84
  492    48    48    67
  493    48    48    67
  494    68    68    87
  495    49    49    68
  496    45    45    64
  497    76    76    95
  498    31    31    50
  499    76    76    95
  500    67    67    86
  501    75    75    93
  502    80    80    98
  503    68    68    86
  504    59    59    77
  505    19    19    37
  506     2     2    20
  507    50    50    68
  508    65    65    83
  509    33    33    51
  510    71    71    89
  511    33    33    51
  512    52    52    70
  513    29    29    47
  514    61    61    79
  515    81    81    99
  516    19    19    37
  517    48    48    66
  518    78    78    95
  519    69    69    86
  520    62    62    79
  521    30    30    47
  522    24    24    41
  523    48    48    65
  524    35    35    52
  525    73    73    90
  526    81    81    98
  527    45    45    62
  528    58    58    75
  529    75    75    92
  530    78    78    95
  531     4     4    21
  532    40    40    57
  533    81    81    98
  534    25    25    42
  535    47    47    64
  536    78    78    95
  537    81    81    97
  538    23    23    39
  539    78    78    94
  540    33    33    49
  541    55    55    71
  542    71    71    87
  543    48    48    64
  544    50    50    66
  545    82    82    98
  546    83    83    99
  547    61    61    77
  548    51    51    67
  549    78    78    94
  550    74    74    90
  551    79    79    95
  552    68    68    84
  553    55    55    71
  554    56    56    72
  555    19    19    35
  556    46    46    61
  557    11    11    26
  558    82    82    97
  559    78    78    93
  560    62    62    77
  561    60    60    75
  562    67    67    82
  563    70    70    85
  564    59    59    74
  565    83    83    98
  566    45    45    60
  567    38    38    53
  568    50    50    65
  569    64    64    79
  570    84    84    99
  571    61    61    75
  572    26    26    40
  573    31    31    45
  574    55    55    69
  575    39    39    53
  576    30    30    44
  577    66    66    80
  578    61    61    75
  579    59    59    73
  580    11    11    25
  581    81    81    95
  582    59    59    73
  583    70    70    84
  584    77    77    91
  585    61    61    75
  586    69    69    83
  587     6     6    20
  588    36    36    50
  589    57    57    71
  590    80    80    94
  591    24    24    38
  592    35    35    49
  593    17    17    30
  594    47    47    60
  595    26    26    39
  596    30    30    43
  597     6     6    19
  598    86    86    99
  599    21    21    34
  600    77    77    90
  601     7     7    20
  602     4     4    17
  603    38    38    51
  604    83    83    96
  605    63    63    76
  606    58    58    71
  607    52    52    65
  608    22    22    35
  609    66    66    79
  610    81    81    93
  611    79    79    91
  612    18    18    30
  613    82    82    94
  614    66    66    78
  615    29    29    41
  616    55    55    67
  617    44    44    56
  618    26    26    38
  619    35    35    47
  620    66    66    78
  621    79    79    91
  622    13    13    25
  623    55    55    67
  624    41    41    53
  625    71    71    83
  626    56    56    68
  627    78    78    90
  628     4     4    16
  629    18    18    30
  630    84    84    96
  631    67    67    79
  632    66    66    78
  633    81    81    93
  634    58    58    70
  635    40    40    52
  636    85    85    97
  637    37    37    49
  638    55    55    66
  639    77    77    88
  640    61    61    72
  641    81    81    92
  642    75    75    86
  643    29    29    40
  644    84    84    95
  645     4     4    15
  646    43    43    54
  647    26    26    37
  648    70    70    81
  649    61    61    72
  650    61    61    72
  651    82    82    93
  652    68    68    79
  653    53    53    64
  654    82    82    93
  655    65    65    76
  656    75    75    86
  657    60    60    71
  658    23    23    34
  659    51    51    62
  660    62    62    73
  661    36    36    47
  662    40    40    51
  663    83    83    94
  664    70    70    81
  665    24    24    35
  666    80    80    91
  667     3     3    14
  668    83    83    94
  669     9     9    20
  670    73    73    83
  671    17    17    27
  672    68    68    78
  673    83    83    93
  674    61    61    71
  675    65    65    75
  676    84    84    94
  677    87    87    97
  678    70    70    80
  679    45    45    55
  680    43    43    53
  681     7     7    17
  682    48    48    58
  683    60    60    70
  684    78    78    88
  685    83    83    93
  686    89    89    99
  687    59    59    69
  688    68    68    77
  689    66    66    75
  690    59    59    68
  691    88    88    97
  692    74    74    83
  693     4     4    13
  694    60    60    69
  695    25    25    34
  696    71    71    80
  697    60    60    69
  698    58    58    67
  699    49    49    58
  700    90    90    99
  701    46    46    55
  702    86    86    95
  703    77    77    86
  704    79    79    88
  705    67    67    76
  706    74    74    83
  707    88    88    97
  708    66    66    75
  709    63    63    72
  710    32    32    41
  711    90    90    99
  712    52    52    61
  713    35    35    43
  714    15    15    23
  715    39    39    47
  716    50    50    58
  717    60    60    68
  718    63    63    71
  719    75    75    83
  720    91    91    99
  721    56    56    64
  722    82    82    90
  723    77    77    85
  724    42    42    50
  725    40    40    48
  726    44    44    52
  727    85    85    93
  728    25    25    33
  729    13    13    21
  730    30    30    38
  731    88    88    96
  732    62    62    70
  733    81    81    89
  734    78    78    86
  735    47    47    55
  736    27    27    35
  737    21    21    29
  738    86    86    94
  739    73    73    80
  740    82    82    89
  741    56    56    63
  742    28    28    35
  743    72    72    79
  744    79    79    86
  745    90    90    97
  746    49    49    56
  747    74    74    81
  748    54    54    61
  749    92    92    99
  750    84    84    91
  751    22    22    29
  752    87    87    94
  753    77    77    84
  754    60    60    67
  755    89    89    96
  756    40    40    47
  757    56    56    63
  758    86    86    93
  759    55    55    62
  760    38    38    45
  761    75    75    81
  762    88    88    94
  763    80    80    86
  764    42    42    48
  765    72    72    78
  766    93    93    99
  767    92    92    98
  768    36    36    42
  769    93    93    99
  770    50    50    56
  771    45    45    51
  772    79    79    85
  773    90    90    96
  774    88    88    94
  775    14    14    20
  776    38    38    44
  777    52    52    58
  778    92    92    98
  779    60    60    66
  780    60    60    66
  781    46    46    52
  782    58    58    64
  783    78    78    84
  784    41    41    47
  785    93    93    99
  786    58    58    64
  787    80    80    85
  788    92    92    97
  789    12    12    17
  790    94    94    99
  791    80    80    85
  792    85    85    90
  793    57    57    62
  794    93    93    98
  795    39    39    44
  796    63    63    68
  797    78    78    83
  798    92    92    97
  799    89    89    94
  800    85    85    90
  801    22    22    27
  802    78    78    83
  803    27    27    32
  804    57    57    62
  805    31    31    36
  806    94    94    99
  807    88    88    93
  808    87    87    92
  809    38    38    43
  810    75    75    80
  811    85    85    89
  812    38    38    42
  813    95    95    99
  814    53    53    57
  815    84    84    88
  816    88    88    92
  817    93    93    97
  818     1     1     5
  819    82    82    86
  820    86    86    90
  821    95    95    99
  822    19    19    23
  823    90    90    94
  824    67    67    71
  825    21    21    25
  826    93    93    97
  827    93    93    97
  828    91    91    95
  829    92    92    96
  830    92    92    96
  831    80    80    84
  832    91    91    95
  833    93    93    97
  834    79    79    83
  835    34    34    38
  836    73    73    77
  837    35    35    39
  838    65    65    69
  839    89    89    93
  840    42    42    46
  841    61    61    65
  842    27    27    31
  843    87    87    91
  844    91    91    94
  845    26    26    29
  846    68    68    71
  847    73    73    76
  848    64    64    67
  849    87    87    90
  850    14    14    17
  851    72    72    75
  852    93    93    96
  853    85    85    88
  854    96    96    99
  855    21    21    24
  856    88    88    91
  857    94    94    97
  858    68    68    71
  859    87    87    90
  860    81    81    84
  861    89    89    92
  862    23    23    26
  863    57    57    60
  864    86    86    89
  865    86    86    89
  866     5     5     8
  867    29    29    32
  868    81    81    84
  869    68    68    70
  870    95    95    97
  871    13    13    15
  872    26    26    28
  873    33    33    35
  874    95    95    97
  875    46    46    48
  876    72    72    74
  877    93    93    95
  878    95    95    97
  879    77    77    79
  880    97    97    99
  881    69    69    71
  882    58    58    60
  883    60    60    62
  884    95    95    97
  885    41    41    43
  886    86    86    88
  887    96    96    98
  888    94    94    96
  889    85    85    87
  890    35    35    37
  891    97    97    99
  892    81    81    83
  893    57    57    59
  894    54    54    56
  895    96    96    98
  896    77    77    79
  897    43    43    45
  898    96    96    98
  899    93    93    95
  900    83    83    85
  901    96    96    98
  902    69    69    71
  903    97    97    99
  904    95    95    97
  905    24    24    26
  906    91    91    93
  907    88    88    90
  908    97    97    99
  909    97    97    99
  910    91    91    93
  911    42    42    43
  912    98    98    99
  913    62    62    63
  914    98    98    99
  915    88    88    89
  916    92    92    93
  917    89    89    90
  918    77    77    78
  919    95    95    96
  920    91    91    92
  921    51    51    52
  922    95    95    96
  923    69    69    70
  924    80    80    81
  925    90    90    91
  926    98    98    99
  927    93    93    94
  928    68    68    69
  929    92    92    93
  930    49    49    50
  931    97    97    98
  932    51    51    52
  933    79    79    80
  934    62    62    63
  935    94    94    95
  936    97    97    98
  937    91    91    92
  938    87    87    88
  939    96    96    97
  940    98    98    99
  941    74    74    75
  942    82    82    83
  943    92    92    93
  944    95    95    96
  945    92    92    93
  946    98    98    98
  947    90    90    90
  948    12    12    12
  949    94    94    94
  950    98    98    98
  951    96    96    96
  952    98    98    98
  953    62    62    62
  954   100   100   100
  955    98    98    98
  956    94    94    94
  957    70    70    70
  958    99    99    99
  959    82    82    82
  960    41    41    41
  961   100   100   100
  962    98    98    98
  963    99    99    99
  964    99    99    99
  965    99    99    99
  966   100   100   100
  967    20    20    20
  968    89    89    89
  969    93    93    93
  970   100   100   100
  971    99    99    99
  972    67    67    67
  973   100   100   100
  974    98    98    98
  975   100   100   100
  976    93    93    93
  977    99    99    99
  978    99    99    99
  979    99    99    99
  980    99    99    99
  981    94    94    94
  982   100   100   100
  983    94    94    94
  984    95    95    95
  985    97    97    97
  986   100   100   100
  987    99    99    99
  988    99    99    99
  989   100   100   100
  990    99    99    99
  991    78    78    78
  992   100   100   100
  993    99    99    99
  994    89    89    89
  995    99    99    99
  996    99    99    99
  997     5     5     5
  998    17    17    17
  999    90    90    90
  100