  100
    0    11    21    98
    1    15    25    98
    2     5    15    86
    3     3    13    78
    4    21    31    95
    5    18    28    92
    6     3    13    76
    7     3    13    75
    8    11    21    82
    9     1    11    67
   10    13    23    79
   11    19    29    82
   12    27    37    85
   13    11    21    68
   14    29    39    83
   15    29    39    82
   16    24    34    76
   17    25    35    76
   18    23    33    74
   19    39    49    89
   20    29    39    75
   21    23    33    69
   22    29    39    73
   23    12    22    55
   24    15    25    56
   25    47    57    88
   26    18    28    58
   27    10    20    50
   28    22    32    61
   29    58    68    96
   30    56    66    93
   31    40    50    76
   32    40    50    75
   33    16    26    51
   34     4    14    38
   35    63    73    96
   36    23    33    56
   37    63    73    96
   38    10    20    42
   39    30    40    61
   40    43    53    73
   41    59    69    89
   42    27    37    57
   43    23    33    53
   44    42    52    72
   45    21    31    50
   46    60    70    89
   47    40    50    65
   48    68    78    93
   49    45    55    69
   50    48    58    72
   51    46    56    70
   52    29    39    53
   53    10    20    34
   54    74    84    97
   55    37    47    59
   56    31    41    53
   57    60    70    82
   58     9    19    30
   59    67    77    86
   60    60    70    78
   61    52    62    70
   62    55    65    73
   63    55    65    72
   64    80    90    96
   65    59    69    75
   66    80    90    96
   67    39    49    55
   68    70    80    85
   69    80    90    95
   70    82    92    97
   71    73    83    88
   72    80    90    95
   73    66    76    81
   74    84    94    98
   75    57    67    70
   76    79    89    92
   77    60    70    72
   78    85    95    97
   79    88    98    99
   80    86    96    97
   81    59    69    70
   82    84    94    95
   83    86    96    97
   84    53    63    64
   85    43    53    54
   86    93   100   100
   87    90   100   100
   88    99   100   100
   89    99   100   100
   90    64    74    74
   91    93   100   100
   92    89    99    99
   93    87    97    97
   94    92   100   100
   95    94   100   100
   96    93   100   100
   97    89    99    99
   98    86    96    96
   99    94   100   100
  100