  500
    0     1    11    94
    1     7    17    99
    2     9    19    97
    3     7    17    94
    4     7    17    92
    5     9    19    93
    6    12    22    95
    7     3    13    86
    8    12    22    94
    9    11    21    91
   10     6    16    85
   11    13    23    92
   12     5    15    84
   13     9    19    87
   14    13    23    90
   15    21    31    98
   16    20    30    96
   17    14    24    89
   18     5    15    80
   19    19    29    94
   20    10    20    84
   21    13    23    87
   22    24    34    98
   23    14    24    87
   24    24    34    97
   25    20    30    93
   26    25    35    98
   27    17    27    88
   28    20    30    89
   29    24    34    93
   30    21    31    90
   31    30    40    99
   32     8    18    77
   33    14    24    82
   34    28    38    96
   35    25    35    90
   36    30    40    95
   37    31    41    96
   38    19    29    84
   39     9    19    73
   40     4    14    67
   41    19    29    81
   42    37    47    98
   43    21    31    82
   44    35    45    96
   45    27    37    88
   46    32    42    92
   47    35    45    95
   48    37    47    96
   49     5    15    64
   50    20    30    79
   51    31    41    90
   52    36    46    94
   53    16    26    74
   54    21    31    79
   55    29    39    87
   56    40    50    98
   57    34    44    92
   58    22    32    80
   59    41    51    98
   60    29    39    86
   61    41    51    98
   62    25    35    80
   63     6    16    61
   64     4    14    59
   65    27    37    82
   66    36    46    91
   67    19    29    74
   68    24    34    78
   69    35    45    89
   70    37    47    91
   71    41    51    95
   72     7    17    60
   73     3    13    56
   74    11    21    64
   75    18    28    71
   76    14    24    67
   77     8    18    60
   78    32    42    84
   79    42    52    93
   80    36    46    87
   81    36    46    86
   82    36    46    86
   83    11    21    61
   84    20    30    70
   85    26    36    76
   86    10    20    60
   87     1    11    51
   88    14    24    64
   89    41    51    90
   90    10    20    59
   91    11    21    60
   92    12    22    61
   93    34    44    83
   94    27    37    75
   95    44    54    92
   96    25    35    72
   97     9    19    56
   98    44    54    91
   99    50    60    96
  100    49    59    95
  101    12    22    58
  102    22    32    68
  103    28    38    74
  104     7    17    52
  105    35    45    80
  106    17    27    62
  107    53    63    98
  108    51    61    96
  109    50    60    95
  110    48    58    92
  111    42    52    86
  112    30    40    74
  113    19    29    63
  114    55    65    98
  115    16    26    59
  116    15    25    58
  117    16    26    59
  118    21    31    64
  119    23    33    66
  120    31    41    73
  121    40    50    82
  122    10    20    52
  123     2    12    44
  124    40    50    82
  125     6    16    48
  126    30    40    72
  127    56    66    98
  128    19    29    60
  129    54    64    95
  130    22    32    63
  131    13    23    54
  132    42    52    83
  133    43    53    84
  134    41    51    81
  135    21    31    61
  136    42    52    82
  137    46    56    86
  138    57    67    97
  139    57    67    96
  140    56    66    95
  141    14    24    53
  142    47    57    85
  143    26    36    64
  144     6    16    44
  145    32    42    70
  146    17    27    54
  147    51    61    88
  148    46    56    83
  149    18    28    55
  150    34    44    71
  151    59    69    96
  152     5    15    42
  153    61    71    98
  154    39    49    75
  155    35    45    71
  156    51    61    87
  157    60    70    96
  158    58    68    94
  159    27    37    63
  160    52    62    87
  161    35    45    70
  162    53    63    88
  163    26    36    61
  164    25    35    60
  165    63    73    98
  166    59    69    94
  167     7    17    42
  168    46    56    81
  169    12    22    47
  170    45    55    80
  171    44    54    78
  172    65    75    99
  173    45    55    79
  174    50    60    84
  175    37    47    71
  176    55    65    89
  177    62    72    96
  178    32    42    65
  179    60    70    93
  180    42    52    75
  181    39    49    72
  182    36    46    69
  183    64    74    97
  184    20    30    53
  185    59    69    92
  186    43    53    75
  187    58    68    90
  188    47    57    79
  189    40    50    72
  190     9    19    41
  191     5    15    37
  192     4    14    35
  193    52    62    83
  194    62    72    93
  195    24    34    55
  196    54    64    85
  197    31    41    62
  198    49    59    79
  199    54    64    84
  200    66    76    96
  201    53    63    83
  202    45    55    75
  203    68    78    98
  204    65    75    95
  205     6    16    36
  206    34    44    64
  207    56    66    86
  208    37    47    67
  209     4    14    33
  210    17    27    46
  211    26    36    55
  212    34    44    63
  213    70    80    99
  214    69    79    97
  215    25    35    53
  216    35    45    63
  217    68    78    96
  218    31    41    59
  219    69    79    97
  220    46    56    74
  221    33    43    61
  222    50    60    77
  223    42    52    69
  224    38    48    65
  225    62    72    89
  226    21    31    48
  227    34    44    61
  228    71    81    98
  229    51    61    78
  230    27    37    54
  231    54    64    81
  232    66    76    93
  233    54    64    81
  234    32    42    59
  235    33    43    60
  236     3    13    29
  237    57    67    83
  238    23    33    49
  239    44    54    70
  240    69    79    95
  241    73    83    99
  242     8    18    34
  243    50    60    76
  244    65    75    91
  245    40    50    66
  246    55    65    81
  247    54    64    80
  248    72    82    97
  249    49    59    74
  250    16    26    41
  251    50    60    75
  252    15    25    40
  253    48    58    73
  254    67    77    92
  255    44    54    69
  256    23    33    48
  257    70    80    95
  258     7    17    32
  259    69    79    94
  260    51    61    76
  261    62    72    86
  262    22    32    46
  263    59    69    83
  264    75    85    99
  265    48    58    72
  266    53    63    77
  267    28    38    52
  268    60    70    84
  269    14    24    38
  270    54    64    78
  271    18    28    42
  272    76    86    99
  273    34    44    57
  274    49    59    72
  275    50    60    73
  276    58    68    80
  277    69    79    91
  278    57    67    79
  279    64    74    86
  280    49    59    71
  281    51    61    73
  282    56    66    78
  283    47    57    68
  284    63    73    84
  285    43    53    64
  286     2    12    23
  287    41    51    62
  288    24    34    45
  289    69    79    90
  290    69    79    89
  291    60    70    80
  292    44    54    64
  293    34    44    54
  294    56    66    76
  295    52    62    72
  296     8    18    28
  297    16    26    36
  298    47    57    67
  299    23    33    43
  300    22    32    42
  301    68    78    87
  302    19    29    38
  303    40    50    59
  304    41    51    60
  305    76    86    95
  306    54    64    73
  307    75    85    94
  308    65    75    84
  309    71    81    90
  310    23    33    42
  311    30    40    49
  312    36    46    54
  313    61    71    79
  314    57    67    75
  315    18    28    36
  316    77    87    95
  317    42    52    60
  318    36    46    54
  319    50    60    68
  320    16    26    34
  321    66    76    84
  322    35    45    53
  323    78    88    95
  324    74    84    91
  325    40    50    57
  326    43    53    60
  327     4    14    21
  328    33    43    50
  329    17    27    34
  330    75    85    92
  331    35    45    52
  332    78    88    95
  333    75    85    92
  334    79    89    95
  335    83    93    99
  336    10    20    26
  337    82    92    98
  338    67    77    83
  339    67    77    83
  340     9    19    24
  341    48    58    63
  342    61    71    76
  343    84    94    99
  344    49    59    64
  345     7    17    22
  346    69    79    84
  347    74    84    89
  348    71    81    86
  349    76    86    91
  350    45    55    60
  351    53    63    68
  352    80    90    95
  353    72    82    87
  354    39    49    54
  355     9    19    24
  356    78    88    93
  357    77    87    92
  358    81    91    96
  359    79    89    94
  360    73    83    88
  361    73    83    88
  362    85    95    99
  363    76    86    90
  364    70    80    84
  365    29    39    43
  366    63    73    77
  367    81    91    95
  368    25    35    39
  369    67    77    81
  370    63    73    77
  371    52    62    66
  372    76    86    90
  373    79    89    92
  374    83    93    96
  375    50    60    63
  376    86    96    99
  377    46    56    59
  378    68    78    81
  379    75    85    88
  380    29    39    42
  381    74    84    87
  382    83    93    96
  383    77    87    90
  384    68    78    81
  385    50    60    63
  386    82    92    95
  387    64    74    77
  388    73    83    86
  389    74    84    86
  390    78    88    90
  391    59    69    71
  392    84    94    96
  393    87    97    99
  394    87    97    99
  395    13    23    25
  396    84    94    96
  397    49    59    61
  398    72    82    84
  399    74    84    86
  400    45    55    57
  401    84    94    96
  402    10    20    22
  403    72    82    84
  404    87    97    99
  405    79    89    91
  406    87    97    99
  407    83    93    95
  408    86    96    97
  409    86    96    97
  410    36    46    47
  411    77    87    88
  412    65    75    76
  413    80    90    91
  414    88    98    99
  415    86    96    97
  416    85    95    96
  417    86    96    97
  418    62    72    73
  419     6    16    17
  420    55    65    66
  421    55    65    66
  422    87    97    98
  423    85    95    96
  424    73    83    84
  425    72    82    83
  426    81    91    92
  427    87    97    98
  428    90   100   100
  429    29    39    39
  430    93   100   100
  431    91   100   100
  432    97   100   100
  433    93   100   100
  434    98   100   100
  435    90   100   100
  436    89    99    99
  437    82    92    92
  438    96   100   100
  439   100   100   100
  440    98   100   100
  441    86    96    96
  442   100   100   100
  443    97   100   100
  444    86    96    96
  445    74    84    84
  446    99   100   100
  447    99   100   100
  448    76    86    86
  449    98   100   100
  450    94   100   100
  451    95   100   100
  452    91   100   100
  453    97   100   100
  454    90   100   100
  455    92   100   100
  456    99   100   100
  457    91   100   100
  458    81    91    91
  459    97   100   100
  460   100   100   100
  461    97   100   100
  462    94   100   100
  463    87    97    97
  464    90   100   100
  465    73    83    83
  466    65    75    75
  467    91   100   100
  468   100   100   100
  469    50    60    60
  470   100   100   100
  471    89    99    99
  472   100   100   100
  473    81    91    91
  474    99   100   100
  475    79    89    89
  476    95   100   100
  477    95   100   100
  478    91   100   100
  479    87    97    97
  480    95   100   100
  481    80    90    90
  482    89    99    99
  483    97   100   100
  484    95   100   100
  485    92   100   100
  486    96   100   100
  487    84    94    94
  488    99   100   100
  489    89    99    99
  490    83    93    93
  491    95   100   100
  492    96   100   100
  493    89    99    99
  494    91   100   100
  495   100   100   100
  496    97   100   100
  497    91   100   100
  498    98   100   100
  499    65    75    75
  100