  500
    0    12     2    92
    1    18     8    96
    2    17     7    94
    3    20    10    96
    4    17     7    92
    5    18     8    92
    6    15     5    88
    7    13     3    86
    8    14     4    87
    9    26    16    97
   10    21    11    92
   11    11     1    80
   12    22    12    91
   13    19     9    87
   14    17     7    84
   15    27    17    94
   16    18     8    83
   17    31    21    96
   18    32    22    97
   19    22    12    85
   20    31    21    94
   21    30    20    93
   22    28    18    91
   23    31    21    93
   24    24    14    85
   25    32    22    92
   26    24    14    84
   27    22    12    81
   28    26    16    84
   29    15     5    73
   30    25    15    83
   31    14     4    72
   32    11     1    69
   33    40    30    97
   34    16     6    73
   35    28    18    85
   36    27    17    84
   37    26    16    82
   38    23    13    78
   39    45    35    99
   40    40    30    94
   41    22    12    75
   42    30    20    83
   43    46    36    99
   44    44    34    97
   45    33    23    86
   46    21    11    74
   47    38    28    90
   48    31    21    83
   49    43    33    94
   50    35    25    86
   51    32    22    82
   52    42    32    91
   53    34    24    82
   54    37    27    84
   55    44    34    91
   56    23    13    70
   57    21    11    68
   58    44    34    91
   59    47    37    93
   60    24    14    70
   61    50    40    95
   62    33    23    77
   63    19     9    63
   64    19     9    63
   65    53    43    97
   66    49    39    92
   67    25    15    68
   68    44    34    87
   69    33    23    76
   70    41    31    84
   71    51    41    93
   72    33    23    74
   73    12     2    53
   74    59    49    99
   75    50    40    89
   76    22    12    61
   77    26    16    65
   78    33    23    72
   79    41    31    79
   80    57    47    95
   81    53    43    91
   82    25    15    63
   83    13     3    51
   84    34    24    72
   85    31    21    68
   86    13     3    50
   87    15     5    51
   88    33    23    68
   89    29    19    64
   90    58    48    93
   91    12     2    47
   92    50    40    85
   93    37    27    72
   94    58    48    92
   95    52    42    86
   96    57    47    91
   97    55    45    89
   98    57    47    91
   99    46    36    79
  100    46    36    79
  101    14     4    47
  102    52    42    84
  103    39    29    71
  104    19     9    51
  105    12     2    44
  106    65    55    97
  107    13     3    45
  108    24    14    56
  109    67    57    99
  110    39    29    70
  111    23    13    54
  112    43    33    74
  113    59    49    89
  114    64    54    94
  115    54    44    84
  116    25    15    55
  117    61    51    90
  118    39    29    68
  119    51    41    80
  120    25    15    54
  121    27    17    55
  122    42    32    70
  123    60    50    88
  124    66    56    94
  125    22    12    50
  126    27    17    55
  127    57    47    85
  128    67    57    94
  129    40    30    67
  130    45    35    72
  131    57    47    83
  132    54    44    80
  133    67    57    93
  134    55    45    81
  135    24    14    49
  136    73    63    98
  137    27    17    52
  138    53    43    78
  139    18     8    43
  140    61    51    86
  141    59    49    84
  142    12     2    36
  143    60    50    84
  144    48    38    72
  145    40    30    64
  146    48    38    71
  147    47    37    70
  148    20    10    43
  149    71    61    94
  150    35    25    58
  151    51    41    74
  152    69    59    92
  153    52    42    75
  154    53    43    75
  155    44    34    66
  156    66    56    88
  157    64    54    86
  158    34    24    56
  159    59    49    81
  160    77    67    99
  161    71    61    93
  162    28    18    50
  163    52    42    73
  164    18     8    39
  165    38    28    59
  166    16     6    37
  167    41    31    62
  168    71    61    92
  169    63    53    84
  170    56    46    77
  171    78    68    98
  172    77    67    97
  173    27    17    47
  174    18     8    38
  175    80    70    99
  176    58    48    77
  177    37    27    56
  178    42    32    61
  179    79    69    98
  180    43    33    62
  181    35    25    53
  182    77    67    95
  183    21    11    39
  184    59    49    76
  185    46    36    63
  186    22    12    39
  187    56    46    73
  188    15     5    32
  189    70    60    86
  190    21    11    37
  191    65    55    81
  192    48    38    64
  193    56    46    72
  194    54    44    70
  195    14     4    29
  196    77    67    92
  197    83    73    98
  198    14     4    29
  199    65    55    79
  200    65    55    79
  201    84    74    98
  202    43    33    57
  203    84    74    98
  204    61    51    75
  205    55    45    69
  206    59    49    73
  207    17     7    31
  208    72    62    86
  209    42    32    56
  210    13     3    27
  211    61    51    75
  212    25    15    39
  213    69    59    83
  214    58    48    72
  215    54    44    67
  216    62    52    75
  217    85    75    98
  218    47    37    60
  219    37    27    50
  220    58    48    71
  221    86    76    98
  222    81    71    93
  223    38    28    50
  224    11     1    23
  225    72    62    84
  226    38    28    50
  227    68    58    80
  228    84    74    95
  229    40    30    51
  230    76    66    87
  231    51    41    62
  232    81    71    92
  233    64    54    75
  234    66    56    77
  235    81    71    92
  236    58    48    69
  237    85    75    96
  238    83    73    94
  239    88    78    99
  240    51    41    62
  241    45    35    56
  242    63    53    74
  243    33    23    43
  244    57    47    67
  245    74    64    84
  246    61    51    71
  247    18     8    28
  248    42    32    52
  249    41    31    50
  250    86    76    95
  251    15     5    24
  252    58    48    67
  253    78    68    87
  254    49    39    58
  255    80    70    88
  256    82    72    90
  257    91    81    99
  258    73    63    81
  259    82    72    90
  260    79    69    86
  261    92    82    99
  262    15     5    22
  263    92    82    99
  264    91    81    98
  265    69    59    76
  266    91    81    98
  267    47    37    53
  268    33    23    39
  269    90    80    96
  270    32    22    38
  271    63    53    69
  272    93    83    99
  273    77    67    83
  274    23    13    29
  275    93    83    99
  276    93    83    98
  277    32    22    37
  278    84    74    89
  279    93    83    98
  280    93    83    98
  281    91    81    96
  282    62    52    67
  283    89    79    94
  284    67    57    72
  285    85    75    90
  286    88    78    93
  287    19     9    24
  288    39    29    44
  289    44    34    48
  290    73    63    77
  291    92    82    96
  292    93    83    97
  293    13     3    17
  294    35    25    39
  295    55    45    59
  296    66    56    70
  297    83    73    87
  298    68    58    72
  299    71    61    75
  300    60    50    64
  301    83    73    87
  302    74    64    78
  303    87    77    91
  304    91    81    95
  305    82    72    85
  306    94    84    97
  307    94    84    97
  308    63    53    66
  309    79    69    82
  310    67    57    70
  311    82    72    85
  312    72    62    75
  313    77    67    80
  314    86    76    89
  315    24    14    27
  316    37    27    40
  317    89    79    92
  318    12     2    14
  319    55    45    57
  320    52    42    54
  321    83    73    85
  322    77    67    79
  323    92    82    94
  324    22    12    24
  325    97    87    99
  326    96    86    98
  327    54    44    56
  328    60    50    62
  329    92    82    94
  330    69    59    70
  331    45    35    46
  332    78    68    79
  333    87    77    88
  334    49    39    50
  335    80    70    81
  336    65    55    66
  337    37    27    38
  338    72    62    73
  339    14     4    15
  340    38    28    39
  341    71    61    72
  342    79    69    80
  343    25    15    25
  344    26    16    26
  345    83    73    83
  346    92    82    92
  347    55    45    55
  348    68    58    68
  349    98    88    98
  350    62    52    62
  351    46    36    46
  352    84    74    83
  353    82    72    81
  354    80    70    79
  355    82    72    81
  356    71    61    70
  357    73    63    72
  358    77    67    76
  359    76    66    75
  360    73    63    72
  361    77    67    75
  362    22    12    20
  363   100    90    98
  364    71    61    69
  365    84    74    82
  366    96    86    94
  367    94    84    92
  368    27    17    25
  369    98    88    96
  370    81    71    79
  371    89    79    87
  372    18     8    16
  373    85    75    83
  374    77    67    74
  375    79    69    76
  376    11     1     8
  377    93    83    90
  378   102    92    99
  379    68    58    65
  380    12     2     9
  381    13     3    10
  382    21    11    18
  383    53    43    49
  384    77    67    73
  385    93    83    89
  386    66    56    62
  387    90    80    86
  388    47    37    43
  389    94    84    90
  390    67    57    63
  391    14     4    10
  392    88    78    84
  393    97    87    93
  394    95    85    91
  395    62    52    58
  396    15     5    11
  397    69    59    65
  398    65    55    61
  399    78    68    73
  400    83    73    78
  401    24    14    19
  402    90    80    85
  403    99    89    94
  404    97    87    92
  405    96    86    91
  406   101    91    96
  407    84    74    79
  408    72    62    67
  409    97    87    92
  410    73    63    68
  411    60    50    55
  412    65    55    60
  413    25    15    20
  414    60    50    55
  415    77    67    71
  416    11     1     5
  417    43    33    37
  418   105    95    99
  419   102    92    96
  420   103    93    97
  421   101    91    95
  422   102    92    96
  423    84    74    78
  424    81    71    74
  425   100    90    93
  426    97    87    90
  427   105    95    98
  428   106    96    99
  429    24    14    17
  430   104    94    97
  431   102    92    95
  432   105    95    98
  433    21    11    14
  434   102    92    95
  435   105    95    98
  436   100    90    92
  437   102    92    94
  438   101    91    93
  439    78    68    70
  440    87    77    79
  441    94    84    86
  442    91    81    83
  443    37    27    29
  444    63    53    55
  445    62    52    54
  446    66    56    58
  447   107    97    99
  448   100    90    92
  449   106    96    98
  450   106    96    98
  451    98    88    90
  452    93    83    84
  453    71    61    62
  454    96    86    87
  455    26    16    17
  456    80    70    71
  457    93    83    84
  458   107    97    98
  459    75    65    66
  460   107    97    98
  461   108    98    99
  462    93    83    84
  463    98    88    89
  464    93    83    84
  465    87    77    78
  466   107    97    98
  467    16     6     7
  468    57    47    48
  469   108    98    99
  470   105    95    96
  471   108    98    99
  472    60    50    51
  473   104    94    95
  474    90    80    80
  475   100    90    90
  476   108    98    98
  477   110   100   100
  478   107    97    97
  479    64    54    54
  480   108    98    98
  481    30    20    20
  482   108    98    98
  483    75    65    65
  484    62    52    52
  485   108    98    98
  486   110   100   100
  487    58    48    48
  488   109    99    99
  489    73    63    63
  490    70    60    60
  491    71    61    61
  492   110   100   100
  493   107    97    97
  494   108    98    98
  495   101    91    91
  496    31    21    21
  497   107    97    97
  498   107    97    97
  499    84    74    74
  100