  500
    0    65     7    98
    1    47     5    95
    2    61     8    95
    3     5     7    94
    4    32    14    98
    5    17    12    95
    6    13     6    87
    7    94    17    98
    8     7    11    92
    9     1    16    96
   10    50     5    85
   11    31     4    82
   12    66     9    87
   13    94    19    94
   14    26     4    78
   15    83     4    78
   16    57    24    97
   17    77    25    98
   18    72     1    74
   19    70    23    96
   20    89    19    91
   21     6    18    90
   22    61    22    93
   23    33    23    94
   24    37    10    80
   25    35    29    98
   26    99    12    81
   27    88    23    91
   28    34    26    94
   29    64    27    93
   30    26    33    98
   31    33    19    84
   32     6    14    78
   33    34    30    94
   34    83    19    83
   35    14    17    81
   36    29     8    71
   37    88    22    85
   38    75     2    65
   39    13     3    66
   40    32    35    97
   41     7     2    64
   42     3    12    72
   43    15    38    98
   44    93    20    80
   45    56    17    77
   46    65    36    96
   47    91     7    67
   48    39    29    88
   49    19    15    73
   50    70    33    89
   51    48    26    82
   52    29    29    85
   53    80     5    61
   54    57     9    64
   55    45     4    59
   56    33    44    97
   57    11    38    91
   58     8    40    93
   59    77    45    98
   60    68    26    79
   61    72    31    83
   62    27    45    97
   63    39    44    96
   64    90    27    79
   65    45    12    64
   66    60    34    85
   67    42     4    55
   68    31    19    70
   69    11    29    80
   70    59    31    81
   71    77    14    64
   72    97    12    61
   73    15    50    99
   74    73    21    70
   75    79    21    70
   76    34     1    50
   77    98    29    78
   78    65    38    86
   79    39    24    72
   80    70    35    83
   81    33    49    97
   82    89    47    95
   83    40    32    80
   84    84    40    88
   85    56    38    85
   86    20    40    87
   87    18    13    60
   88    89    40    87
   89    48    34    80
   90    80    11    57
   91    82    13    59
   92    98    13    59
   93    81    13    58
   94    46    30    74
   95    36    42    86
   96    39    48    91
   97    37    48    91
   98    45    21    64
   99     9     2    45
  100   100    38    81
  101    61    56    98
  102    59    13    55
  103    40    56    98
  104    16     2    43
  105    73    58    99
  106     6    56    97
  107    89     4    45
  108    12    35    76
  109    79    57    98
  110    99    50    91
  111    27    33    73
  112    69    10    50
  113    37    32    71
  114    90    34    73
  115    82    26    65
  116     4    54    93
  117    17    17    56
  118    98    59    98
  119    69    59    98
  120    67    35    73
  121    87    38    76
  122    68    50    88
  123    74    15    53
  124    81    39    76
  125     2    55    92
  126    17    25    62
  127    81    46    83
  128    62    23    60
  129    13    40    76
  130     3    54    90
  131    51    21    57
  132    88    44    79
  133    41    20    55
  134    10    44    79
  135    21    23    58
  136    94    40    75
  137    87    24    59
  138    30    64    98
  139   100    21    55
  140    59    48    82
  141    56    35    69
  142    79    48    82
  143    72    42    76
  144    25    45    78
  145    38    30    63
  146    11    47    80
  147    87     4    37
  148    39     8    41
  149    86     9    41
  150    99     6    38
  151    40    33    64
  152    40     2    33
  153    45    48    79
  154    16    63    94
  155    47    62    93
  156    25    63    94
  157    85    51    82
  158    55    29    60
  159     8    44    74
  160    74    39    69
  161    46    16    46
  162    20     1    31
  163    13    46    76
  164    69    18    48
  165    29    66    95
  166    73    48    77
  167    30    46    75
  168     1    11    40
  169     4    67    96
  170    92    71    99
  171    28    19    47
  172    23     2    30
  173     5    42    70
  174    48    52    80
  175    96    45    73
  176    61    41    68
  177    22    68    95
  178     1    17    44
  179    84     4    31
  180    61    40    67
  181    17    68    95
  182    85    31    58
  183     7    70    97
  184    17    30    57
  185    94    23    50
  186    69    13    40
  187    47    12    39
  188    22    61    88
  189    86    59    85
  190    81    62    88
  191    86    52    78
  192    72    61    87
  193    64    70    96
  194    86    47    73
  195    51    62    88
  196    24    71    97
  197    48    62    87
  198   100    63    88
  199    48    38    63
  200    59    72    97
  201     9    47    71
  202    85    74    98
  203    86    64    88
  204    73    61    85
  205    88    50    74
  206    54    56    80
  207    69    12    35
  208    59    33    56
  209    53     4    27
  210    33    52    75
  211    58    10    33
  212    25    63    86
  213    94     9    32
  214    77    10    33
  215    69    64    87
  216    36    63    86
  217    18    52    74
  218    41    69    91
  219    60    29    51
  220    76     2    24
  221    61    12    34
  222    89    66    88
  223    95    23    45
  224    28    27    49
  225    87    75    96
  226    60    54    75
  227    17    15    36
  228    43     3    24
  229    57    77    98
  230    63    34    55
  231    64    68    89
  232    65    62    83
  233    72    58    78
  234    96    25    45
  235     1    33    53
  236    97    75    95
  237    75    76    96
  238    75    20    40
  239    75    45    65
  240   100    33    52
  241    51    70    89
  242     9    79    98
  243    31    64    82
  244    18     3    21
  245    74    80    98
  246    78    62    80
  247    10    81    98
  248    87    67    84
  249    55    53    70
  250    78    57    74
  251    99    52    69
  252    39    58    75
  253    57    72    89
  254    31    65    82
  255    16    41    58
  256    53     6    22
  257    89    28    44
  258    92    60    76
  259    12    79    95
  260    38    79    95
  261    79    54    70
  262    46    56    72
  263    12    14    30
  264     1     4    20
  265    37    18    33
  266    59    58    73
  267    60    27    42
  268    77    45    60
  269    75    59    74
  270    39    61    76
  271    11    69    83
  272    94    83    97
  273     1    45    59
  274    44    75    89
  275     4    55    69
  276    41    62    76
  277    50    74    88
  278    35    84    98
  279    66    34    47
  280     8    45    58
  281    24    85    98
  282    32    26    39
  283    76    29    42
  284    75    71    84
  285    87    80    93
  286    52    82    95
  287    67    47    60
  288    25    20    33
  289    62    83    96
  290    51    71    83
  291    71    85    97
  292    72    21    33
  293    33    14    26
  294    21    11    23
  295    41    68    80
  296    58    60    72
  297    59    57    69
  298    48    74    86
  299    38    37    49
  300    91    75    87
  301    51    77    89
  302    18    81    93
  303    73    18    30
  304    30    86    98
  305    56    65    76
  306    89     2    13
  307    27    88    99
  308    12    68    79
  309    26    88    99
  310    43    85    96
  311    41    40    51
  312    26    62    73
  313    36    22    33
  314    29    66    77
  315    62    52    63
  316    80    43    54
  317    43    60    71
  318    31    74    85
  319    15    42    53
  320    41    68    78
  321    80    45    55
  322    86    74    84
  323    27     2    12
  324    18    24    34
  325    23    74    84
  326    96    84    94
  327    50    37    47
  328    28    89    99
  329    82    30    40
  330     4    83    93
  331    87    73    82
  332    99    78    87
  333    74    82    91
  334    80    48    57
  335    98    57    66
  336    44    73    82
  337    12    63    72
  338    76    85    94
  339     5    77    85
  340    90    77    85
  341    76    62    70
  342    76    71    79
  343    62     4    12
  344    39    53    61
  345    94    78    86
  346    40    16    24
  347    54     7    15
  348    10    27    35
  349    95    44    52
  350    71    63    71
  351    88    77    85
  352    17    81    89
  353    70    86    94
  354    74    63    71
  355     8    58    65
  356    20    83    90
  357    65    75    82
  358    50    77    84
  359    61    80    87
  360    87    52    59
  361    75    14    21
  362     5    33    40
  363    32    28    35
  364    87    89    96
  365    38    88    95
  366    53    83    89
  367    46    91    97
  368    12    51    57
  369    75    80    86
  370    65    93    99
  371    55    18    24
  372    91    86    92
  373    10    79    85
  374   100    84    90
  375    10    49    55
  376    87    51    57
  377     7    71    77
  378    26    62    67
  379    92    73    78
  380     9     2     7
  381    12    59    64
  382    28    86    91
  383    72    63    68
  384    60     9    14
  385    93    93    98
  386    98    74    79
  387    83    93    98
  388     4    94    99
  389    75    83    88
  390    91    92    97
  391    46    90    95
  392    41    93    98
  393    81    88    92
  394    13    78    82
  395    36    17    21
  396    28    89    93
  397    27    62    66
  398    12    33    37
  399    68    68    72
  400    86    92    96
  401    13    94    98
  402    44    87    91
  403    73    18    22
  404    18    95    99
  405    24    14    18
  406    94    59    63
  407    39    12    15
  408    69    81    84
  409     4    93    96
  410    45    36    39
  411    22    56    59
  412    40    88    91
  413    90    96    99
  414    49    88    91
  415    98    67    70
  416     7    95    98
  417    57    95    98
  418    18    47    50
  419    87    38    41
  420    56    74    77
  421    13    95    98
  422    66    81    84
  423    89    91    94
  424    12     9    12
  425    86    19    22
  426    58    36    39
  427    66    56    59
  428    19    74    77
  429     4    95    97
  430    37    53    55
  431    79    70    72
  432    17    97    99
  433    62    97    99
  434    54    90    92
  435    21    82    84
  436    13    58    60
  437    35    67    69
  438    99    97    99
  439     9    81    83
  440    27    87    89
  441    67    61    63
  442    18    77    79
  443    21    87    89
  444    20    95    97
  445    71    60    62
  446    17    51    53
  447    20    79    81
  448    23    97    98
  449    21    69    70
  450    80    26    27
  451    56    94    95
  452    49    67    68
  453    76    94    95
  454     5    48    49
  455    70    40    41
  456    19    84    85
  457    30    11    12
  458    77    94    95
  459    99    88    89
  460    49    94    95
  461    57    85    86
  462    53    56    57
  463    96    82    83
  464    71    83    84
  465    97    54    54
  466    50    95    95
  467    82    93    93
  468    87    98    98
  469    83    62    62
  470    95    83    83
  471     4   100   100
  472     2    99    99
  473    53    93    93
  474    98    67    67
  475    14   100   100
  476    93    92    92
  477    90    55    55
  478    52   100   100
  479    26    96    96
  480    88   100   100
  481    98    44    44
  482    46    80    80
  483     5    99    99
  484    80    86    86
  485     1    99    99
  486    11    97    97
  487    37   100   100
  488     2    97    97
  489    37    98    98
  490    54   100   100
  491    10    19    19
  492    46    12    12
  493    45    66    66
  494    88    71    71
  495    50     3     3
  496    38    99    99
  497    93    88    88
  498    32    93    93
  499    55    97    97
  100