 1000
    0     3    13    98
    1     1    11    96
    2     5    15    99
    3     3    13    96
    4     3    13    95
    5     2    12    94
    6     3    13    93
    7     9    19    99
    8     1    11    90
    9     7    17    94
   10     6    16    93
   11    13    23    99
   12     9    19    94
   13    14    24    99
   14    13    23    97
   15    12    22    96
   16    16    26    99
   17     7    17    90
   18     8    18    91
   19     5    15    88
   20     2    12    84
   21     1    11    83
   22     7    17    87
   23    18    28    98
   24     2    12    81
   25     7    17    86
   26    13    23    92
   27    13    23    91
   28    17    27    95
   29     6    16    83
   30    14    24    91
   31    15    25    92
   32     1    11    77
   33     8    18    84
   34     2    12    77
   35    24    34    99
   36    12    22    87
   37    10    20    85
   38    18    28    92
   39    25    35    99
   40     7    17    80
   41     5    15    78
   42    13    23    86
   43    18    28    90
   44     2    12    74
   45    23    33    95
   46    18    28    90
   47     9    19    80
   48    20    30    91
   49    26    36    97
   50    27    37    97
   51    15    25    85
   52     2    12    72
   53    11    21    80
   54    23    33    92
   55    22    32    91
   56    10    20    78
   57    18    28    86
   58    30    40    98
   59    30    40    97
   60    25    35    92
   61    31    41    98
   62    22    32    88
   63    16    26    82
   64    29    39    95
   65    27    37    93
   66    34    44    99
   67    22    32    87
   68    20    30    85
   69     6    16    71
   70     5    15    69
   71    11    21    75
   72    27    37    91
   73    24    34    88
   74    22    32    86
   75     8    18    72
   76    24    34    87
   77    32    42    95
   78    35    45    98
   79     4    14    67
   80    29    39    92
   81    36    46    99
   82    19    29    82
   83    18    28    81
   84    29    39    91
   85    36    46    97
   86    22    32    83
   87    22    32    83
   88    36    46    96
   89    37    47    97
   90    36    46    96
   91    34    44    94
   92    28    38    88
   93    11    21    71
   94    22    32    82
   95    25    35    85
   96    24    34    84
   97    34    44    93
   98    34    44    93
   99    28    38    87
  100    15    25    74
  101    37    47    96
  102    39    49    98
  103    12    22    71
  104     9    19    68
  105    24    34    83
  106     1    11    59
  107    16    26    74
  108    34    44    92
  109    26    36    84
  110    36    46    94
  111    38    48    95
  112    25    35    82
  113    42    52    99
  114     1    11    58
  115    31    41    87
  116    17    27    73
  117     4    14    60
  118     4    14    60
  119    38    48    94
  120    41    51    97
  121    35    45    91
  122    41    51    97
  123    12    22    68
  124    31    41    87
  125    38    48    94
  126     6    16    61
  127    22    32    77
  128     3    13    58
  129    26    36    81
  130    39    49    94
  131    44    54    99
  132    28    38    82
  133     2    12    56
  134     4    14    58
  135    17    27    71
  136    36    46    90
  137    14    24    68
  138    33    43    86
  139    31    41    84
  140    13    23    66
  141    11    21    64
  142     7    17    60
  143    31    41    84
  144    11    21    64
  145    20    30    73
  146    33    43    86
  147    33    43    86
  148    38    48    90
  149    32    42    84
  150    15    25    67
  151    38    48    89
  152    22    32    73
  153    31    41    82
  154    38    48    89
  155    15    25    66
  156    30    40    81
  157    37    47    88
  158     6    16    57
  159    47    57    98
  160     2    12    52
  161    19    29    69
  162    47    57    97
  163    40    50    90
  164    24    34    73
  165     7    17    56
  166    28    38    77
  167     8    18    57
  168    48    58    97
  169    32    42    81
  170     9    19    57
  171    29    39    77
  172    37    47    85
  173    46    56    94
  174    29    39    77
  175    34    44    82
  176    44    54    91
  177    16    26    63
  178    41    51    88
  179    39    49    86
  180    46    56    93
  181    13    23    60
  182    50    60    97
  183     5    15    52
  184    17    27    63
  185     6    16    52
  186    29    39    75
  187    23    33    69
  188     8    18    54
  189    32    42    78
  190    49    59    95
  191    36    46    82
  192    22    32    68
  193    38    48    83
  194    24    34    69
  195    11    21    56
  196    18    28    63
  197     2    12    47
  198    52    62    97
  199     2    12    47
  200    48    58    93
  201    33    43    78
  202    36    46    81
  203    49    59    94
  204     2    12    47
  205    51    61    96
  206    49    59    93
  207     4    14    48
  208    38    48    82
  209    49    59    93
  210    13    23    57
  211    32    42    76
  212    27    37    71
  213    43    53    87
  214    11    21    55
  215     6    16    50
  216     8    18    52
  217    43    53    87
  218    26    36    70
  219    51    61    95
  220     7    17    51
  221    38    48    82
  222    43    53    86
  223    17    27    60
  224    16    26    59
  225    40    50    83
  226    23    33    65
  227    40    50    82
  228     1    11    43
  229    20    30    62
  230    37    47    79
  231    33    43    75
  232     8    18    50
  233    26    36    68
  234    52    62    94
  235    11    21    53
  236    53    63    94
  237    55    65    96
  238    41    51    82
  239    54    64    95
  240    49    59    90
  241    13    23    54
  242    53    63    94
  243    19    29    60
  244    25    35    66
  245    45    55    86
  246    30    40    71
  247    51    61    92
  248    52    62    93
  249    18    28    59
  250    30    40    70
  251    48    58    88
  252    14    24    54
  253    17    27    57
  254    41    51    81
  255    43    53    83
  256    36    46    76
  257    13    23    53
  258    58    68    97
  259    60    70    99
  260    48    58    87
  261    30    40    69
  262    21    31    60
  263    32    42    71
  264    58    68    97
  265     7    17    46
  266    18    28    57
  267    49    59    88
  268    51    61    90
  269    39    49    78
  270    47    57    86
  271    34    44    72
  272    54    64    92
  273    23    33    61
  274    36    46    74
  275    26    36    64
  276     9    19    47
  277    58    68    95
  278    45    55    82
  279    43    53    80
  280    51    61    88
  281    39    49    76
  282    62    72    99
  283    53    63    90
  284    57    67    94
  285    40    50    77
  286    51    61    88
  287    49    59    86
  288    53    63    90
  289    23    33    60
  290    58    68    95
  291    36    46    73
  292    59    69    95
  293    47    57    83
  294    58    68    94
  295    38    48    74
  296    57    67    93
  297    56    66    92
  298    53    63    89
  299    51    61    87
  300    22    32    58
  301    62    72    98
  302    37    47    73
  303    49    59    85
  304    39    49    75
  305    42    52    78
  306    57    67    93
  307    44    54    80
  308    38    48    73
  309    39    49    74
  310    17    27    52
  311     6    16    41
  312    62    72    97
  313    62    72    97
  314    35    45    70
  315    20    30    55
  316    16    26    51
  317    41    51    76
  318    48    58    83
  319    23    33    58
  320    59    69    94
  321    61    71    96
  322    23    33    57
  323     5    15    39
  324    63    73    97
  325    52    62    86
  326    59    69    93
  327    16    26    50
  328     6    16    40
  329    38    48    72
  330    26    36    59
  331    27    37    60
  332    57    67    90
  333    59    69    92
  334    14    24    47
  335    33    43    66
  336     6    16    39
  337    10    20    43
  338     1    11    34
  339    51    61    84
  340    51    61    84
  341    10    20    43
  342    56    66    89
  343    61    71    94
  344    38    48    71
  345    66    76    99
  346    58    68    91
  347    51    61    84
  348    11    21    43
  349    53    63    85
  350    41    51    73
  351    51    61    83
  352    62    72    94
  353     4    14    36
  354    45    55    77
  355    40    50    72
  356    66    76    97
  357    64    74    95
  358     8    18    39
  359    67    77    98
  360    30    40    61
  361    68    78    99
  362    47    57    78
  363    50    60    81
  364     8    18    39
  365    54    64    85
  366    67    77    98
  367    17    27    48
  368    54    64    84
  369    56    66    86
  370    18    28    48
  371    26    36    56
  372    67    77    97
  373    41    51    71
  374    57    67    87
  375    13    23    43
  376    12    22    42
  377    26    36    56
  378     7    17    37
  379    66    76    96
  380    62    72    92
  381    58    68    88
  382    58    68    88
  383    26    36    55
  384    44    54    73
  385    45    55    74
  386    30    40    59
  387    39    49    68
  388    47    57    76
  389    19    29    48
  390    55    65    84
  391    57    67    86
  392    67    77    96
  393    22    32    51
  394    45    55    74
  395    69    79    98
  396    66    76    95
  397    69    79    98
  398    34    44    63
  399     5    15    34
  400    44    54    72
  401    61    71    89
  402    64    74    92
  403    41    51    69
  404    68    78    96
  405    67    77    95
  406    43    53    71
  407     9    19    37
  408    18    28    46
  409    18    28    46
  410    15    25    43
  411    65    75    93
  412    26    36    53
  413    45    55    72
  414    37    47    64
  415    32    42    59
  416    69    79    96
  417    23    33    50
  418    26    36    53
  419    59    69    86
  420    55    65    82
  421    15    25    42
  422    34    44    61
  423    43    53    70
  424    11    21    38
  425    66    76    93
  426    67    77    94
  427    62    72    89
  428    25    35    51
  429    58    68    84
  430    41    51    67
  431    54    64    80
  432    39    49    65
  433    27    37    53
  434    25    35    51
  435    62    72    88
  436    59    69    85
  437    71    81    97
  438    74    84    99
  439    52    62    77
  440    16    26    41
  441    36    46    61
  442    20    30    45
  443    67    77    92
  444    71    81    96
  445    54    64    79
  446    74    84    99
  447    38    48    63
  448    24    34    49
  449    67    77    92
  450    58    68    83
  451    23    33    48
  452    30    40    55
  453    66    76    91
  454     6    16    31
  455    68    78    93
  456    54    64    79
  457    58    68    83
  458    14    24    39
  459    52    62    77
  460    66    76    91
  461    40    50    65
  462     1    11    26
  463    31    41    55
  464    63    73    87
  465    61    71    85
  466    39    49    63
  467    63    73    87
  468    41    51    65
  469    62    72    86
  470    53    63    77
  471    69    79    93
  472    25    35    49
  473    75    85    99
  474    60    70    84
  475    36    46    60
  476    63    73    87
  477    31    41    55
  478    66    76    90
  479     6    16    30
  480    47    57    71
  481     4    14    28
  482    43    53    66
  483    66    76    89
  484    15    25    38
  485    73    83    96
  486    71    81    94
  487    48    58    71
  488    67    77    90
  489    65    75    88
  490    48    58    71
  491    42    52    65
  492     5    15    28
  493    54    64    77
  494    67    77    90
  495    71    81    94
  496    73    83    96
  497    19    29    41
  498    75    85    97
  499    47    57    69
  500    77    87    99
  501    61    71    83
  502    70    80    92
  503    74    84    96
  504    50    60    72
  505    59    69    81
  506    66    76    88
  507     2    12    24
  508    74    84    96
  509    18    28    40
  510    71    81    93
  511    57    67    79
  512    38    48    60
  513    24    34    46
  514    69    79    91
  515    77    87    98
  516    10    20    31
  517    67    77    88
  518     1    11    22
  519    56    66    77
  520    12    22    33
  521    55    65    76
  522    66    76    87
  523    23    33    44
  524    56    66    77
  525    75    85    96
  526    57    67    78
  527    28    38    49
  528    55    65    76
  529    70    80    91
  530    30    40    51
  531    76    86    97
  532    31    41    52
  533    72    82    93
  534     6    16    27
  535     1    11    21
  536    62    72    82
  537    74    84    94
  538    72    82    92
  539     1    11    21
  540    79    89    99
  541    51    61    71
  542    78    88    98
  543    64    74    84
  544    73    83    93
  545    58    68    78
  546    63    73    83
  547    27    37    47
  548    32    42    52
  549    72    82    92
  550    78    88    98
  551    74    84    93
  552    76    86    95
  553    32    42    51
  554    70    80    89
  555    25    35    44
  556    63    73    82
  557    65    75    84
  558    21    31    40
  559    61    71    80
  560    46    56    65
  561     6    16    25
  562    26    36    45
  563    68    78    87
  564    76    86    95
  565    77    87    96
  566    52    62    70
  567    33    43    51
  568    74    84    92
  569    74    84    92
  570    69    79    87
  571    73    83    91
  572    68    78    86
  573    71    81    89
  574    56    66    74
  575    67    77    85
  576    73    83    91
  577    25    35    43
  578    60    70    78
  579    78    88    96
  580    80    90    98
  581    47    57    65
  582    78    88    96
  583    22    32    40
  584    78    88    96
  585    81    91    99
  586    16    26    34
  587    13    23    31
  588     9    19    26
  589    46    56    63
  590    40    50    57
  591    36    46    53
  592    79    89    96
  593    58    68    75
  594    41    51    58
  595    82    92    99
  596    78    88    95
  597    71    81    88
  598    71    81    88
  599    21    31    38
  600    14    24    31
  601     8    18    25
  602    44    54    61
  603    54    64    71
  604    61    71    78
  605    75    85    92
  606    65    75    82
  607    75    85    92
  608    82    92    99
  609    64    74    81
  610     5    15    22
  611    68    78    85
  612    74    84    91
  613    68    78    85
  614    29    39    46
  615    29    39    45
  616    69    79    85
  617    79    89    95
  618    53    63    69
  619    82    92    98
  620    72    82    88
  621    81    91    97
  622    74    84    90
  623    22    32    38
  624    63    73    79
  625    72    82    88
  626    77    87    93
  627    70    80    86
  628    77    87    93
  629    73    83    89
  630    18    28    34
  631    58    68    74
  632    82    92    98
  633    83    93    99
  634    16    26    32
  635    77    87    93
  636    82    92    98
  637    48    58    64
  638    32    42    48
  639    34    44    49
  640    82    92    97
  641    59    69    74
  642    71    81    86
  643    77    87    92
  644    82    92    97
  645    72    82    87
  646    81    91    96
  647    56    66    71
  648    81    91    96
  649    73    83    88
  650    73    83    88
  651    74    84    89
  652    69    79    84
  653    35    45    50
  654    53    63    68
  655    82    92    97
  656    84    94    99
  657    84    94    99
  658    54    64    69
  659    55    65    70
  660    62    72    77
  661    67    77    82
  662    74    84    89
  663    21    31    36
  664    84    94    99
  665    81    91    96
  666    80    90    94
  667    75    85    89
  668    67    77    81
  669    77    87    91
  670    21    31    35
  671    30    40    44
  672    24    34    38
  673    53    63    67
  674    85    95    99
  675    28    38    42
  676    82    92    96
  677    78    88    92
  678    34    44    48
  679    83    93    97
  680    49    59    63
  681    76    86    90
  682    76    86    90
  683    83    93    97
  684    54    64    68
  685    33    43    47
  686    80    90    94
  687    80    90    94
  688    14    24    28
  689    53    63    67
  690    85    95    99
  691    53    63    67
  692    63    73    77
  693    37    47    51
  694    58    68    72
  695    47    57    61
  696    57    67    71
  697    46    56    60
  698    79    89    93
  699    67    77    81
  700    25    35    39
  701    85    95    99
  702    85    95    99
  703    84    94    98
  704    63    73    76
  705    77    87    90
  706    14    24    27
  707    34    44    47
  708    60    70    73
  709    85    95    98
  710    84    94    97
  711     4    14    17
  712    76    86    89
  713    70    80    83
  714    82    92    95
  715    85    95    98
  716    53    63    66
  717    71    81    84
  718    78    88    91
  719     7    17    20
  720     6    16    19
  721    84    94    97
  722    71    81    84
  723    81    91    94
  724    79    89    92
  725    58    68    71
  726    86    96    99
  727    55    65    68
  728    75    85    88
  729    36    46    49
  730    54    64    67
  731    85    95    98
  732    83    93    96
  733    62    72    74
  734    66    76    78
  735    81    91    93
  736     6    16    18
  737    75    85    87
  738    80    90    92
  739    70    80    82
  740    61    71    73
  741    70    80    82
  742    87    97    99
  743    86    96    98
  744    87    97    99
  745    77    87    89
  746    60    70    72
  747    32    42    44
  748    43    53    55
  749    84    94    96
  750    16    26    28
  751    26    36    38
  752    85    95    97
  753    64    74    76
  754    58    68    70
  755    67    77    79
  756    85    95    97
  757    54    64    66
  758    80    90    92
  759    71    81    83
  760    76    86    88
  761    81    91    93
  762    62    72    74
  763    51    61    63
  764     8    18    20
  765    87    97    99
  766    76    86    87
  767    82    92    93
  768    78    88    89
  769    51    61    62
  770    86    96    97
  771    87    97    98
  772    72    82    83
  773    81    91    92
  774    61    71    72
  775    84    94    95
  776    88    98    99
  777    88    98    99
  778    66    76    77
  779    78    88    89
  780    88    98    99
  781    82    92    93
  782    87    97    98
  783    68    78    79
  784    85    95    96
  785    82    92    93
  786    68    78    79
  787    55    65    66
  788    82    92    93
  789    86    96    97
  790    82    92    93
  791    46    56    57
  792    88    98    99
  793    27    37    38
  794    68    78    79
  795    11    21    22
  796    56    66    67
  797    28    38    39
  798    40    50    51
  799    53    63    64
  800    18    28    29
  801    88    98    99
  802    56    66    67
  803    81    91    92
  804    84    94    95
  805    87    97    98
  806    93   100   100
  807    94   100   100
  808    58    68    68
  809    76    86    86
  810    94   100   100
  811    90   100   100
  812    89    99    99
  813    79    89    89
  814    95   100   100
  815    74    84    84
  816    74    84    84
  817    94   100   100
  818    92   100   100
  819    91   100   100
  820    96   100   100
  821    90   100   100
  822    97   100   100
  823     3    13    13
  824    98   100   100
  825    83    93    93
  826    88    98    98
  827   100   100   100
  828    90   100   100
  829    94   100   100
  830    90   100   100
  831    92   100   100
  832    93   100   100
  833    72    82    82
  834    86    96    96
  835    94   100   100
  836    85    95    95
  837   100   100   100
  838    92   100   100
  839    99   100   100
  840   100   100   100
  841    97   100   100
  842    96   100   100
  843    89    99    99
  844   100   100   100
  845    98   100   100
  846    97   100   100
  847    45    55    55
  848    89    99    99
  849    77    87    87
  850    68    78    78
  851    89    99    99
  852    68    78    78
  853    89    99    99
  854    82    92    92
  855    90   100   100
  856    51    61    61
  857    89    99    99
  858    63    73    73
  859    31    41    41
  860    93   100   100
  861    91   100   100
  862    98   100   100
  863    99   100   100
  864    85    95    95
  865    96   100   100
  866    99   100   100
  867    99   100   100
  868    87    97    97
  869    99   100   100
  870     5    15    15
  871    94   100   100
  872    99   100   100
  873    83    93    93
  874    98   100   100
  875    91   100   100
  876    98   100   100
  877    94   100   100
  878    88    98    98
  879    89    99    99
  880    37    47    47
  881    97   100   100
  882    10    20    20
  883    76    86    86
  884    94   100   100
  885   100   100   100
  886    99   100   100
  887    88    98    98
  888   100   100   100
  889    92   100   100
  890    72    82    82
  891    93   100   100
  892    97   100   100
  893    95   100   100
  894    97   100   100
  895    90   100   100
  896    89    99    99
  897    96   100   100
  898    96   100   100
  899    89    99    99
  900    90   100   100
  901    74    84    84
  902   100   100   100
  903    98   100   100
  904    62    72    72
  905    93   100   100
  906    90   100   100
  907    91   100   100
  908    89    99    99
  909    82    92    92
  910    96   100   100
  911    95   100   100
  912    94   100   100
  913   100   100   100
  914    97   100   100
  915    92   100   100
  916    83    93    93
  917    92   100   100
  918    97   100   100
  919    89    99    99
  920    95   100   100
  921    97   100   100
  922    89    99    99
  923    95   100   100
  924    96   100   100
  925    98   100   100
  926    95   100   100
  927    95   100   100
  928    93   100   100
  929    83    93    93
  930    99   100   100
  931    93   100   100
  932    74    84    84
  933    21    31    31
  934    64    74    74
  935    82    92    92
  936    94   100   100
  937    95   100   100
  938   100   100   100
  939    97   100   100
  940    94   100   100
  941    91   100   100
  942    93   100   100
  943    94   100   100
  944    87    97    97
  945    93   100   100
  946    96   100   100
  947    93   100   100
  948   100   100   100
  949    81    91    91
  950    91   100   100
  951     2    12    12
  952    93   100   100
  953    95   100   100
  954    95   100   100
  955    96   100   100
  956    96   100   100
  957    95   100   100
  958    88    98    98
  959    98   100   100
  960    54    64    64
  961    89    99    99
  962    88    98    98
  963    97   100   100
  964    96   100   100
  965    96   100   100
  966    89    99    99
  967    85    95    95
  968    94   100   100
  969    91   100   100
  970    60    70    70
  971    95   100   100
  972    86    96    96
  973   100   100   100
  974    90   100   100
  975   100   100   100
  976    92   100   100
  977    97   100   100
  978    94   100   100
  979    94   100   100
  980    92   100   100
  981    76    86    86
  982    92   100   100
  983    87    97    97
  984    90   100   100
  985    94   100   100
  986    81    91    91
  987    94   100   100
  988    90   100   100
  989    92   100   100
  990    98   100   100
  991    91   100   100
  992   100   100   100
  993    97   100   100
  994   100   100   100
  995    95   100   100
  996    97   100   100
  997    95   100   100
  998    96   100   100
  999    97   100   100
  100