  100
    0    26    16    99
    1    23    13    96
    2    28    18    96
    3    19     9    83
    4    29    19    91
    5    16     6    70
    6    39    29    93
    7    12     2    64
    8    17     7    65
    9    38    28    83
   10    53    43    98
   11    59    49    97
   12    52    42    89
   13    24    14    60
   14    25    15    57
   15    63    53    95
   16    37    27    68
   17    61    51    90
   18    54    44    82
   19    42    32    69
   20    14     4    41
   21    69    59    95
   22    53    43    79
   23    41    31    66
   24    56    46    80
   25    14     4    38
   26    51    41    75
   27    60    50    84
   28    68    58    91
   29    74    64    97
   30    23    13    45
   31    77    67    98
   32    74    64    95
   33    11     1    32
   34    39    29    57
   35    70    60    86
   36    26    16    41
   37    57    47    71
   38    78    68    92
   39    40    30    53
   40    80    70    93
   41    18     8    31
   42    78    68    91
   43    63    53    76
   44    84    74    96
   45    86    76    98
   46    41    31    53
   47    19     9    30
   48    73    63    84
   49    20    10    30
   50    57    47    66
   51    50    40    59
   52    40    30    49
   53    89    79    98
   54    63    53    71
   55    70    60    78
   56    61    51    67
   57    80    70    86
   58    92    82    98
   59    93    83    98
   60    61    51    66
   61    82    72    87
   62    70    60    74
   63    90    80    91
   64    98    88    99
   65    85    75    86
   66    85    75    85
   67    36    26    36
   68    76    66    76
   69    64    54    64
   70    97    87    96
   71    23    13    22
   72    74    64    72
   73    64    54    62
   74    89    79    87
   75    75    65    72
   76    38    28    35
   77    81    71    77
   78   104    94    99
   79    79    69    73
   80   102    92    96
   81    58    48    52
   82    65    55    59
   83    84    74    77
   84    82    72    74
   85    98    88    90
   86    40    30    32
   87   104    94    96
   88   105    95    97
   89   108    98    99
   90   105    95    96
   91   108    98    99
   92   100    90    91
   93    96    86    86
   94   109    99    99
   95    96    86    86
   96    96    86    86
   97    88    78    78
   98   109    99    99
   99    82    72    72
  100