  500
    0     1     3    91
    1     8     3    89
    2     1     1    87
    3     3     3    89
    4    14    14    99
    5     1     8    93
    6     3    11    95
    7     1     2    85
    8     6     8    88
    9    18    19    99
   10     3     7    86
   11     9    14    92
   12    10    16    93
   13     1     4    80
   14    18    16    92
   15    27    17    93
   16     4     3    78
   17     5    14    89
   18    17    11    85
   19    15    12    85
   20     1     7    79
   21     9    19    89
   22    17    24    94
   23     1     2    71
   24    14     9    78
   25    16    20    88
   26     4     7    74
   27    34    25    92
   28    17    19    86
   29    35    30    96
   30     2     6    72
   31    28    33    99
   32    26    31    97
   33    29    24    89
   34     7    13    78
   35    17    23    87
   36    26    28    92
   37     3     1    64
   38    20    11    74
   39    29    34    97
   40    20    28    90
   41     8    10    72
   42     1    10    71
   43    26    19    79
   44    31    25    84
   45    13    18    76
   46    21    29    87
   47    19    13    71
   48    39    39    96
   49    29    33    89
   50    30    22    77
   51    11     6    61
   52    18    27    81
   53    38    40    94
   54    21    24    78
   55     8     6    59
   56    25    32    85
   57    21    27    80
   58    31    39    91
   59     1     5    57
   60    26    21    73
   61    57    47    99
   62    35    38    90
   63    18    27    78
   64    36    39    90
   65    24    33    84
   66    34    41    91
   67    38    46    96
   68    54    45    95
   69    16     8    56
   70    19    20    68
   71    14     9    57
   72    30    40    88
   73    28    18    66
   74    12    14    61
   75    21    15    62
   76    25    20    66
   77    43    41    87
   78    52    47    93
   79    24    18    63
   80    16    11    56
   81    43    39    84
   82    56    53    98
   83     1     9    54
   84    50    50    95
   85    31    35    79
   86    20    10    53
   87    24    28    71
   88     8     6    49
   89    12    11    54
   90    38    28    71
   91    42    35    78
   92    53    48    90
   93    28    30    72
   94    18    27    69
   95    27    32    73
   96    50    48    89
   97    42    43    84
   98    48    46    87
   99    35    41    82
  100    47    52    93
  101    15    22    62
  102    53    47    87
  103    35    43    83
  104    33    31    71
  105     1     3    43
  106     1     3    42
  107    10     4    43
  108    39    32    71
  109    10     7    46
  110    50    41    80
  111    54    54    92
  112    17    21    59
  113     1     7    45
  114    18    10    48
  115    54    44    82
  116    42    47    85
  117    32    28    66
  118    19    12    50
  119    12    13    51
  120     7     8    46
  121    18    21    58
  122    32    42    79
  123    60    53    90
  124    53    55    91
  125    26    31    67
  126    52    61    97
  127    55    60    96
  128    61    60    95
  129    24    25    59
  130    36    42    76
  131    26    29    63
  132    54    54    88
  133    62    64    98
  134    63    56    90
  135    59    64    98
  136    64    60    94
  137    70    60    93
  138    73    66    99
  139    50    43    76
  140    37    31    64
  141     7     5    38
  142    38    36    69
  143    52    59    91
  144    60    52    84
  145    54    54    86
  146    29    37    69
  147    59    62    94
  148    44    42    73
  149    64    56    87
  150    41    34    65
  151    71    68    99
  152    52    57    87
  153    73    67    97
  154    34    34    64
  155    68    61    91
  156    71    66    96
  157    62    65    95
  158    57    67    96
  159    15    16    45
  160    54    56    85
  161    71    69    98
  162    12    22    51
  163    29    32    60
  164    71    67    95
  165    63    64    92
  166    66    63    91
  167    48    49    77
  168    64    66    94
  169    17    17    44
  170    43    47    74
  171    66    68    95
  172    52    58    85
  173    82    72    99
  174    49    40    66
  175    26    16    42
  176    39    39    65
  177    60    56    82
  178    36    31    57
  179    73    66    91
  180    64    74    99
  181    62    60    85
  182    17    11    36
  183    59    67    92
  184    19    27    52
  185    64    57    82
  186    21    27    51
  187    76    73    97
  188    31    21    45
  189    65    57    81
  190    70    60    84
  191     2     4    28
  192    68    71    95
  193    55    63    87
  194    59    51    75
  195    54    53    77
  196    73    72    95
  197    42    38    61
  198    62    58    81
  199    38    41    64
  200    34    37    60
  201    74    70    93
  202     1     7    29
  203     1     6    28
  204     1     3    25
  205    46    39    61
  206    72    64    86
  207    16    17    39
  208    68    75    97
  209    36    29    51
  210    65    61    83
  211    70    68    90
  212    60    56    78
  213    48    38    59
  214    20    30    51
  215    48    56    77
  216    55    58    79
  217    45    47    68
  218     4     4    25
  219    82    76    97
  220    64    61    82
  221    75    72    93
  222    40    47    68
  223    37    34    55
  224    40    45    66
  225    18    25    46
  226    72    63    84
  227    72    66    86
  228    69    66    86
  229    49    59    79
  230    86    77    97
  231    69    67    87
  232     8     8    28
  233    72    73    93
  234    75    80    99
  235    54    54    73
  236    28    38    57
  237    70    77    96
  238    27    33    52
  239    73    79    98
  240    85    78    97
  241    11    11    29
  242    71    80    98
  243     4     4    22
  244    73    78    96
  245    80    80    98
  246    69    76    94
  247    84    76    93
  248    43    52    69
  249    60    54    71
  250    67    60    77
  251    37    30    47
  252    69    75    92
  253    89    79    96
  254    79    70    87
  255    82    82    99
  256    73    73    90
  257    87    77    94
  258    53    45    62
  259    73    72    89
  260    53    43    60
  261    80    78    95
  262    87    81    98
  263    33    26    42
  264     4     4    20
  265    49    57    73
  266    34    39    55
  267    36    29    45
  268    84    80    96
  269    45    50    66
  270    87    81    96
  271    57    62    77
  272    63    53    68
  273    66    67    82
  274    71    76    91
  275    20    13    28
  276    10     5    20
  277    48    49    64
  278    59    57    72
  279    82    81    96
  280    74    79    94
  281    31    33    47
  282    81    82    96
  283    42    37    51
  284     9    17    31
  285    72    75    89
  286    61    66    80
  287    75    80    94
  288    72    76    90
  289    93    85    99
  290    66    64    78
  291     8     7    21
  292    47    43    56
  293    48    58    71
  294    54    61    74
  295    90    84    97
  296    58    60    73
  297    43    50    63
  298    57    55    68
  299    92    85    98
  300    60    51    64
  301    55    54    67
  302    54    60    73
  303     5     2    15
  304    81    80    93
  305    74    71    84
  306    80    81    94
  307    22    19    32
  308    11     9    21
  309    75    82    94
  310    70    75    87
  311    16     9    21
  312    68    71    83
  313    74    71    83
  314    89    81    93
  315    86    79    91
  316    88    87    99
  317    40    37    48
  318    87    82    93
  319    62    72    83
  320    67    59    70
  321    80    72    83
  322    24    30    41
  323    63    73    84
  324    39    43    54
  325    72    74    85
  326    65    68    79
  327    84    78    89
  328    68    75    86
  329    31    24    35
  330    77    82    92
  331    82    83    93
  332    72    68    78
  333    80    79    89
  334     5     1    11
  335    80    88    98
  336    64    54    64
  337    53    54    64
  338    30    24    34
  339    41    34    44
  340    74    84    94
  341    84    82    92
  342    89    87    96
  343    78    71    80
  344    10    10    19
  345    77    85    94
  346    88    89    98
  347    94    90    99
  348    92    84    93
  349    73    66    74
  350     7    14    22
  351    88    90    98
  352    80    90    98
  353     1     2    10
  354    73    79    87
  355    50    59    67
  356    83    76    84
  357    81    82    90
  358    57    51    59
  359    77    86    94
  360    38    34    42
  361     5    11    18
  362    55    54    61
  363    80    71    78
  364    67    68    75
  365    76    80    87
  366    82    91    98
  367    31    39    46
  368    88    83    90
  369   100    91    98
  370    98    88    95
  371    84    76    83
  372     4     4    11
  373    94    85    92
  374    84    82    88
  375    74    70    76
  376    61    62    68
  377    25    17    23
  378    60    58    64
  379    57    48    54
  380    72    71    77
  381    29    23    29
  382    82    87    93
  383    57    52    58
  384    98    88    94
  385    75    68    74
  386    39    36    41
  387    96    86    91
  388    26    21    26
  389    78    74    79
  390    76    86    91
  391    90    90    95
  392    83    75    80
  393    53    60    65
  394    89    87    92
  395    67    61    66
  396    33    26    30
  397    60    57    61
  398   102    94    98
  399    89    92    96
  400    97    93    97
  401    69    73    77
  402    77    76    80
  403    46    42    46
  404    53    58    62
  405    91    95    99
  406    92    93    97
  407    65    72    76
  408   102    93    97
  409    94    95    99
  410    90    94    98
  411    69    65    69
  412    45    45    48
  413    28    19    22
  414    85    88    91
  415    89    94    97
  416    85    94    97
  417    76    85    88
  418    30    25    28
  419    93    83    86
  420    76    80    83
  421    42    38    41
  422    79    82    85
  423    96    93    96
  424    85    79    82
  425    13     8    11
  426    95    95    97
  427   101    93    95
  428    88    91    93
  429    11    15    17
  430    14    10    12
  431    73    64    66
  432    10     5     7
  433    70    78    80
  434   104    95    97
  435    37    29    31
  436    78    83    85
  437    91    95    97
  438    89    92    94
  439    84    80    82
  440   107    97    99
  441   102    97    99
  442    83    77    79
  443    96    97    99
  444    96    95    97
  445   100    94    96
  446    81    83    85
  447    95    96    98
  448    92    92    94
  449    81    84    86
  450    94    88    89
  451    97    97    98
  452    94    84    85
  453    83    91    92
  454   102    95    96
  455    93    98    99
  456   105    97    98
  457   103    93    94
  458    60    55    56
  459    37    42    43
  460    55    60    61
  461    99    89    90
  462    92    92    93
  463   104    94    95
  464    31    36    37
  465    28    28    29
  466    94    98    99
  467    90    89    90
  468    93    99    99
  469    82    87    87
  470    95    93    93
  471    90   100   100
  472    62    52    52
  473    94    99    99
  474    89    95    95
  475    90    93    93
  476    27    28    28
  477    89    99    99
  478    98    94    94
  479   108    99    99
  480    30    29    29
  481   105    99    99
  482    85    85    85
  483    37    40    40
  484   105   100   100
  485    92    98    98
  486    35    39    39
  487    23    30    30
  488    83    78    78
  489    95    90    90
  490    75    75    75
  491    97    94    94
  492    81    83    83
  493    95   100   100
  494    87    95    95
  495   102    96    96
  496   101    96    96
  497    90    99    99
  498    95    99    99
  499    92    94    94
  100