  100
    0    19    10    97
    1     3     1    79
    2    22    22    98
    3    43    33    98
    4    27    21    86
    5    14    10    74
    6    37    33    94
    7    41    37    97
    8    35    34    92
    9    40    33    91
   10    23    28    83
   11     1     4    58
   12    14    22    75
   13     1     2    55
   14    42    32    83
   15    19     9    60
   16    24    32    83
   17    47    50    99
   18    20    23    72
   19    37    43    91
   20    54    46    92
   21    22    32    76
   22    42    44    88
   23    26    26    69
   24    14    12    53
   25     6    11    51
   26    53    58    96
   27     9     2    40
   28    43    33    70
   29    41    50    85
   30    59    56    91
   31    60    58    88
   32    49    47    76
   33    70    67    96
   34    68    73    99
   35    62    54    80
   36    51    46    71
   37    71    62    87
   38    49    50    75
   39    35    31    56
   40    67    57    81
   41    44    38    60
   42    61    67    88
   43    51    52    72
   44    72    66    85
   45    43    40    58
   46    56    61    79
   47    28    21    39
   48    75    73    91
   49    63    62    78
   50    48    38    54
   51    81    83    99
   52     1     7    22
   53    63    65    80
   54    32    26    41
   55    79    77    91
   56    62    59    73
   57    73    79    92
   58    82    82    95
   59    84    79    91
   60    75    85    96
   61    45    49    60
   62    75    82    93
   63    36    38    49
   64    92    84    94
   65    98    89    99
   66    80    74    84
   67    50    58    67
   68    83    73    82
   69    80    88    96
   70    62    59    67
   71    54    64    72
   72    74    84    92
   73    78    88    96
   74    86    81    89
   75    72    62    69
   76    78    76    83
   77    86    93    99
   78    87    94    99
   79    95    93    98
   80    93    87    92
   81    54    55    60
   82    61    58    63
   83    54    61    66
   84    88    92    96
   85    55    60    64
   86    93    95    99
   87    80    77    81
   88    80    72    75
   89    76    69    72
   90    86    83    86
   91    82    86    88
   92    88    90    92
   93    71    69    70
   94   103    95    96
   95   103    97    98
   96   102    96    97
   97    98    96    96
   98    94   100   100
   99    84    87    87
  100