  100
    0     1     8    94
    1    39    15    96
    2    63    13    90
    3    34    14    90
    4    36     6    80
    5    53    16    87
    6    50    17    87
    7    39    19    88
    8    45    29    95
    9    32     7    73
   10    87    20    84
   11    96    19    83
   12    62    16    79
   13    54    19    80
   14    21    24    84
   15    53     3    63
   16    99     6    65
   17     6    29    88
   18    35    39    98
   19    82    12    67
   20    76    44    99
   21    34    39    94
   22    68    18    72
   23    79    28    80
   24    94    48    93
   25    68    50    95
   26    77    32    77
   27     3    45    87
   28    68    36    76
   29    67    19    59
   30    95     6    42
   31    57    19    55
   32    17    24    56
   33    97    16    48
   34    20    45    77
   35    49    56    86
   36    22    66    95
   37    38    68    96
   38    57    50    76
   39    81    62    87
   40    47    65    90
   41    91    22    46
   42    34    24    48
   43    54    25    47
   44    33    42    64
   45    49    41    62
   46    24     1    20
   47    81     3    22
   48    10    58    76
   49    73    13    30
   50    60    55    72
   51    52    75    92
   52    87    82    99
   53     2    23    39
   54    88    11    26
   55    47    81    96
   56    83     1    16
   57    52    50    64
   58    67    72    86
   59    43    55    69
   60    41    79    93
   61    77    21    34
   62    24    59    71
   63    48    87    99
   64    49    84    95
   65    36    25    36
   66    29    73    84
   67    35    69    80
   68    61    72    81
   69     2    48    57
   70    39    75    83
   71    63    65    73
   72    21    68    76
   73    53    50    58
   74    78    67    75
   75    67    83    90
   76    40    82    89
   77     4    87    93
   78    42    77    83
   79    87    91    97
   80    95    85    91
   81    61    67    72
   82    48     9    14
   83    51    86    91
   84    19    95    99
   85    17    62    65
   86    47    29    32
   87    20    79    82
   88    50    96    98
   89    68    96    98
   90    38    77    79
   91    48    97    99
   92    37    95    96
   93    39    68    69
   94    99    98    99
   95    35    48    48
   96    95     1     1
   97    10    96    96
   98     4    99    99
   99    90    97    97
  100