  100
    0    11    21    96
    1    13    23    97
    2     1    11    80
    3    18    28    86
    4    33    43    98
    5    29    39    93
    6    27    37    90
    7    29    39    91
    8     7    17    69
    9     6    16    66
   10    32    42    91
   11    11    21    67
   12    24    34    79
   13    43    53    97
   14    10    20    64
   15    25    35    77
   16    12    22    63
   17    48    58    98
   18    13    23    61
   19    22    32    70
   20    50    60    97
   21    44    54    90
   22     2    12    48
   23    16    26    61
   24     2    12    46
   25    53    63    97
   26    55    65    98
   27    13    23    56
   28    39    49    79
   29    39    49    78
   30    29    39    67
   31    49    59    87
   32    56    66    94
   33    24    34    62
   34     4    14    41
   35    22    32    58
   36    21    31    57
   37    18    28    53
   38    65    75    99
   39    56    66    89
   40    18    28    51
   41    53    63    85
   42    55    65    86
   43    36    46    67
   44    57    67    88
   45    43    53    73
   46    54    64    83
   47     2    12    31
   48    20    30    48
   49    72    82    99
   50    69    79    96
   51    59    69    85
   52    55    65    81
   53    55    65    80
   54    68    78    92
   55    64    74    87
   56    56    66    78
   57    46    56    68
   58    68    78    90
   59    60    70    81
   60    72    82    93
   61    67    77    88
   62    21    31    41
   63    26    36    46
   64    68    78    88
   65    79    89    98
   66    79    89    98
   67    75    85    93
   68    71    81    89
   69    51    61    69
   70    49    59    66
   71    23    33    40
   72    82    92    98
   73    73    83    89
   74    57    67    73
   75    69    79    85
   76    67    77    82
   77    79    89    94
   78    46    56    61
   79    55    65    69
   80    70    80    84
   81    82    92    95
   82     2    12    15
   83    82    92    94
   84    44    54    55
   85    88    98    99
   86    51    61    62
   87    98   100   100
   88    95   100   100
   89    90   100   100
   90    23    33    33
   91    95   100   100
   92    90   100   100
   93    96   100   100
   94    89    99    99
   95    32    42    42
   96    94   100   100
   97    49    59    59
   98    93   100   100
   99    90   100   100
  100