  500
    0    64     4    98
    1    44     5    99
    2    73     4    97
    3    61     3    96
    4    93     3    94
    5    68     4    93
    6    33     8    95
    7    65     6    92
    8    77    10    94
    9     8     7    91
   10    34     6    90
   11    53     9    93
   12    97    12    95
   13    66     3    85
   14    99    10    87
   15    46    14    91
   16    23     3    79
   17    31    20    95
   18    46    12    86
   19     5    18    91
   20    74     6    79
   21    37    19    92
   22    58    13    86
   23    14    12    85
   24    24    26    97
   25    83    21    89
   26    20     5    72
   27    69    13    79
   28    99    19    85
   29    49     4    70
   30    25     2    68
   31    61    30    95
   32    72     6    70
   33    71    19    82
   34    51    23    86
   35    37    11    73
   36    49    28    90
   37    64     8    70
   38    31    31    92
   39    90    19    79
   40    10    15    75
   41    19    37    97
   42     2    36    96
   43    75    19    79
   44    95    13    72
   45    53    15    73
   46    41    22    80
   47    11    15    72
   48    48     5    62
   49    21    24    81
   50    21     5    61
   51    34    17    73
   52    16    35    91
   53     9    29    85
   54    79    20    76
   55    31    25    80
   56     6    36    91
   57    34    15    69
   58    57     5    59
   59    22    11    64
   60    53    33    86
   61    95     3    56
   62    13    26    78
   63    53     8    60
   64    66    45    97
   65    65    44    95
   66    49    21    72
   67    38    47    98
   68    34    10    61
   69    36     8    59
   70     4    46    97
   71    22    16    67
   72    49    38    89
   73    77    48    98
   74    89     2    52
   75     8     3    52
   76    74    35    84
   77    95    10    59
   78    62    41    90
   79    65    12    60
   80    56    16    64
   81    85    47    95
   82    98    42    89
   83    44     3    50
   84    97    50    97
   85    65    53    99
   86     5     7    53
   87    50    22    67
   88    31    15    60
   89    49    28    72
   90    25    36    80
   91    76    54    98
   92    86    52    95
   93    69    52    94
   94    72    34    76
   95    51    56    98
   96    15    43    85
   97    50    29    71
   98    63    40    82
   99    44    10    52
  100    25    20    62
  101     2    32    74
  102     4    44    85
  103    10    56    97
  104    34     6    46
  105     2    43    83
  106     8    54    93
  107     4    43    82
  108    67     7    45
  109    74     7    45
  110    40    18    56
  111    92    53    91
  112    15    15    53
  113    25    52    90
  114    55    42    79
  115    23    34    71
  116    59    36    73
  117     4    37    73
  118    34    44    80
  119    55    18    53
  120    72    31    66
  121    27    24    59
  122     1    53    88
  123    71    29    64
  124   100    37    71
  125    10    42    76
  126    17    10    44
  127    26    57    91
  128    16     9    43
  129    60    62    96
  130    59    61    95
  131    56    27    60
  132    62    47    80
  133    53    31    64
  134    93    45    78
  135    22    27    59
  136    31     5    37
  137    27     7    38
  138    49    14    45
  139    70    63    94
  140   100    55    85
  141    90    59    89
  142    49    25    55
  143    72    58    88
  144    87    52    82
  145    81    64    94
  146    69    43    73
  147    73    47    77
  148    37    45    75
  149    25    42    71
  150    56    34    63
  151     1    57    86
  152    80    41    70
  153    80    56    85
  154    64     7    35
  155    74    58    86
  156    32    44    72
  157    26    68    96
  158    65    63    91
  159    87    52    80
  160    47    31    59
  161    71     4    32
  162    91    59    86
  163    76    63    90
  164    77    41    68
  165    41    19    46
  166    85    56    83
  167    28    70    96
  168    34    43    69
  169    15    51    77
  170    20    25    51
  171    28    29    55
  172    37    49    75
  173    47    73    99
  174     9    71    97
  175    56    51    77
  176    71    65    91
  177    10    73    98
  178    97    29    54
  179    46    72    97
  180    15    60    85
  181    78    22    47
  182    14    11    36
  183    54    54    79
  184    21    47    72
  185    81    25    50
  186     3    70    95
  187    31    24    48
  188    69    35    59
  189    78    45    69
  190    97    58    82
  191    59    42    66
  192    40    20    44
  193    31    59    83
  194    16     9    33
  195    13    64    88
  196     5    44    67
  197     9    70    93
  198    79    37    60
  199    51    28    51
  200    84    69    92
  201    70    75    98
  202    97    60    82
  203    99    52    74
  204     9    71    93
  205    22    49    71
  206    69    39    61
  207    73    43    65
  208     7    23    44
  209    51    69    90
  210    42    58    79
  211    51    77    98
  212    56    40    61
  213    95     6    27
  214    77    23    44
  215    91    28    49
  216    86    78    98
  217    11    45    65
  218     7    76    96
  219    84    40    60
  220    38    47    67
  221    98    68    88
  222    49    25    45
  223    47    68    88
  224     6    60    80
  225    14    76    96
  226    35    64    84
  227    37    22    42
  228    67    58    77
  229    72    43    62
  230    97    79    98
  231    47     8    27
  232    13    62    81
  233    40     1    20
  234    34    77    96
  235    13    74    93
  236    76    48    66
  237     5    79    97
  238    57    75    93
  239    42    47    65
  240    70    50    68
  241    72    56    74
  242    30    80    98
  243    34    66    84
  244    63    22    40
  245    21    62    79
  246    60    63    80
  247    15    56    73
  248     6    70    87
  249    85    81    98
  250    11    18    35
  251    62    70    87
  252    78    59    76
  253    31    81    98
  254    40    70    87
  255     9    32    49
  256    44    35    52
  257    37    43    60
  258    56    38    55
  259    32    82    99
  260    11    33    50
  261    40    65    82
  262    55    81    97
  263    63    55    71
  264    69    81    97
  265    66    22    38
  266    50    27    43
  267    10    56    72
  268    39    20    36
  269    72    62    78
  270    58    55    71
  271    44    76    91
  272     6    78    93
  273     9    22    37
  274    73    14    29
  275     9    33    48
  276    69     2    17
  277    20    66    81
  278     9    84    98
  279   100    61    75
  280    83    50    64
  281    25    83    97
  282    49    67    81
  283    51    14    28
  284    26    85    99
  285    59    50    64
  286    98    83    97
  287    70    82    96
  288    52    37    51
  289    24    51    64
  290    52    29    42
  291    34    81    94
  292    39    54    67
  293    10    83    96
  294    74    42    55
  295    72    54    66
  296    45    56    68
  297     9    45    57
  298    77    40    52
  299    63    81    93
  300    37    50    62
  301    55    82    93
  302    65    75    86
  303    44    84    95
  304    95    82    93
  305    23    84    95
  306     2    86    97
  307    42    82    93
  308    43    33    44
  309     6    88    99
  310    39    15    26
  311    22    70    81
  312    94    39    50
  313    77    51    62
  314    57    67    78
  315    84    26    37
  316    11    19    29
  317     1     7    17
  318    65    20    30
  319     2    64    74
  320    89    83    93
  321    95    70    80
  322    53    43    53
  323    84    74    84
  324    85    65    75
  325    91    63    73
  326    71    88    98
  327     7    82    92
  328    11    42    52
  329    66    21    30
  330    68    80    89
  331    23    83    92
  332    94    56    65
  333    88    54    63
  334    29    21    30
  335    84    64    73
  336     2    46    55
  337    11     5    14
  338     4     6    14
  339    55    40    48
  340    95    64    72
  341    67     6    14
  342    40    88    96
  343    88    68    76
  344    77    46    54
  345    81    75    83
  346    32    81    89
  347    64    56    64
  348    18    61    69
  349    11    89    97
  350    32    76    84
  351    92    39    46
  352    49    59    66
  353    15    49    56
  354    57    78    85
  355    85    91    98
  356    64    73    80
  357    14    81    88
  358    38    89    96
  359    97    87    94
  360    29    38    45
  361     5    19    26
  362    61    44    51
  363    80    76    83
  364    64    85    92
  365    53    91    98
  366    49    79    86
  367    81    80    87
  368    15    89    95
  369    72    46    52
  370    96    90    96
  371    89    89    95
  372    22    58    64
  373    84    78    84
  374    59    88    94
  375    17    84    90
  376    92    73    79
  377    35    69    75
  378    79    88    94
  379    15    82    88
  380    86    92    98
  381    45    54    60
  382     8    79    85
  383    35    64    70
  384    53    48    54
  385    75    92    98
  386    95    91    97
  387    59    15    20
  388    54    10    15
  389    44    68    73
  390    71    22    27
  391    18    62    67
  392    86    90    95
  393    29    46    51
  394    86    62    67
  395     2    90    95
  396    63    90    95
  397    85    87    91
  398    27    82    86
  399    39    90    94
  400    54    60    64
  401    72    47    51
  402    85    58    62
  403    43    25    29
  404    45    66    70
  405     7     8    12
  406    58    95    99
  407    25    83    87
  408    82    79    83
  409    91    75    79
  410    97    57    61
  411    14    84    88
  412    24     1     5
  413    88    61    65
  414    96    69    73
  415    11    69    73
  416    34    84    88
  417    53    93    97
  418    60    94    98
  419    91    68    72
  420    91    90    93
  421    55    87    90
  422    35    57    60
  423    45    47    50
  424    88    60    63
  425    15    60    63
  426    12     4     7
  427    39    90    93
  428    62    46    49
  429    41    75    78
  430     2    40    43
  431    12    67    70
  432    49    96    99
  433    32    94    96
  434    94    87    89
  435    32    96    98
  436    92    85    87
  437    84    90    92
  438    82    96    98
  439    56    86    88
  440    68    69    71
  441    71    97    99
  442    97    97    99
  443    18    86    88
  444    31    87    89
  445    95    86    88
  446    27    95    97
  447    42    89    91
  448    67    76    78
  449    49    96    98
  450    76    82    83
  451    86    97    98
  452    95    98    99
  453    38    97    98
  454    68    72    73
  455    44     6     7
  456    87    85    86
  457    75    97    98
  458     8    30    31
  459    50    93    94
  460    12    96    97
  461    47    79    80
  462    59    98    99
  463    77     9    10
  464     6    30    31
  465     4    77    78
  466    82    28    29
  467    79    97    98
  468    60    77    77
  469    80    66    66
  470    78    99    99
  471    80    17    17
  472    65   100   100
  473    92    97    97
  474    49    97    97
  475    32    89    89
  476    67    98    98
  477    51    74    74
  478    24    91    91
  479     2   100   100
  480    56    98    98
  481    70    87    87
  482    77   100   100
  483    64   100   100
  484    45    67    67
  485    87    99    99
  486    15    81    81
  487    62    70    70
  488    86    97    97
  489    56   100   100
  490    26    54    54
  491    36    31    31
  492    65    99    99
  493    93   100   100
  494     3   100   100
  495    45    93    93
  496    48   100   100
  497    95    99    99
  498    23    60    60
  499    17    94    94
  100