 1000
    0     8     4    94
    1    10     4    93
    2    13     5    93
    3     7     8    96
    4    13     9    96
    5     7    10    96
    6     9     1    87
    7     3    11    96
    8    12     9    94
    9    17    14    99
   10    10    10    94
   11     1     2    86
   12    16    14    97
   13     1     3    86
   14     1     7    89
   15     4     8    89
   16     7     6    86
   17    17    11    90
   18     2     4    82
   19    11     5    83
   20    23    16    94
   21     1     8    86
   22     1     1    79
   23    10    19    96
   24     1     2    79
   25    20    16    93
   26     8    10    86
   27    28    19    95
   28    25    21    97
   29    13    11    86
   30    16    17    91
   31     1     3    77
   32     1     6    80
   33     1     4    78
   34    18    24    97
   35     8    12    85
   36     1     6    79
   37     1     1    74
   38    12    17    89
   39    16    23    95
   40    31    22    94
   41    23    24    96
   42    22    24    96
   43    17    22    93
   44    23    25    96
   45    23    15    85
   46     8     5    75
   47    30    25    95
   48    22    30    99
   49    13    20    89
   50    16    19    87
   51    13    12    80
   52    15    21    89
   53    20    15    83
   54    28    23    91
   55     1     3    70
   56    29    31    98
   57    22    20    86
   58    16    25    91
   59    28    20    86
   60    10     4    69
   61    34    24    89
   62    32    33    98
   63    11    14    78
   64    30    23    87
   65    11    19    82
   66     6    11    74
   67     1     7    70
   68     7     4    67
   69    32    26    88
   70    15    19    81
   71    26    24    86
   72    33    26    88
   73     1     1    63
   74    34    33    95
   75    15    16    77
   76    31    36    97
   77    18    14    75
   78     3    11    72
   79    43    34    95
   80    12     3    63
   81    47    39    99
   82    39    37    97
   83    45    35    95
   84    24    21    81
   85    29    31    91
   86    11    10    70
   87    12    14    74
   88    33    38    98
   89    19    27    87
   90    15    11    71
   91    33    30    89
   92    41    36    95
   93    24    34    93
   94    32    34    93
   95    31    30    89
   96    24    33    91
   97    24    28    86
   98    18    15    73
   99     2     8    65
  100     9    15    72
  101    23    30    87
  102     2     3    60
  103    21    21    78
  104    28    18    75
  105    27    21    77
  106    50    42    98
  107    48    39    95
  108     9    17    72
  109    49    40    95
  110    34    39    94
  111    30    34    89
  112     1     9    64
  113    23    19    74
  114    30    32    87
  115    12    20    75
  116    31    38    93
  117    42    38    93
  118    16    18    72
  119    37    29    83
  120    28    29    83
  121    37    34    88
  122    35    39    92
  123    50    44    97
  124    17    25    78
  125    35    34    87
  126    45    41    94
  127     6     6    58
  128     4     8    60
  129    40    32    84
  130    54    46    98
  131    15    15    67
  132    39    39    91
  133    30    33    84
  134    52    43    94
  135     1     7    58
  136    33    43    93
  137     3     2    52
  138    27    26    76
  139    41    32    82
  140    14    10    60
  141    19    20    70
  142    47    42    91
  143    47    44    93
  144    33    38    87
  145     7    15    64
  146    21    30    79
  147     7     8    57
  148    22    17    66
  149    17    25    74
  150    22    25    73
  151    30    32    80
  152    17    22    70
  153    31    35    83
  154    37    34    82
  155    42    48    95
  156    35    38    85
  157    18    24    71
  158    46    51    98
  159    51    44    91
  160    29    26    73
  161    45    43    89
  162    56    47    93
  163    14    18    64
  164     1     5    51
  165    41    43    89
  166    43    53    99
  167    15    25    71
  168    33    38    84
  169    41    49    95
  170    56    47    93
  171    36    44    90
  172    11     2    47
  173    16    19    64
  174    38    30    75
  175     9     9    54
  176    42    50    95
  177     9    11    56
  178    22    31    76
  179    17    12    57
  180    23    23    68
  181    23    30    75
  182    35    36    81
  183     1     4    48
  184    58    50    94
  185    24    27    71
  186    22    25    69
  187    55    55    99
  188    44    51    95
  189    11    20    64
  190    36    31    74
  191    43    51    94
  192     5    11    54
  193    21    31    74
  194    53    44    87
  195    44    48    90
  196    54    50    92
  197    35    41    83
  198    47    47    89
  199    45    37    79
  200     7    10    52
  201    14    18    60
  202    20    17    59
  203    40    49    91
  204    58    52    94
  205    54    47    89
  206    43    46    88
  207    10     1    42
  208    49    52    93
  209    27    26    67
  210    50    54    95
  211    37    36    77
  212    40    42    83
  213    25    32    73
  214     1     6    47
  215    62    54    95
  216    54    51    92
  217    22    12    53
  218    19    27    68
  219    44    48    89
  220    27    37    77
  221     5    14    54
  222    43    43    83
  223    43    46    86
  224    28    31    71
  225    14    21    61
  226    20    18    58
  227    13    18    57
  228    40    39    78
  229    23    32    71
  230     1     9    48
  231    38    32    71
  232    38    48    87
  233    47    44    83
  234    20    22    61
  235    57    57    96
  236    51    55    93
  237    22    19    57
  238    47    51    89
  239    20    21    59
  240    46    52    89
  241    58    57    94
  242    50    43    80
  243    35    39    76
  244     1     1    38
  245    41    32    69
  246    31    29    66
  247    14    17    54
  248    68    58    95
  249    62    58    95
  250    55    53    90
  251    51    50    87
  252    46    37    73
  253    35    30    66
  254    10     7    43
  255    45    53    89
  256    51    55    91
  257    46    48    84
  258    27    32    68
  259    72    62    98
  260    18    25    61
  261    15    23    59
  262    26    21    57
  263    28    21    57
  264    66    57    92
  265    37    42    77
  266    29    33    68
  267    35    43    78
  268    41    44    79
  269    17    12    47
  270    22    12    47
  271    55    45    80
  272     7     7    42
  273    47    56    91
  274    45    53    88
  275    32    23    58
  276    17    18    53
  277    57    50    84
  278    72    64    98
  279    47    48    82
  280    46    45    79
  281    44    50    84
  282    17    26    60
  283     7     1    35
  284    31    21    55
  285    36    27    61
  286    36    37    71
  287    30    39    73
  288    23    23    56
  289    16    18    51
  290    21    30    63
  291     1     7    40
  292    55    51    84
  293    44    46    79
  294    57    64    97
  295    37    47    80
  296    73    64    97
  297    43    44    77
  298    54    56    88
  299    31    30    62
  300    68    60    92
  301    62    66    98
  302    50    55    87
  303    71    62    94
  304    19    10    42
  305    24    21    53
  306    29    21    53
  307    32    41    73
  308    56    63    95
  309    64    64    96
  310    50    58    90
  311    35    45    76
  312    29    32    63
  313    43    44    75
  314    18    24    55
  315    18    17    48
  316    10    18    49
  317    69    61    92
  318     1     5    35
  319    59    66    96
  320    62    64    94
  321    72    69    99
  322    43    41    71
  323    59    67    97
  324    43    44    74
  325    23    21    51
  326    70    67    97
  327    44    38    67
  328     8     9    38
  329    54    63    92
  330    56    66    95
  331    61    69    98
  332    58    65    94
  333    42    49    78
  334    26    35    64
  335    75    65    94
  336    12     6    35
  337    71    69    98
  338    43    37    66
  339    29    31    60
  340    45    43    71
  341    23    22    50
  342    55    55    83
  343    23    16    44
  344    13     9    37
  345    29    30    58
  346    72    68    96
  347    62    53    81
  348    31    38    66
  349    36    38    65
  350    55    52    79
  351    73    66    93
  352    45    55    82
  353    12    16    43
  354    56    64    91
  355    57    51    78
  356    46    46    73
  357    27    29    56
  358    44    51    78
  359    12     9    36
  360    72    67    94
  361    57    64    91
  362    62    69    95
  363    21    24    50
  364    41    51    77
  365    58    52    78
  366    61    62    88
  367    62    55    81
  368    55    45    71
  369    72    73    99
  370    50    52    78
  371    28    38    63
  372    24    25    50
  373    45    40    65
  374    37    44    69
  375    70    62    87
  376    57    53    78
  377    13     5    30
  378    20    19    44
  379    67    58    83
  380    47    54    79
  381     8    17    42
  382    74    66    91
  383    70    69    94
  384    55    51    76
  385    76    71    96
  386    45    47    72
  387    59    52    76
  388    63    63    87
  389    66    56    80
  390    48    40    64
  391    29    28    52
  392    43    39    63
  393    68    75    99
  394    70    63    87
  395    14     4    28
  396    77    69    93
  397    11    10    34
  398    58    62    86
  399    34    40    64
  400     1     7    31
  401    32    41    65
  402    62    69    93
  403    39    48    72
  404     7     4    28
  405    71    61    84
  406    27    35    58
  407    58    59    82
  408    54    44    67
  409     3     6    29
  410    65    56    79
  411    39    49    72
  412    65    66    89
  413    45    41    64
  414    69    67    90
  415    44    46    69
  416    38    46    69
  417    57    48    70
  418    48    41    63
  419    50    42    64
  420    54    51    73
  421    53    62    84
  422    59    64    86
  423    80    75    97
  424    22    25    47
  425    19    14    36
  426    49    43    65
  427     2     6    28
  428    71    62    84
  429    38    29    51
  430    82    74    96
  431    56    62    84
  432     9     4    26
  433    56    53    75
  434    62    57    79
  435    68    73    94
  436    34    32    53
  437    70    75    96
  438    69    77    98
  439    79    75    96
  440    73    73    94
  441    51    41    62
  442     1     5    26
  443    17     7    28
  444    31    36    57
  445    75    66    87
  446    64    68    88
  447    56    56    76
  448    22    30    50
  449    43    40    60
  450    57    66    86
  451    87    79    99
  452    48    39    59
  453    66    62    82
  454    76    77    97
  455    29    23    43
  456     8     2    22
  457    53    60    80
  458    26    28    48
  459    75    71    91
  460    78    78    98
  461    60    68    87
  462    16    11    30
  463    49    59    78
  464    80    72    91
  465    80    75    94
  466    49    51    70
  467    47    50    69
  468    39    30    49
  469    67    71    90
  470    40    35    54
  471    43    46    65
  472    73    73    92
  473    40    45    64
  474    86    79    98
  475    59    60    79
  476    22    29    48
  477    52    50    69
  478    73    75    94
  479     4     2    20
  480    56    63    81
  481    59    68    86
  482    36    33    51
  483    40    45    63
  484    27    17    35
  485    32    33    51
  486    48    47    65
  487    80    81    99
  488    55    57    75
  489    53    56    74
  490    76    71    89
  491    84    80    98
  492    69    67    85
  493    39    48    66
  494    27    32    50
  495    47    54    72
  496    71    80    97
  497    35    43    60
  498    26    23    40
  499    61    62    79
  500    71    67    84
  501    82    75    92
  502    86    80    97
  503    36    38    55
  504    61    58    75
  505    47    39    56
  506    62    53    70
  507    21    23    40
  508    58    50    67
  509    30    36    53
  510    72    75    92
  511    35    34    50
  512     8    14    30
  513    88    83    99
  514    66    73    89
  515    41    44    60
  516    84    77    93
  517    69    79    95
  518    64    59    75
  519    14     6    22
  520    72    70    86
  521    45    49    65
  522    62    57    73
  523    48    41    57
  524    81    75    91
  525    78    74    90
  526    54    49    65
  527    53    62    78
  528    47    52    68
  529    60    65    81
  530     6     1    16
  531    80    72    87
  532    89    81    96
  533    79    80    95
  534    74    79    94
  535     9    10    25
  536    73    70    85
  537    76    75    90
  538    25    24    39
  539    70    66    81
  540    47    44    59
  541    76    80    95
  542    77    68    83
  543    41    49    64
  544    84    77    92
  545    28    33    48
  546     3     9    24
  547    12     9    24
  548    71    71    86
  549    75    83    98
  550    43    53    68
  551    13    10    24
  552    57    51    65
  553    20    28    42
  554    82    85    99
  555    77    79    93
  556    59    57    71
  557    76    84    98
  558    83    75    89
  559    65    58    72
  560     8     8    22
  561    87    83    97
  562    56    57    71
  563    84    75    89
  564    65    66    80
  565    40    44    58
  566    41    43    57
  567    19    22    36
  568    20    20    34
  569    56    48    62
  570    50    48    62
  571    73    77    90
  572    62    66    79
  573    58    54    67
  574    65    55    68
  575    17    26    39
  576     2    11    24
  577    36    32    45
  578    55    50    63
  579    77    80    93
  580    73    69    82
  581    95    86    99
  582    50    47    60
  583    27    35    48
  584    69    76    89
  585    67    77    90
  586    51    61    74
  587    27    27    39
  588    73    65    77
  589    76    85    97
  590    54    49    61
  591    80    86    98
  592    76    71    83
  593    84    87    99
  594    77    74    86
  595    65    70    82
  596    11     6    18
  597    76    68    80
  598    96    86    98
  599    91    86    98
  600    76    80    92
  601    31    23    35
  602    26    23    35
  603    24    28    40
  604    21    21    33
  605    70    68    80
  606    82    76    88
  607    85    87    99
  608    18    24    36
  609    76    70    82
  610    41    45    57
  611     1     3    15
  612    66    58    69
  613    80    75    86
  614    83    86    97
  615    68    66    77
  616    71    68    79
  617    87    83    94
  618    88    86    97
  619    82    75    86
  620    79    88    99
  621    69    63    74
  622    53    58    69
  623    73    82    93
  624    92    83    94
  625    36    39    50
  626    89    81    92
  627    84    87    98
  628    95    88    99
  629    23    17    28
  630    70    80    91
  631    77    72    82
  632    67    73    83
  633    65    75    85
  634    55    52    62
  635    69    79    89
  636    63    64    74
  637    56    59    69
  638    34    26    36
  639     2     5    15
  640    55    56    66
  641    44    37    47
  642    28    20    30
  643    24    32    42
  644    93    88    98
  645    37    29    39
  646    77    85    95
  647    91    87    97
  648    75    84    94
  649    57    57    67
  650    68    62    72
  651    79    82    92
  652    74    79    89
  653    75    85    95
  654    53    55    65
  655     9    14    24
  656    73    66    76
  657    65    62    72
  658    81    74    84
  659    63    59    69
  660    46    39    49
  661    25    32    41
  662    24    28    37
  663    81    89    98
  664    45    40    49
  665    84    84    93
  666    28    36    45
  667    81    90    99
  668    40    47    56
  669    72    63    72
  670    25    24    33
  671    89    90    99
  672    62    59    68
  673    34    24    33
  674    82    86    95
  675    85    77    86
  676    73    73    82
  677    76    68    77
  678    85    75    84
  679    83    79    88
  680    53    63    72
  681     4     2    11
  682    98    89    98
  683    53    44    52
  684    56    55    63
  685    60    63    71
  686     4    10    18
  687    78    75    83
  688    19    12    20
  689    45    45    53
  690    82    87    95
  691    50    51    59
  692    71    79    87
  693    88    88    96
  694    89    90    98
  695    78    83    91
  696    70    66    74
  697    79    85    93
  698    86    79    87
  699    96    90    98
  700    48    54    62
  701    53    45    53
  702    96    90    98
  703    93    85    93
  704    71    81    88
  705    97    87    94
  706    83    75    82
  707    93    88    95
  708    44    47    54
  709    89    86    93
  710    90    91    98
  711    41    35    42
  712    80    85    92
  713    74    78    85
  714    77    75    82
  715    54    63    70
  716    86    90    97
  717    99    92    99
  718     1     1     8
  719    65    59    66
  720    83    78    85
  721    90    92    99
  722     2     3    10
  723   100    92    99
  724    34    40    47
  725    71    80    87
  726    76    70    77
  727    98    90    97
  728    88    82    89
  729    85    82    88
  730    17     9    15
  731    61    66    72
  732    99    92    98
  733    28    21    27
  734    98    91    97
  735    83    80    86
  736    97    88    94
  737    72    66    72
  738    84    91    97
  739   103    93    99
  740    19    16    22
  741    74    75    81
  742    79    83    89
  743    73    66    72
  744    42    49    55
  745    90    92    98
  746    39    46    52
  747    83    90    96
  748    61    53    59
  749    30    40    46
  750    93    90    96
  751    86    93    99
  752    74    78    84
  753    88    81    87
  754    89    86    92
  755    93    91    97
  756    97    91    97
  757    97    88    93
  758    60    67    72
  759    86    92    97
  760    89    91    96
  761    57    58    63
  762    86    94    99
  763    42    34    39
  764    82    82    87
  765    79    88    93
  766    81    77    82
  767    66    73    78
  768    86    94    99
  769    83    87    92
  770    79    84    89
  771    46    36    41
  772   102    93    98
  773    92    91    96
  774    81    88    93
  775    70    70    75
  776    59    52    57
  777    96    94    99
  778    41    34    39
  779    85    84    89
  780    82    80    85
  781    67    69    74
  782    14     6    11
  783    26    36    41
  784   104    94    99
  785    71    75    80
  786    67    66    71
  787    60    68    73
  788    90    93    97
  789    81    91    95
  790    89    90    94
  791    90    95    99
  792    90    95    99
  793    79    87    91
  794    96    91    95
  795    10     2     6
  796     1     9    13
  797    47    38    42
  798    67    65    69
  799    28    25    29
  800    88    79    83
  801    72    77    81
  802    83    92    96
  803    31    28    32
  804    68    77    81
  805     3     6    10
  806   104    95    99
  807    81    86    90
  808    93    92    96
  809   101    93    97
  810    97    91    95
  811    61    62    66
  812    87    78    82
  813    85    77    81
  814    81    76    80
  815    49    41    45
  816    63    67    71
  817    75    73    77
  818    77    76    79
  819    88    85    88
  820    16     7    10
  821    92    85    88
  822    95    94    97
  823    66    56    59
  824    73    72    75
  825    88    90    93
  826    78    80    83
  827    92    88    91
  828    61    54    57
  829    81    89    92
  830    80    87    90
  831    89    83    86
  832    85    78    81
  833    75    80    83
  834    76    73    76
  835    83    90    93
  836    93    95    98
  837    99    96    99
  838    36    30    33
  839    95    88    91
  840    73    71    74
  841    85    80    83
  842    75    82    85
  843    99    96    99
  844    91    96    99
  845    56    57    60
  846    38    43    46
  847    68    70    73
  848    50    56    59
  849    77    83    86
  850    96    95    98
  851   102    95    98
  852    41    40    43
  853    96    96    98
  854   104    97    99
  855    96    97    99
  856   102    95    97
  857    67    71    73
  858   103    96    98
  859    92    95    97
  860    94    97    99
  861    75    71    73
  862    92    96    98
  863    89    97    99
  864    52    42    44
  865    71    63    65
  866    86    95    97
  867    24    34    36
  868    70    73    75
  869    91    91    93
  870   102    97    99
  871    48    52    54
  872    81    89    91
  873    35    26    28
  874    54    55    57
  875    74    82    84
  876    31    34    36
  877    78    75    77
  878    53    52    54
  879    90    96    98
  880    98    92    94
  881    89    91    93
  882    98    93    95
  883    63    68    70
  884    94    89    91
  885    80    79    81
  886    68    68    70
  887   104    97    99
  888    59    50    51
  889    80    79    80
  890    87    96    97
  891    82    80    81
  892    77    73    74
  893    98    98    99
  894   100    98    99
  895   102    98    99
  896    91    88    89
  897   104    94    95
  898    85    95    96
  899    60    60    61
  900    33    24    25
  901    91    97    98
  902    48    53    54
  903   102    96    97
  904    95    92    93
  905   102    97    98
  906    89    98    99
  907    24    21    22
  908    90    97    98
  909    22    16    17
  910    71    69    70
  911    90    83    84
  912    85    92    93
  913   108    98    99
  914    98    89    90
  915   105    95    96
  916    98    98    99
  917   108    98    99
  918    67    58    59
  919    67    77    78
  920    93    94    95
  921    49    50    51
  922    97    90    91
  923    90    98    99
  924   103    94    95
  925    88    94    95
  926    26    25    26
  927    78    72    73
  928    19    27    28
  929    97    98    99
  930    85    90    91
  931    97    91    92
  932    95    86    87
  933   107    99    99
  934    99    96    96
  935    87    91    91
  936   101    94    94
  937    88    98    98
  938    42    36    36
  939    75    75    75
  940    91   100   100
  941    63    73    73
  942    74    77    77
  943    90   100   100
  944    78    87    87
  945    85    95    95
  946   103    94    94
  947    89    95    95
  948    75    65    65
  949    12     4     4
  950    91    98    98
  951   101    97    97
  952    89    97    97
  953   100    99    99
  954    91    99    99
  955   102    99    99
  956    67    69    69
  957    99    94    94
  958    98   100   100
  959    80    77    77
  960    90    96    96
  961   105   100   100
  962   102    99    99
  963    92   100   100
  964    78    80    80
  965   107    99    99
  966    48    47    47
  967    83    92    92
  968    83    76    76
  969    96   100   100
  970    69    71    71
  971    88    78    78
  972    71    65    65
  973    97    96    96
  974   104    99    99
  975    80    80    80
  976   109   100   100
  977    87    85    85
  978    83    88    88
  979    91    90    90
  980    48    45    45
  981    89    98    98
  982    36    39    39
  983    65    70    70
  984    96    95    95
  985    79    72    72
  986   102    99    99
  987    89    86    86
  988   100    98    98
  989    90    83    83
  990    92    96    96
  991   103    99    99
  992    96   100   100
  993    92    92    92
  994   104    95    95
  995    63    65    65
  996    10    12    12
  997   100   100   100
  998   110   100   100
  999    96   100   100
  100