  500
    0     1    11    98
    1     4    14    98
    2     3    13    96
    3     5    15    96
    4     1    11    90
    5     5    15    93
    6     5    15    92
    7     5    15    90
    8     2    12    87
    9     9    19    94
   10     3    13    86
   11    16    26    98
   12    15    25    96
   13     4    14    85
   14     9    19    90
   15    19    29    98
   16    12    22    91
   17    17    27    96
   18    14    24    92
   19     1    11    79
   20    18    28    96
   21    13    23    88
   22    17    27    92
   23    19    29    94
   24    21    31    95
   25     6    16    80
   26    12    22    86
   27    24    34    97
   28    25    35    96
   29    21    31    92
   30    19    29    90
   31    13    23    82
   32     8    18    77
   33    27    37    96
   34    31    41    99
   35    24    34    92
   36    22    32    90
   37    11    21    78
   38    23    33    89
   39    18    28    84
   40    30    40    95
   41    22    32    87
   42    21    31    86
   43    10    20    75
   44     4    14    67
   45    18    28    81
   46    27    37    90
   47    14    24    76
   48    33    43    95
   49     5    15    67
   50    15    25    77
   51     3    13    64
   52    36    46    97
   53    24    34    84
   54     6    16    65
   55     8    18    67
   56    22    32    81
   57    14    24    72
   58    22    32    80
   59    29    39    87
   60    28    38    86
   61     8    18    65
   62    36    46    93
   63    37    47    93
   64    18    28    74
   65    35    45    90
   66    18    28    73
   67    20    30    75
   68    32    42    87
   69    28    38    83
   70    22    32    76
   71    24    34    78
   72    33    43    87
   73    28    38    81
   74    35    45    88
   75    31    41    83
   76    33    43    85
   77    20    30    72
   78    39    49    91
   79    38    48    90
   80    46    56    97
   81    28    38    79
   82     2    12    53
   83    34    44    85
   84    35    45    85
   85    33    43    83
   86    36    46    85
   87    45    55    94
   88    21    31    70
   89    38    48    87
   90    21    31    70
   91     8    18    57
   92    25    35    73
   93    51    61    99
   94    30    40    78
   95    42    52    90
   96    23    33    70
   97    44    54    90
   98    53    63    99
   99    20    30    66
  100    17    27    62
  101    17    27    62
  102    25    35    70
  103    12    22    57
  104    20    30    65
  105    34    44    79
  106    11    21    55
  107    24    34    68
  108    42    52    86
  109    54    64    98
  110    47    57    91
  111    31    41    75
  112    27    37    71
  113    54    64    97
  114    51    61    94
  115    20    30    63
  116    46    56    88
  117    26    36    68
  118     3    13    45
  119    52    62    94
  120    12    22    54
  121    37    47    79
  122    58    68    99
  123    55    65    96
  124    28    38    69
  125    30    40    71
  126    17    27    58
  127    54    64    94
  128    56    66    96
  129    50    60    90
  130    57    67    97
  131    42    52    81
  132    36    46    75
  133    25    35    64
  134     5    15    44
  135    61    71    99
  136    58    68    96
  137    15    25    53
  138    40    50    78
  139    35    45    73
  140    28    38    66
  141    61    71    99
  142    50    60    87
  143     1    11    38
  144    57    67    94
  145    59    69    96
  146     9    19    46
  147    40    50    77
  148    14    24    50
  149    46    56    82
  150    50    60    86
  151    54    64    90
  152    62    72    98
  153    62    72    98
  154    15    25    50
  155    51    61    86
  156    25    35    60
  157    54    64    89
  158    49    59    84
  159    54    64    88
  160    59    69    93
  161    30    40    64
  162    57    67    91
  163    21    31    54
  164    36    46    69
  165    44    54    77
  166    60    70    93
  167    58    68    91
  168    48    58    81
  169    41    51    73
  170    45    55    77
  171    61    71    93
  172    32    42    64
  173    51    61    83
  174    24    34    56
  175    28    38    60
  176    61    71    93
  177    29    39    60
  178    66    76    97
  179     2    12    33
  180    51    61    82
  181    49    59    80
  182    52    62    83
  183    33    43    64
  184    46    56    77
  185    55    65    86
  186    31    41    61
  187    53    63    82
  188    69    79    98
  189    58    68    87
  190    34    44    63
  191    38    48    67
  192    69    79    97
  193    64    74    92
  194    14    24    42
  195    71    81    99
  196    60    70    88
  197    61    71    89
  198    10    20    38
  199    71    81    99
  200    58    68    86
  201    35    45    62
  202    19    29    46
  203     3    13    30
  204    55    65    82
  205    70    80    97
  206    52    62    79
  207    50    60    77
  208    38    48    65
  209    68    78    95
  210    36    46    63
  211    26    36    53
  212    53    63    79
  213    56    66    82
  214     5    15    31
  215    62    72    88
  216    67    77    93
  217    27    37    53
  218    40    50    66
  219    63    73    89
  220    49    59    75
  221    50    60    76
  222    40    50    65
  223    25    35    50
  224    62    72    87
  225    31    41    56
  226    71    81    96
  227     6    16    31
  228    55    65    80
  229     2    12    27
  230    73    83    98
  231    43    53    67
  232    68    78    92
  233    42    52    66
  234    45    55    69
  235    37    47    60
  236    31    41    54
  237    76    86    99
  238    73    83    96
  239    76    86    99
  240    70    80    93
  241    46    56    69
  242     6    16    29
  243    54    64    77
  244     9    19    32
  245    68    78    91
  246    71    81    94
  247    63    73    86
  248     5    15    27
  249    73    83    95
  250    45    55    67
  251    16    26    38
  252    25    35    47
  253    25    35    47
  254    69    79    91
  255    49    59    71
  256    14    24    36
  257    73    83    95
  258    76    86    98
  259    72    82    93
  260    60    70    81
  261    47    57    68
  262    75    85    96
  263    78    88    99
  264    30    40    51
  265    64    74    84
  266    73    83    93
  267    65    75    85
  268    19    29    39
  269    78    88    98
  270    54    64    74
  271    59    69    79
  272    73    83    93
  273    62    72    82
  274    76    86    96
  275    70    80    90
  276    78    88    98
  277    77    87    97
  278    57    67    77
  279    36    46    56
  280     3    13    23
  281    27    37    47
  282    74    84    93
  283    33    43    52
  284    74    84    93
  285    20    30    39
  286    14    24    33
  287    72    82    91
  288    54    64    73
  289    71    81    90
  290    58    68    77
  291    79    89    98
  292    81    91    99
  293    26    36    44
  294    60    70    78
  295    81    91    99
  296    35    45    53
  297    66    76    84
  298    24    34    42
  299    81    91    99
  300    49    59    67
  301    81    91    99
  302    40    50    58
  303    50    60    68
  304    25    35    43
  305     7    17    25
  306    43    53    61
  307    80    90    97
  308     1    11    18
  309    73    83    90
  310    50    60    67
  311    73    83    90
  312    55    65    72
  313    10    20    27
  314    34    44    51
  315    74    84    91
  316    24    34    41
  317    81    91    98
  318    60    70    76
  319    40    50    56
  320    82    92    98
  321    53    63    69
  322    79    89    95
  323    42    52    58
  324    19    29    35
  325    49    59    65
  326    56    66    72
  327    82    92    98
  328    42    52    58
  329    76    86    92
  330    82    92    98
  331    49    59    64
  332    70    80    85
  333    26    36    41
  334    75    85    90
  335    51    61    66
  336    19    29    34
  337    59    69    74
  338    80    90    95
  339    76    86    91
  340     3    13    17
  341    39    49    53
  342    63    73    77
  343    77    87    91
  344    46    56    60
  345    74    84    88
  346    67    77    81
  347    84    94    98
  348    26    36    40
  349    79    89    93
  350    62    72    76
  351    85    95    99
  352    45    55    59
  353    61    71    74
  354    81    91    94
  355    76    86    89
  356    85    95    98
  357    73    83    86
  358    75    85    88
  359    82    92    95
  360    32    42    45
  361    78    88    91
  362    86    96    99
  363    60    70    73
  364    85    95    98
  365    68    78    81
  366    52    62    65
  367    86    96    99
  368    76    86    89
  369    84    94    96
  370    63    73    75
  371    87    97    99
  372    81    91    93
  373    54    64    66
  374     6    16    18
  375    36    46    48
  376    85    95    97
  377    87    97    99
  378    50    60    62
  379    49    59    61
  380    70    80    82
  381    87    97    99
  382    22    32    34
  383    46    56    58
  384    85    95    97
  385    67    77    79
  386     8    18    20
  387    69    79    81
  388    81    91    93
  389    80    90    92
  390    85    95    97
  391    56    66    68
  392    68    78    79
  393    56    66    67
  394    88    98    99
  395    70    80    81
  396    84    94    95
  397    82    92    93
  398    70    80    81
  399    88    98    99
  400    76    86    87
  401    87    97    98
  402    78    88    89
  403    71    81    82
  404    87    97    98
  405    58    68    69
  406    68    78    79
  407    83    93    94
  408    82    92    93
  409    46    56    57
  410    15    25    26
  411    72    82    83
  412    80    90    91
  413    36    46    47
  414    69    79    80
  415    88    98    99
  416    86    96    97
  417    85    95    96
  418    60    70    71
  419    77    87    88
  420   100   100   100
  421    51    61    61
  422    98   100   100
  423    97   100   100
  424    77    87    87
  425    96   100   100
  426    32    42    42
  427    97   100   100
  428    64    74    74
  429    92   100   100
  430    60    70    70
  431    90   100   100
  432    91   100   100
  433    77    87    87
  434    96   100   100
  435    98   100   100
  436    94   100   100
  437    89    99    99
  438    95   100   100
  439   100   100   100
  440    59    69    69
  441    93   100   100
  442    67    77    77
  443    98   100   100
  444    84    94    94
  445    87    97    97
  446   100   100   100
  447   100   100   100
  448    95   100   100
  449    93   100   100
  450    95   100   100
  451   100   100   100
  452    77    87    87
  453    92   100   100
  454   100   100   100
  455    35    45    45
  456    90   100   100
  457    82    92    92
  458    99   100   100
  459    84    94    94
  460    94   100   100
  461    97   100   100
  462    96   100   100
  463     5    15    15
  464    71    81    81
  465    94   100   100
  466    99   100   100
  467    91   100   100
  468   100   100   100
  469    95   100   100
  470    71    81    81
  471    93   100   100
  472    90   100   100
  473    70    80    80
  474    79    89    89
  475    85    95    95
  476    97   100   100
  477    93   100   100
  478    42    52    52
  479    93   100   100
  480    90   100   100
  481    98   100   100
  482    99   100   100
  483    98   100   100
  484    89    99    99
  485    98   100   100
  486    97   100   100
  487    91   100   100
  488   100   100   100
  489    79    89    89
  490    87    97    97
  491    23    33    33
  492    95   100   100
  493   100   100   100
  494    90   100   100
  495    87    97    97
  496    65    75    75
  497   100   100   100
  498    29    39    39
  499    96   100   100
  100