  100
    0    13     5    87
    1     9     4    82
    2    24    21    97
    3    17    24    99
    4     1     8    83
    5    10     1    74
    6    36    31    89
    7    26    27    84
    8    16    25    79
    9    45    39    91
   10    15    17    67
   11    13    23    69
   12    28    19    63
   13    22    20    63
   14    16    19    58
   15    31    39    78
   16    34    31    69
   17     7    11    49
   18    50    52    90
   19    11     1    37
   20    67    58    94
   21    21    13    48
   22    59    58    93
   23    58    64    99
   24    24    26    60
   25    40    35    68
   26    37    30    62
   27    44    39    70
   28    54    56    86
   29    42    49    79
   30    62    66    93
   31    14    15    42
   32    66    57    82
   33     2     5    30
   34    45    48    73
   35    52    53    77
   36    15    14    38
   37    73    66    89
   38    40    47    70
   39    77    74    96
   40     2     2    24
   41    68    69    90
   42    19     9    29
   43    73    79    98
   44     4     4    21
   45    67    64    81
   46    72    63    79
   47    70    79    95
   48    76    76    91
   49    74    70    85
   50    76    77    91
   51    70    72    85
   52    21    25    38
   53    23    22    33
   54    78    81    92
   55    73    79    90
   56    14    11    22
   57    66    64    74
   58    20    16    26
   59    51    58    68
   60    82    86    96
   61    92    82    91
   62    70    67    76
   63    52    43    51
   64    65    70    78
   65    77    75    83
   66    83    76    84
   67    48    38    45
   68    73    83    89
   69    91    87    92
   70    32    34    39
   71    94    90    94
   72   102    95    99
   73    68    62    66
   74    97    94    98
   75    85    79    82
   76    49    53    56
   77    85    91    94
   78    82    82    85
   79    31    36    39
   80    91    88    91
   81    27    23    26
   82    30    31    33
   83    48    45    47
   84    92    92    94
   85    59    65    67
   86    60    51    53
   87   103    95    96
   88    30    40    41
   89    42    51    52
   90    88    96    97
   91    81    78    79
   92   100    96    97
   93   106    98    98
   94     7    12    12
   95   100    94    94
   96   108   100   100
   97    92    93    93
   98    86    83    83
   99    82    74    74
  100