  500
    0     1     2    99
    1     2     6    99
    2    11     5    95
    3     6     7    96
    4    11     8    96
    5     8    16    98
    6    11    17    98
    7     1     3    84
    8     9    11    91
    9    18    13    92
   10     9     1    79
   11     1     6    83
   12     1     2    78
   13    10     8    83
   14     1     4    79
   15     8     1    76
   16     8    13    88
   17     3    12    85
   18    18    20    93
   19    24    14    86
   20    17    17    89
   21    31    27    98
   22    30    21    92
   23     6    12    82
   24     1     1    70
   25    27    24    93
   26    23    31    99
   27     7    16    84
   28    11    20    88
   29    20    21    88
   30    36    32    99
   31    11     4    70
   32    10    12    78
   33    20    28    94
   34    14    13    78
   35     7     4    69
   36    29    23    87
   37    39    33    97
   38    13     4    67
   39     9     4    67
   40    39    32    94
   41    16    12    72
   42    34    35    93
   43    42    37    95
   44    32    40    98
   45    12    16    73
   46    38    40    97
   47    30    40    97
   48    40    39    95
   49    19     9    65
   50    24    34    88
   51    34    32    86
   52    40    42    96
   53    20    22    76
   54    15    13    67
   55    52    44    97
   56    11     9    62
   57     1     7    60
   58     9     8    61
   59     8     3    56
   60     4    10    63
   61    24    34    87
   62    31    39    91
   63     2     5    56
   64    23    18    69
   65    13    22    73
   66    25    33    83
   67    51    45    94
   68    20    16    64
   69    23    32    80
   70     1     2    49
   71    18    28    75
   72    33    31    78
   73    40    46    93
   74    48    42    88
   75    35    45    91
   76    19    23    68
   77     4     8    53
   78    35    41    86
   79    24    29    73
   80    25    21    65
   81    47    42    86
   82    24    30    74
   83    47    47    91
   84    46    51    94
   85    14    21    64
   86    25    30    73
   87    19    10    53
   88    37    29    72
   89    28    37    80
   90    36    45    88
   91    66    57    99
   92     2    12    54
   93    35    36    78
   94    17    24    66
   95    12    19    61
   96    29    19    61
   97    46    46    88
   98     8    16    58
   99    19    10    52
  100    18     9    51
  101    14     6    47
  102    45    39    80
  103    44    42    83
  104    39    40    80
  105    56    54    94
  106    30    38    78
  107    44    47    87
  108    65    57    97
  109    57    55    94
  110    13    20    59
  111    63    58    97
  112    53    61    99
  113    48    41    79
  114    52    42    79
  115    43    41    78
  116    33    42    79
  117    20    22    59
  118    15    16    53
  119    40    50    86
  120    54    57    93
  121    23    14    50
  122    38    47    83
  123    59    53    89
  124    51    49    85
  125    64    61    97
  126    62    58    93
  127    45    53    87
  128     1     6    40
  129    43    37    71
  130    24    30    64
  131    22    20    54
  132    57    58    92
  133    23    26    60
  134     9     7    40
  135    67    57    90
  136    11     4    37
  137    73    64    97
  138    38    38    71
  139    52    54    86
  140     2     2    34
  141     6    14    46
  142    12    17    48
  143    43    51    82
  144    28    38    69
  145    38    42    73
  146    43    36    66
  147     7     1    31
  148     9     7    37
  149    14     8    38
  150    58    64    94
  151     5     6    36
  152    69    60    90
  153    45    54    84
  154    43    49    78
  155    52    54    83
  156    16    12    41
  157    17    20    48
  158    66    59    87
  159     1     1    29
  160     1     1    29
  161    58    62    90
  162    28    37    65
  163    40    33    60
  164    60    70    97
  165    63    67    94
  166    56    52    78
  167    10     1    27
  168    59    50    76
  169     1     5    31
  170    51    43    69
  171    46    40    66
  172    35    43    69
  173    43    51    77
  174    53    60    86
  175     5    13    38
  176     3     9    34
  177    70    62    87
  178    26    25    50
  179    81    74    99
  180    61    58    82
  181    77    72    96
  182     8    18    42
  183    63    59    83
  184    66    66    90
  185    76    66    90
  186    17    13    37
  187    56    66    90
  188    70    60    84
  189    56    66    90
  190    83    75    98
  191    40    31    54
  192    54    63    86
  193    31    38    61
  194    62    70    93
  195    26    27    50
  196    50    45    68
  197    68    66    89
  198    68    58    81
  199    35    43    66
  200    69    68    90
  201    63    69    91
  202     1    11    33
  203    34    35    57
  204    65    75    97
  205    72    78    99
  206    21    22    43
  207    61    59    80
  208    31    27    48
  209    82    73    94
  210     9    17    38
  211    65    55    76
  212    40    41    61
  213    60    55    75
  214    78    72    92
  215    54    59    79
  216    31    31    51
  217    18    10    30
  218    42    45    64
  219    13     8    27
  220    11    16    35
  221    60    60    78
  222    35    35    53
  223    20    26    44
  224    72    63    81
  225     9     1    19
  226    23    18    36
  227    37    46    64
  228    33    42    60
  229    63    73    91
  230    79    77    94
  231     1     8    25
  232    58    54    71
  233    58    65    82
  234    25    30    47
  235    25    22    39
  236    46    43    60
  237    57    62    79
  238    12    19    36
  239    70    63    80
  240    30    21    38
  241    85    81    98
  242    83    80    96
  243    52    52    68
  244     4    14    30
  245    78    82    98
  246    52    47    63
  247    82    73    89
  248    55    60    76
  249     6     8    24
  250    53    55    71
  251     2     2    18
  252    89    82    97
  253    81    77    92
  254    57    67    82
  255     7    16    31
  256    72    73    88
  257     8     9    24
  258     9     1    16
  259    58    66    81
  260    33    25    40
  261    58    55    70
  262     1     2    17
  263    20    17    32
  264    83    83    97
  265    73    81    95
  266    51    48    62
  267    31    40    54
  268    81    76    90
  269    83    75    88
  270    53    62    75
  271    80    84    97
  272    69    77    90
  273    65    72    85
  274    28    21    34
  275    59    65    78
  276    94    86    99
  277    89    82    95
  278    58    65    78
  279    70    75    88
  280    70    79    91
  281    69    77    89
  282    46    36    48
  283    86    79    91
  284    70    77    89
  285    83    75    87
  286    17    18    30
  287    16    16    28
  288    44    47    59
  289    55    54    65
  290    56    55    66
  291    87    86    97
  292    88    84    95
  293    80    85    96
  294    30    36    47
  295    45    53    64
  296    89    88    99
  297    52    42    53
  298    49    45    56
  299    61    70    81
  300    72    69    80
  301    18    23    33
  302    83    88    98
  303    80    76    86
  304    51    58    68
  305    83    87    97
  306    59    65    75
  307    90    87    97
  308    82    83    93
  309    87    86    96
  310    83    89    99
  311    56    49    59
  312    20    26    36
  313    82    77    87
  314    39    39    49
  315    74    71    80
  316    90    82    91
  317    70    63    72
  318    74    82    91
  319     1    11    20
  320    75    84    93
  321    60    56    65
  322    68    70    79
  323    92    86    95
  324    86    82    91
  325    14    21    30
  326    69    60    69
  327    82    86    95
  328    77    74    83
  329    34    26    35
  330    83    80    88
  331    29    37    45
  332    98    89    97
  333    64    74    82
  334    66    76    84
  335    74    69    77
  336    84    85    93
  337    77    77    85
  338    87    87    95
  339    36    42    50
  340    28    38    46
  341    79    89    97
  342    53    63    71
  343    78    72    80
  344    46    53    61
  345    76    73    81
  346    36    26    33
  347    56    55    62
  348    75    80    87
  349    96    92    99
  350    23    13    20
  351    94    89    96
  352    66    75    82
  353    81    89    96
  354    70    64    71
  355    78    70    77
  356    53    62    69
  357    94    88    95
  358    80    85    91
  359    74    79    85
  360    46    52    58
  361   101    92    98
  362    90    86    92
  363    75    83    89
  364     1     4    10
  365    63    70    76
  366    66    71    77
  367    63    58    64
  368    94    87    93
  369    37    32    38
  370    38    35    40
  371    86    91    96
  372    87    92    97
  373    76    86    91
  374    87    80    85
  375    90    94    99
  376    40    41    46
  377    45    35    40
  378    95    86    91
  379   100    90    95
  380    84    89    94
  381    77    86    91
  382    92    87    91
  383    56    63    67
  384    91    89    93
  385    84    91    95
  386    97    93    97
  387    64    59    63
  388    93    94    98
  389    86    95    99
  390    84    93    97
  391    98    94    98
  392    62    72    76
  393    89    91    95
  394    43    43    47
  395    87    86    90
  396    57    64    68
  397    84    83    87
  398    81    85    89
  399    61    56    60
  400    86    94    98
  401    91    94    98
  402    99    93    97
  403    68    76    79
  404    82    75    78
  405    56    62    65
  406    72    77    80
  407    63    67    70
  408    55    64    67
  409    81    85    88
  410    76    76    79
  411    85    76    79
  412   102    96    99
  413    81    78    81
  414    96    87    90
  415    91    93    96
  416    22    21    24
  417    87    87    90
  418    85    94    97
  419   102    96    99
  420    96    91    94
  421    80    86    88
  422    57    64    66
  423    90    87    89
  424    32    25    27
  425    86    89    91
  426    93    89    91
  427   101    93    95
  428    42    43    45
  429    99    91    93
  430    17    21    23
  431    88    96    98
  432    26    34    36
  433    73    78    80
  434    84    87    89
  435    75    73    75
  436     5    11    13
  437    68    67    69
  438    22    32    34
  439    84    91    93
  440     9     3     5
  441    78    68    70
  442    87    97    98
  443     4    13    14
  444    65    64    65
  445    36    33    34
  446     9     3     4
  447    74    82    83
  448    59    50    51
  449    58    54    55
  450    99    90    91
  451   108    98    99
  452    68    78    79
  453    92    96    97
  454    86    94    95
  455    82    88    89
  456    42    44    45
  457    97    90    91
  458    67    58    59
  459   107    98    99
  460    89    82    83
  461    57    54    55
  462   106    97    98
  463    13    20    21
  464    78    88    89
  465    81    90    91
  466    88    93    94
  467   100    97    98
  468    80    74    75
  469    88    88    88
  470    89    95    95
  471     7     4     4
  472    85    95    95
  473    84    92    92
  474    98    93    93
  475    95   100   100
  476   109    99    99
  477    97   100   100
  478    68    73    73
  479    95    87    87
  480    95   100   100
  481    99    98    98
  482   101    98    98
  483    97    99    99
  484    90    99    99
  485    87    88    88
  486    92    98    98
  487    88    96    96
  488    54    47    47
  489    68    75    75
  490    92    99    99
  491    10    15    15
  492   104    95    95
  493    82    80    80
  494   101    99    99
  495    92    94    94
  496    79    81    81
  497    31    33    33
  498    92    99    99
  499    95    94    94
  100