  100
    0     1     1    76
    1    18    18    91
    2    10    10    73
    3    15    15    76
    4    22    22    80
    5    11    11    69
    6    15    15    72
    7    40    40    96
    8    31    31    86
    9     9     9    63
   10    28    28    79
   11    42    42    93
   12     6     6    55
   13    50    50    99
   14    39    39    85
   15    30    30    75
   16    43    43    87
   17    30    30    74
   18    12    12    55
   19    12    12    54
   20    10    10    51
   21     5     5    46
   22    19    19    59
   23    48    48    87
   24    53    53    91
   25     4     4    42
   26    63    63    98
   27     6     6    38
   28    51    51    81
   29     3     3    33
   30    28    28    56
   31    49    49    76
   32     7     7    34
   33    41    41    68
   34    48    48    74
   35    39    39    63
   36    51    51    74
   37    72    72    94
   38    27    27    49
   39    68    68    89
   40    45    45    65
   41     2     2    21
   42    60    60    79
   43    62    62    80
   44     4     4    21
   45    18    18    35
   46    41    41    57
   47    34    34    49
   48    60    60    75
   49    78    78    92
   50    14    14    28
   51    81    81    94
   52    34    34    47
   53    78    78    91
   54    46    46    58
   55    44    44    55
   56    69    69    79
   57    88    88    98
   58    88    88    97
   59    74    74    82
   60    55    55    63
   61    88    88    95
   62    50    50    57
   63    31    31    38
   64    23    23    30
   65    37    37    44
   66    52    52    59
   67    77    77    84
   68    46    46    52
   69    66    66    72
   70    61    61    67
   71    16    16    22
   72    34    34    39
   73    94    94    99
   74    89    89    94
   75    57    57    61
   76    88    88    92
   77    77    77    81
   78    51    51    55
   79    86    86    90
   80    80    80    83
   81    79    79    82
   82    96    96    99
   83     8     8    10
   84    67    67    69
   85    97    97    99
   86    96    96    98
   87    55    55    57
   88    97    97    99
   89    76    76    77
   90    97    97    98
   91    94    94    95
   92    97    97    98
   93    82    82    83
   94   100   100   100
   95   100   100   100
   96    95    95    95
   97    75    75    75
   98    87    87    87
   99    91    91    91
  100