  100
    0    19    19    94
    1    11    11    83
    2    10    10    75
    3    37    37    97
    4    35    35    95
    5    24    24    84
    6    41    41    99
    7    32    32    90
    8    36    36    93
    9    32    32    88
   10    40    40    94
   11    38    38    89
   12    31    31    82
   13    21    21    69
   14    32    32    80
   15    10    10    57
   16    31    31    78
   17    51    51    96
   18    27    27    70
   19    43    43    86
   20    38    38    80
   21    36    36    77
   22    58    58    98
   23     4     4    43
   24    42    42    81
   25     2     2    40
   26    43    43    79
   27    53    53    88
   28    39    39    72
   29    46    46    76
   30    32    32    62
   31    44    44    73
   32     2     2    30
   33    32    32    60
   34    44    44    72
   35    26    26    53
   36    69    69    95
   37     1     1    27
   38    39    39    64
   39    39    39    64
   40    21    21    46
   41    54    54    79
   42    17    17    39
   43    75    75    94
   44    70    70    89
   45    29    29    47
   46    28    28    46
   47    11    11    29
   48    80    80    97
   49    47    47    63
   50    81    81    97
   51    19    19    35
   52    26    26    41
   53    70    70    85
   54    15    15    30
   55    80    80    95
   56    67    67    79
   57    71    71    83
   58    52    52    64
   59    67    67    79
   60    63    63    74
   61    41    41    52
   62    84    84    95
   63    83    83    93
   64    63    63    73
   65    76    76    86
   66    84    84    94
   67    84    84    93
   68    18    18    27
   69    80    80    88
   70    78    78    86
   71    59    59    66
   72    92    92    99
   73    35    35    41
   74    84    84    90
   75    71    71    76
   76    94    94    99
   77    92    92    97
   78    93    93    98
   79    76    76    81
   80    74    74    78
   81    45    45    49
   82    96    96    99
   83    75    75    78
   84    81    81    84
   85    96    96    99
   86    89    89    91
   87    71    71    73
   88     9     9    11
   89    87    87    89
   90    63    63    64
   91    96    96    97
   92    36    36    37
   93    95    95    96
   94    82    82    83
   95   100   100   100
   96   100   100   100
   97    95    95    95
   98   100   100   100
   99     7     7     7
  100