 1000
    0     8     1    99
    1     2     4    97
    2    10     2    92
    3     1     6    96
    4     1     4    93
    5    10    10    99
    6     5     1    88
    7     1     2    88
    8     7     2    87
    9     7     1    86
   10    13     4    89
   11     6    15    99
   12     6    10    94
   13     4     5    88
   14     1     7    90
   15     2     1    83
   16     7    13    94
   17    13    11    91
   18    20    12    91
   19     1     3    82
   20    11     5    84
   21    23    19    98
   22    29    19    98
   23     4    11    90
   24     1     6    85
   25    14     4    82
   26    14     9    86
   27     1     4    81
   28    16    17    94
   29     9     7    83
   30     1     3    79
   31    22    21    97
   32    18    22    98
   33    22    23    99
   34    21    23    98
   35     1     5    80
   36    14    12    86
   37    18    12    86
   38    11     1    75
   39    25    25    98
   40    16     6    79
   41    13    14    87
   42    30    24    97
   43     9     1    74
   44    16    21    94
   45    20    23    95
   46    13    11    83
   47    24    17    89
   48    16     6    77
   49     2     5    76
   50    31    26    97
   51    29    27    97
   52    10    15    84
   53     6     3    72
   54    13    18    87
   55    14    16    85
   56    38    31    99
   57    14    13    80
   58    20    20    87
   59    22    14    81
   60    11     8    74
   61     9     5    71
   62    20    17    83
   63     1     6    72
   64    37    28    93
   65    35    31    96
   66    18    20    85
   67    29    23    87
   68     1     2    66
   69    25    34    97
   70    31    22    85
   71    23    20    83
   72    12     6    69
   73    20    22    84
   74    21    24    86
   75    16     9    71
   76    31    37    99
   77    43    34    96
   78    21    30    92
   79    12    15    76
   80    30    36    97
   81    30    35    96
   82    22    28    89
   83    37    37    98
   84    18    18    79
   85    32    32    92
   86    17    25    85
   87    25    27    87
   88    24    24    84
   89     1     5    65
   90    29    39    98
   91     3     7    66
   92    17    21    80
   93    20    22    81
   94     7    17    76
   95     1     2    61
   96    22    27    85
   97    19    24    82
   98     1     1    59
   99    23    19    77
  100    35    31    89
  101    43    41    98
  102    26    27    84
  103    49    40    96
  104    29    27    83
  105     8     6    62
  106    51    42    98
  107    26    19    75
  108    29    34    89
  109    24    17    72
  110    10     9    64
  111    10    17    72
  112     5    10    65
  113    28    34    89
  114    42    40    95
  115    14    11    65
  116    22    13    67
  117    28    33    87
  118    14    15    69
  119    44    43    97
  120    12     2    56
  121    22    17    70
  122    10     9    62
  123    38    33    86
  124    40    44    97
  125    16    16    69
  126    40    33    86
  127     6     5    57
  128     4     1    53
  129    12    14    66
  130    15     6    58
  131    33    24    75
  132    10     5    56
  133     9    17    68
  134    39    44    95
  135    13     7    58
  136    20    23    73
  137    36    33    83
  138     3    13    63
  139    49    47    96
  140    12     7    56
  141    22    26    75
  142     1     8    57
  143    31    36    85
  144     1     7    55
  145    24    19    67
  146    18    19    67
  147    14    10    58
  148    53    45    93
  149    22    18    66
  150    46    48    96
  151     1    10    58
  152    11    15    63
  153    13    19    66
  154    40    34    81
  155    38    29    76
  156    29    38    85
  157    42    47    93
  158     6    12    58
  159    20    12    58
  160    27    29    75
  161    20    30    76
  162    21    29    75
  163    54    49    95
  164    37    41    87
  165    21    28    74
  166    48    52    98
  167    22    27    72
  168    31    28    73
  169    43    44    89
  170     6     3    48
  171    31    33    78
  172    39    46    91
  173    30    20    65
  174    13     5    50
  175    52    54    99
  176    49    51    95
  177    27    26    70
  178    34    40    84
  179    46    54    98
  180    17    23    67
  181    26    16    60
  182     2     9    53
  183     7    12    56
  184    51    44    87
  185    27    32    75
  186    40    47    90
  187    22    29    71
  188    11    21    63
  189    41    36    78
  190    22    22    64
  191    42    50    91
  192    62    55    96
  193    21    21    62
  194    43    50    91
  195    53    43    84
  196    43    47    88
  197    12     6    47
  198    42    36    77
  199     6    13    54
  200    52    50    91
  201    16    22    63
  202    43    53    93
  203     6    15    55
  204    11    21    61
  205    20    20    60
  206    21    16    56
  207    53    59    99
  208    47    50    90
  209    64    54    93
  210    49    45    84
  211    54    54    93
  212    32    37    76
  213    41    42    81
  214    47    50    89
  215    35    36    75
  216    14    23    62
  217    21    15    54
  218    59    55    94
  219    33    33    72
  220    25    32    70
  221    52    42    80
  222    17     8    46
  223    19    25    63
  224    29    25    63
  225    43    44    82
  226    50    45    83
  227    12     5    43
  228    38    37    75
  229    12     9    47
  230    48    41    79
  231    26    21    59
  232     5     6    43
  233    12     7    44
  234    63    57    94
  235     1     2    39
  236    12    10    47
  237    51    57    94
  238    19    28    65
  239    42    49    86
  240     1     3    40
  241    22    18    55
  242    29    36    73
  243    65    60    97
  244    32    37    74
  245    42    49    86
  246    33    41    78
  247    20    23    60
  248    68    60    96
  249    14     5    41
  250    34    39    75
  251    31    34    70
  252    23    29    65
  253    50    58    94
  254    22    25    61
  255     3    13    49
  256    12    15    50
  257    27    26    61
  258    68    58    93
  259    35    45    80
  260    56    46    81
  261    42    43    78
  262    70    62    97
  263     1     7    42
  264    30    20    55
  265    48    57    92
  266    28    34    69
  267    45    37    71
  268     1     4    38
  269    45    37    71
  270    43    35    69
  271    28    29    63
  272    67    58    92
  273    18    12    46
  274    70    62    95
  275    43    37    70
  276    50    50    83
  277    11     5    38
  278    75    66    99
  279    67    58    91
  280    57    56    89
  281    52    59    92
  282    38    42    75
  283    53    57    90
  284    49    51    84
  285    11    19    51
  286    12     9    41
  287    35    42    74
  288    65    63    95
  289    50    57    89
  290    20    18    50
  291    20    17    49
  292    63    54    86
  293    13     6    37
  294    37    42    73
  295    21    23    54
  296    31    36    67
  297    47    47    78
  298    15    12    43
  299    39    41    72
  300    34    24    55
  301    75    66    97
  302    66    63    94
  303     5     6    37
  304    11    21    51
  305    67    69    99
  306    75    66    96
  307    50    59    89
  308    25    22    52
  309    20    17    47
  310    38    44    74
  311    38    34    64
  312    11    12    42
  313    53    57    87
  314    51    48    77
  315    31    37    66
  316    58    65    94
  317    64    65    94
  318    55    62    91
  319    74    70    99
  320    47    54    83
  321     5    10    39
  322    60    57    86
  323    56    63    92
  324    37    38    67
  325    53    60    89
  326    70    64    93
  327    57    63    92
  328    24    30    58
  329    49    55    83
  330    43    53    81
  331    51    60    88
  332    42    40    68
  333    68    67    95
  334    15    19    47
  335    23    18    46
  336    61    57    85
  337    45    43    71
  338    75    70    98
  339    56    65    93
  340    68    65    93
  341     6    14    42
  342    43    35    63
  343    60    59    87
  344    12    18    45
  345    28    26    53
  346    48    39    66
  347    60    64    91
  348    47    40    67
  349    65    67    94
  350    12    12    39
  351    74    69    96
  352    53    51    78
  353    68    69    96
  354    34    24    51
  355     7    15    42
  356    32    28    55
  357    61    59    86
  358    28    27    53
  359    43    36    62
  360    54    52    78
  361    19    27    53
  362    49    54    80
  363    48    50    76
  364    62    71    97
  365    68    69    95
  366     1     5    31
  367    68    60    86
  368    43    45    71
  369    56    46    72
  370    44    43    69
  371    29    33    59
  372    66    67    93
  373    24    31    57
  374    74    64    90
  375    69    73    98
  376    56    52    77
  377    34    39    64
  378     8    14    39
  379    38    30    55
  380    64    61    86
  381    22    18    43
  382    75    71    96
  383    67    73    98
  384    49    39    64
  385    38    32    56
  386    48    54    78
  387    60    57    81
  388    63    55    79
  389    61    62    86
  390    26    36    60
  391    38    47    71
  392    63    55    79
  393    54    59    83
  394    67    68    92
  395    58    60    84
  396    50    49    72
  397    73    70    93
  398    81    76    99
  399    54    64    87
  400    32    40    63
  401    74    73    96
  402    85    76    99
  403    45    44    67
  404    70    73    96
  405    15     5    28
  406    42    42    65
  407    14    21    44
  408    16    13    36
  409    14    20    43
  410     1     1    24
  411    51    61    84
  412    54    57    80
  413     8     4    26
  414    34    27    49
  415    71    66    88
  416    37    34    56
  417    61    52    74
  418    15    19    41
  419    79    71    93
  420    69    76    98
  421    67    77    98
  422    68    67    88
  423    77    77    98
  424    47    47    68
  425    66    71    92
  426    52    59    80
  427    42    40    61
  428    68    71    92
  429    49    58    79
  430    44    48    69
  431    72    68    89
  432    64    59    80
  433    72    62    83
  434    38    31    52
  435    56    56    77
  436    86    78    99
  437    74    68    89
  438    20    27    47
  439    42    38    58
  440    80    78    98
  441    70    68    88
  442    60    70    90
  443    46    48    68
  444    32    39    59
  445    39    48    68
  446    57    63    83
  447    22    18    38
  448    66    67    87
  449    66    73    93
  450    52    58    78
  451    81    73    93
  452    32    30    50
  453    33    25    45
  454    41    32    51
  455    25    30    49
  456     1     5    24
  457    68    62    81
  458    28    21    40
  459    28    23    42
  460    43    41    60
  461    16    24    43
  462    27    32    51
  463    21    13    32
  464    46    41    60
  465     1     2    20
  466    59    64    82
  467    86    81    99
  468    88    80    98
  469    40    44    62
  470    64    70    88
  471    58    60    78
  472    64    62    80
  473    80    70    88
  474    72    78    96
  475    60    58    76
  476    81    79    97
  477    39    36    54
  478    12    12    30
  479    80    78    96
  480    23    31    49
  481    46    52    70
  482    70    77    95
  483    81    80    98
  484    20    10    27
  485    47    54    71
  486    52    59    76
  487    55    64    81
  488    65    60    77
  489    63    66    83
  490    57    49    66
  491    54    63    80
  492    66    74    91
  493    86    77    94
  494    75    71    88
  495    61    68    85
  496    90    81    98
  497    51    51    68
  498    67    68    85
  499    23    18    35
  500    83    76    93
  501    53    63    79
  502    71    80    96
  503    32    31    47
  504    25    17    33
  505    71    75    91
  506    58    60    76
  507    43    40    56
  508    90    82    98
  509    59    58    74
  510    90    83    99
  511    64    59    75
  512    21    15    31
  513    36    31    46
  514    86    78    93
  515    71    66    81
  516    18    16    31
  517    76    72    87
  518    21    11    26
  519    73    78    93
  520    77    82    97
  521    50    48    63
  522    74    67    82
  523    76    79    94
  524    74    71    86
  525    57    66    81
  526    50    58    73
  527    80    84    99
  528    83    84    99
  529    39    39    54
  530     4     9    24
  531    46    49    64
  532    57    55    70
  533    33    39    54
  534    88    82    97
  535    70    72    87
  536    68    72    87
  537    49    45    60
  538    83    77    92
  539    55    55    70
  540    20    22    36
  541    60    53    67
  542    27    25    39
  543    68    77    91
  544    84    75    89
  545    75    77    91
  546    35    38    52
  547    10    15    29
  548    13     6    20
  549    68    77    91
  550    81    72    86
  551    35    42    56
  552    71    76    90
  553    32    27    41
  554    93    84    98
  555    88    82    96
  556    20    28    42
  557    20    14    28
  558    54    51    65
  559    64    68    82
  560     7     8    22
  561    44    48    62
  562    70    70    84
  563    74    68    81
  564    47    41    54
  565    68    58    71
  566    73    80    93
  567     1     4    17
  568    20    20    33
  569    69    67    80
  570    12    16    29
  571    90    84    97
  572     8     3    16
  573     9    14    27
  574    32    36    49
  575    86    77    90
  576    48    48    61
  577    86    85    98
  578    10    10    22
  579    42    32    44
  580    75    84    96
  581    61    64    76
  582    39    38    50
  583    36    36    48
  584    73    63    75
  585    44    37    49
  586    53    62    74
  587    21    24    36
  588    75    71    83
  589    79    83    95
  590    58    62    74
  591    63    58    70
  592    45    47    59
  593    55    53    65
  594    81    82    94
  595    61    52    64
  596     9     5    17
  597    66    60    72
  598    47    46    57
  599    91    84    95
  600     5     5    16
  601    78    83    94
  602    76    71    82
  603    93    86    97
  604    24    19    30
  605    78    76    87
  606    75    83    94
  607    88    88    99
  608     8     2    13
  609    18    28    39
  610    58    62    73
  611    59    65    76
  612    49    46    57
  613    93    88    99
  614    47    48    59
  615    10    14    25
  616    87    81    92
  617    26    16    26
  618    69    72    82
  619    79    88    98
  620    76    82    92
  621    86    87    97
  622    84    82    92
  623    79    76    86
  624    15    20    30
  625    29    27    37
  626    56    59    69
  627    53    55    65
  628    66    73    83
  629     6    14    24
  630    67    66    76
  631    84    86    96
  632    76    67    77
  633    57    48    58
  634    34    25    35
  635    28    27    37
  636     5     5    15
  637    50    53    63
  638    15    24    34
  639    91    87    97
  640    79    88    98
  641    42    46    56
  642    37    28    38
  643    73    73    83
  644    51    43    53
  645    84    83    92
  646     1     8    17
  647    77    80    89
  648    49    41    50
  649    53    54    63
  650    97    87    96
  651    82    81    90
  652    90    86    95
  653    61    69    78
  654    56    60    69
  655    65    63    72
  656    29    30    39
  657    64    61    70
  658    74    83    92
  659    81    80    89
  660    11     2    11
  661    17    20    29
  662    97    88    97
  663    63    61    70
  664    74    83    92
  665    46    36    45
  666     5    14    23
  667    56    66    74
  668    68    69    77
  669    83    78    86
  670    50    41    49
  671    34    30    38
  672    82    84    92
  673    37    40    48
  674    69    79    87
  675    37    39    47
  676    64    57    65
  677    69    78    86
  678    60    63    71
  679    77    68    76
  680    55    57    65
  681    57    59    67
  682    74    73    81
  683    88    81    89
  684    34    44    52
  685    67    76    84
  686    30    21    29
  687    31    34    42
  688   100    90    98
  689    71    70    78
  690    38    41    49
  691    42    41    49
  692    57    66    74
  693    25    24    32
  694    87    81    89
  695    26    33    41
  696    92    91    98
  697    63    72    79
  698    51    45    52
  699    52    47    54
  700    92    91    98
  701    74    77    84
  702     2     4    11
  703    83    87    94
  704    69    73    80
  705    73    83    90
  706    49    53    60
  707    18    20    27
  708    88    83    90
  709    73    77    84
  710    86    86    93
  711    45    46    53
  712    78    69    76
  713     2    12    19
  714    80    86    93
  715    81    90    97
  716    36    34    41
  717    79    79    86
  718    69    71    78
  719    88    84    91
  720    74    77    84
  721    97    89    96
  722    79    69    76
  723    81    91    97
  724    80    89    95
  725    73    83    89
  726    80    84    90
  727    57    59    65
  728    86    83    89
  729    86    82    88
  730    94    84    90
  731    73    73    79
  732    76    67    73
  733    55    59    65
  734    93    93    99
  735    63    59    65
  736    42    45    51
  737    25    34    40
  738    42    44    50
  739    63    56    62
  740    77    83    89
  741    66    71    76
  742    82    85    90
  743   100    93    98
  744    59    63    68
  745    65    74    79
  746    50    55    60
  747    45    45    50
  748    90    92    97
  749    14    18    23
  750    70    75    80
  751    84    92    97
  752    87    93    98
  753    92    92    97
  754    86    92    97
  755    59    58    63
  756    99    94    99
  757    43    43    48
  758    82    83    88
  759    39    29    34
  760    85    75    80
  761    26    25    30
  762    42    37    41
  763    84    88    92
  764    94    87    91
  765     5     6    10
  766    95    95    99
  767    74    82    86
  768    22    28    32
  769    92    92    96
  770   101    95    99
  771    96    91    95
  772    65    72    76
  773    81    90    94
  774    97    94    98
  775    44    41    45
  776    67    73    77
  777    74    83    87
  778    98    94    98
  779    56    54    58
  780    65    63    67
  781    75    70    74
  782    21    17    21
  783    92    88    92
  784    63    57    61
  785    82    87    91
  786    11    10    14
  787    94    84    88
  788    66    74    78
  789    91    86    90
  790    99    91    95
  791    83    92    96
  792    11    17    21
  793    86    89    92
  794    71    73    76
  795   102    92    95
  796    80    84    87
  797    93    95    98
  798    89    94    97
  799    52    51    54
  800    71    74    77
  801    93    95    98
  802    26    24    27
  803    87    94    97
  804    81    78    81
  805    92    95    98
  806    56    46    49
  807    87    89    92
  808    86    76    79
  809    54    58    61
  810    74    80    83
  811    75    85    88
  812    63    53    56
  813    86    94    97
  814    68    63    66
  815    95    95    98
  816    78    80    83
  817    71    75    78
  818    94    90    93
  819    94    94    97
  820    19    23    26
  821    89    92    95
  822    74    72    75
  823     7     9    12
  824    85    82    85
  825    77    76    79
  826    53    58    61
  827    91    94    97
  828    76    69    72
  829    26    34    37
  830    84    79    82
  831    60    64    67
  832    38    41    44
  833    97    92    95
  834   103    96    99
  835    79    73    76
  836    74    76    78
  837    71    80    82
  838    89    85    87
  839    56    59    61
  840    86    89    91
  841    79    88    90
  842    58    50    52
  843    23    20    22
  844    94    93    95
  845    83    91    93
  846    96    90    92
  847    87    79    81
  848    63    65    67
  849    86    82    84
  850    16    25    27
  851    78    85    87
  852    94    93    95
  853    96    95    97
  854    97    93    95
  855    90    96    98
  856    63    73    75
  857    89    90    92
  858   103    94    96
  859    87    95    97
  860    51    55    57
  861    12     3     5
  862    61    64    66
  863    56    47    49
  864    82    85    87
  865    77    71    73
  866    72    82    83
  867    59    56    57
  868    91    97    98
  869    74    68    69
  870    97    96    97
  871    53    62    63
  872    77    82    83
  873    92    91    92
  874    38    47    48
  875    93    85    86
  876   100    95    96
  877    92    98    99
  878    89    91    92
  879    95    95    96
  880   102    94    95
  881    75    80    81
  882    87    97    98
  883    57    53    54
  884    58    54    55
  885    98    96    97
  886    89    90    91
  887    75    78    79
  888    86    92    93
  889    83    83    84
  890    99    96    97
  891    82    79    80
  892    90    95    96
  893    90    98    99
  894   101    95    96
  895    19    28    29
  896    98    95    96
  897   101    97    98
  898    93    98    99
  899    95    91    92
  900    78    87    88
  901    87    86    87
  902    93    95    96
  903    98    94    95
  904    92    98    99
  905    78    85    86
  906    84    85    86
  907    27    29    30
  908    95    97    98
  909    36    29    30
  910    74    79    80
  911   105    98    99
  912    86    87    88
  913   100    98    99
  914    77    69    70
  915    93    92    93
  916    94    98    99
  917    87    94    95
  918    95    89    89
  919   100   100   100
  920    75    78    78
  921    93   100   100
  922    44    35    35
  923   100    99    99
  924    55    46    46
  925    49    48    48
  926   100    91    91
  927    79    75    75
  928    95    92    92
  929    55    45    45
  930    86    84    84
  931    89    99    99
  932    94    98    98
  933   106   100   100
  934   107    99    99
  935    33    37    37
  936   100   100   100
  937    93    95    95
  938    99    98    98
  939    23    15    15
  940    81    90    90
  941   100   100   100
  942    94   100   100
  943    88    82    82
  944   103    93    93
  945    85    78    78
  946    82    85    85
  947   105   100   100
  948    90   100   100
  949    95    93    93
  950    21    20    20
  951    75    66    66
  952    51    53    53
  953    83    89    89
  954    94    89    89
  955   103   100   100
  956    29    19    19
  957    93    99    99
  958   106   100   100
  959    76    80    80
  960   107    99    99
  961    97    89    89
  962    96   100   100
  963    85    80    80
  964   108   100   100
  965    84    86    86
  966    96    99    99
  967   106    98    98
  968   107    98    98
  969    91   100   100
  970    92   100   100
  971    90    82    82
  972    95    99    99
  973   103    98    98
  974    66    76    76
  975     6     4     4
  976    88    97    97
  977   108   100   100
  978    46    50    50
  979    50    51    51
  980   105    96    96
  981    42    45    45
  982   109    99    99
  983    91    82    82
  984    85    91    91
  985   101    97    97
  986    92    99    99
  987    90   100   100
  988   102    99    99
  989    99    92    92
  990    84    78    78
  991   109    99    99
  992    76    74    74
  993   104    99    99
  994    98    95    95
  995    97    94    94
  996    76    77    77
  997   103    96    96
  998   106   100   100
  999   107    99    99
  100