  100
    0     6    16    95
    1    11    21    99
    2     6    16    87
    3    20    30    99
    4    11    21    89
    5     3    13    81
    6    22    32    99
    7    10    20    81
    8    21    31    85
    9    35    45    97
   10    21    31    79
   11    39    49    96
   12    31    41    86
   13    32    42    87
   14    35    45    88
   15    46    56    97
   16    22    32    71
   17    39    49    86
   18    31    41    73
   19    40    50    81
   20    40    50    81
   21    10    20    50
   22    25    35    63
   23    57    67    95
   24    61    71    98
   25    40    50    77
   26    52    62    88
   27    58    68    93
   28    51    61    86
   29    54    64    89
   30    45    55    78
   31    62    72    94
   32    67    77    99
   33    39    49    71
   34    20    30    52
   35    68    78    98
   36    60    70    90
   37    45    55    74
   38    53    63    82
   39    33    43    61
   40    15    25    42
   41    58    68    84
   42    45    55    70
   43    25    35    49
   44    75    85    99
   45    22    32    46
   46    53    63    76
   47    66    76    89
   48    58    68    81
   49    53    63    75
   50    25    35    46
   51    45    55    66
   52    68    78    89
   53    29    39    50
   54    66    76    87
   55    74    84    95
   56    77    87    96
   57    63    73    82
   58    33    43    51
   59    60    70    77
   60    82    92    99
   61    59    69    76
   62    33    43    50
   63    75    85    92
   64    82    92    99
   65    64    74    80
   66    49    59    65
   67    53    63    68
   68    19    29    34
   69    74    84    89
   70    74    84    88
   71    79    89    93
   72    82    92    96
   73    59    69    73
   74    70    80    84
   75    84    94    98
   76    78    88    91
   77    51    61    64
   78    86    96    99
   79    81    91    94
   80    76    86    89
   81    86    96    98
   82    80    90    92
   83    65    75    77
   84    62    72    73
   85    85    95    96
   86    64    74    75
   87   100   100   100
   88    91   100   100
   89    55    65    65
   90    88    98    98
   91    78    88    88
   92     3    13    13
   93    97   100   100
   94    96   100   100
   95    96   100   100
   96    57    67    67
   97    99   100   100
   98    89    99    99
   99    95   100   100
  100