  500
    0    12     2    91
    1    17     7    96
    2    18     8    97
    3    20    10    97
    4    16     6    93
    5    22    12    99
    6    23    13    98
    7    21    11    96
    8    11     1    86
    9    24    14    97
   10    13     3    85
   11    26    16    97
   12    29    19    97
   13    15     5    83
   14    31    21    99
   15    23    13    91
   16    24    14    92
   17    21    11    89
   18    25    15    92
   19    32    22    98
   20    22    12    88
   21    13     3    79
   22    27    17    92
   23    30    20    94
   24    19     9    83
   25    19     9    83
   26    26    16    89
   27    24    14    87
   28    30    20    93
   29    26    16    87
   30    19     9    80
   31    24    14    85
   32    23    13    84
   33    31    21    91
   34    18     8    77
   35    28    18    87
   36    25    15    84
   37    22    12    80
   38    41    31    99
   39    15     5    72
   40    38    28    94
   41    42    32    97
   42    17     7    71
   43    38    28    92
   44    15     5    69
   45    20    10    73
   46    33    23    86
   47    34    24    87
   48    17     7    69
   49    25    15    77
   50    41    31    92
   51    11     1    61
   52    31    21    81
   53    18     8    67
   54    41    31    90
   55    49    39    98
   56    49    39    98
   57    28    18    76
   58    34    24    82
   59    22    12    70
   60    25    15    73
   61    36    26    83
   62    37    27    84
   63    24    14    70
   64    36    26    82
   65    52    42    98
   66    25    15    70
   67    38    28    83
   68    53    43    98
   69    38    28    82
   70    11     1    55
   71    23    13    66
   72    37    27    80
   73    17     7    60
   74    17     7    59
   75    40    30    82
   76    38    28    80
   77    33    23    75
   78    43    33    85
   79    17     7    59
   80    40    30    81
   81    56    46    97
   82    51    41    91
   83    54    44    94
   84    42    32    82
   85    32    22    71
   86    59    49    98
   87    36    26    75
   88    24    14    63
   89    28    18    67
   90    52    42    90
   91    35    25    73
   92    11     1    49
   93    48    38    85
   94    60    50    96
   95    29    19    65
   96    34    24    69
   97    24    14    59
   98    39    29    74
   99    55    45    90
  100    60    50    94
  101    62    52    96
  102    29    19    62
  103    60    50    93
  104    64    54    97
  105    57    47    90
  106    62    52    95
  107    40    30    73
  108    50    40    82
  109    55    45    87
  110    17     7    49
  111    31    21    63
  112    11     1    43
  113    25    15    57
  114    26    16    58
  115    60    50    91
  116    58    48    89
  117    16     6    47
  118    30    20    61
  119    65    55    95
  120    17     7    47
  121    44    34    74
  122    16     6    46
  123    70    60    99
  124    34    24    62
  125    15     5    43
  126    61    51    89
  127    66    56    94
  128    43    33    70
  129    20    10    47
  130    39    29    66
  131    34    24    61
  132    68    58    94
  133    18     8    44
  134    70    60    96
  135    61    51    87
  136    68    58    93
  137    53    43    78
  138    16     6    41
  139    66    56    91
  140    52    42    77
  141    14     4    39
  142    66    56    91
  143    18     8    42
  144    60    50    84
  145    37    27    61
  146    71    61    94
  147    11     1    34
  148    41    31    63
  149    23    13    45
  150    77    67    99
  151    20    10    42
  152    69    59    91
  153    33    23    55
  154    76    66    98
  155    75    65    97
  156    51    41    72
  157    40    30    61
  158    36    26    57
  159    76    66    97
  160    25    15    46
  161    36    26    56
  162    28    18    48
  163    52    42    72
  164    20    10    40
  165    76    66    96
  166    72    62    91
  167    17     7    36
  168    28    18    47
  169    61    51    80
  170    61    51    80
  171    58    48    76
  172    28    18    46
  173    73    63    91
  174    56    46    73
  175    72    62    89
  176    71    61    88
  177    18     8    35
  178    82    72    99
  179    56    46    73
  180    41    31    58
  181    72    62    89
  182    19     9    35
  183    67    57    83
  184    51    41    66
  185    73    63    88
  186    71    61    86
  187    19     9    34
  188    82    72    97
  189    23    13    38
  190    15     5    30
  191    44    34    59
  192    14     4    29
  193    71    61    86
  194    64    54    78
  195    76    66    90
  196    54    44    68
  197    14     4    28
  198    57    47    70
  199    83    73    96
  200    18     8    31
  201    73    63    86
  202    80    70    93
  203    44    34    57
  204    72    62    85
  205    28    18    41
  206    72    62    85
  207    56    46    69
  208    40    30    52
  209    85    75    97
  210    84    74    96
  211    79    69    91
  212    78    68    90
  213    84    74    96
  214    25    15    37
  215    77    67    89
  216    68    58    80
  217    86    76    97
  218    82    72    93
  219    55    45    66
  220    86    76    97
  221    52    42    63
  222    24    14    35
  223    82    72    93
  224    57    47    68
  225    84    74    94
  226    74    64    84
  227    17     7    27
  228    76    66    86
  229    18     8    28
  230    59    49    69
  231    75    65    85
  232    88    78    98
  233    32    22    42
  234    67    57    77
  235    59    49    69
  236    77    67    87
  237    63    53    73
  238    48    38    58
  239    83    73    92
  240    52    42    61
  241    51    41    60
  242    30    20    39
  243    19     9    28
  244    21    11    29
  245    90    80    98
  246    62    52    70
  247    27    17    35
  248    79    69    87
  249    84    74    92
  250    62    52    70
  251    20    10    28
  252    74    64    82
  253    49    39    57
  254    91    81    98
  255    34    24    41
  256    66    56    73
  257    13     3    20
  258    33    23    40
  259    52    42    59
  260    72    62    79
  261    60    50    66
  262    63    53    69
  263    13     3    19
  264    62    52    68
  265    14     4    20
  266    77    67    83
  267    89    79    95
  268    56    46    62
  269    62    52    68
  270    87    77    93
  271    26    16    32
  272    80    70    86
  273    42    32    47
  274    93    83    98
  275    19     9    24
  276    40    30    45
  277    52    42    57
  278    27    17    32
  279    47    37    52
  280    87    77    92
  281    35    25    40
  282    89    79    93
  283    76    66    80
  284    58    48    62
  285    65    55    69
  286    94    84    98
  287    43    33    47
  288    87    77    91
  289    57    47    61
  290    42    32    46
  291    14     4    18
  292    95    85    99
  293    75    65    79
  294    87    77    91
  295    62    52    65
  296    30    20    33
  297    92    82    95
  298    52    42    55
  299    33    23    36
  300    83    73    86
  301    79    69    82
  302    69    59    72
  303    91    81    94
  304    91    81    94
  305    85    75    88
  306    71    61    73
  307    83    73    85
  308    55    45    57
  309    42    32    44
  310    97    87    99
  311    41    31    43
  312    97    87    99
  313    64    54    66
  314    79    69    81
  315    97    87    99
  316    94    84    95
  317    55    45    56
  318    83    73    84
  319    21    11    22
  320    86    76    87
  321    17     7    18
  322    80    70    81
  323    90    80    91
  324    35    25    36
  325    85    75    86
  326    91    81    92
  327    95    85    95
  328    98    88    98
  329    56    46    56
  330    94    84    94
  331    98    88    98
  332    96    86    96
  333    74    64    73
  334    72    62    71
  335    62    52    61
  336    20    10    19
  337    65    55    64
  338    92    82    91
  339    52    42    50
  340    55    45    53
  341    51    41    49
  342    74    64    72
  343    62    52    60
  344   101    91    99
  345    81    71    79
  346    73    63    71
  347    92    82    90
  348    80    70    78
  349    83    73    80
  350    12     2     9
  351   100    90    97
  352    97    87    94
  353    21    11    18
  354    77    67    74
  355    96    86    93
  356    88    78    85
  357    50    40    47
  358    63    53    60
  359    99    89    96
  360    86    76    83
  361    98    88    95
  362    75    65    72
  363    69    59    66
  364    90    80    86
  365   102    92    98
  366    95    85    91
  367    49    39    45
  368   103    93    99
  369    75    65    71
  370    73    63    69
  371    78    68    74
  372   101    91    97
  373   101    91    97
  374    68    58    64
  375    94    84    90
  376    60    50    56
  377    98    88    94
  378    68    58    64
  379   102    92    98
  380    77    67    72
  381    95    85    90
  382    66    56    61
  383   102    92    97
  384    64    54    59
  385   104    94    99
  386    76    66    71
  387    46    36    41
  388    80    70    75
  389    96    86    91
  390    92    82    87
  391   103    93    98
  392    71    61    66
  393    75    65    70
  394   104    94    99
  395    88    78    83
  396    74    64    69
  397   105    95    99
  398    71    61    65
  399    97    87    91
  400    99    89    93
  401   101    91    95
  402   105    95    99
  403    73    63    67
  404    79    69    73
  405   104    94    98
  406    93    83    87
  407    19     9    13
  408   100    90    94
  409   104    94    98
  410   103    93    97
  411   106    96    99
  412   104    94    97
  413    36    26    29
  414    79    69    72
  415    71    61    64
  416    98    88    91
  417    71    61    64
  418   105    95    98
  419    94    84    87
  420    38    28    31
  421    45    35    38
  422    98    88    91
  423    54    44    47
  424   105    95    98
  425    18     8    11
  426   107    97    99
  427   101    91    93
  428    92    82    84
  429    46    36    38
  430    51    41    43
  431    94    84    86
  432    43    33    35
  433    51    41    43
  434   103    93    95
  435    45    35    37
  436   104    94    96
  437   105    95    97
  438    68    58    60
  439   103    93    95
  440    80    70    72
  441   107    97    99
  442    33    23    25
  443    11     1     3
  444   107    97    99
  445    85    75    77
  446    27    17    19
  447   103    93    95
  448    36    26    28
  449    99    89    91
  450   105    95    97
  451    72    62    64
  452    48    38    40
  453    11     1     3
  454    80    70    71
  455    90    80    81
  456    80    70    71
  457    41    31    32
  458    38    28    29
  459   103    93    94
  460   107    97    98
  461   107    97    98
  462   107    97    98
  463    31    21    22
  464    46    36    37
  465    97    87    88
  466   108    98    99
  467    93    83    84
  468    74    64    65
  469    83    73    74
  470   108    98    99
  471    52    42    42
  472   101    91    91
  473   110   100   100
  474   102    92    92
  475   103    93    93
  476   109    99    99
  477    82    72    72
  478    65    55    55
  479   109    99    99
  480   109    99    99
  481   108    98    98
  482   110   100   100
  483    85    75    75
  484   103    93    93
  485   106    96    96
  486   100    90    90
  487    91    81    81
  488   107    97    97
  489   109    99    99
  490   101    91    91
  491   110   100   100
  492    74    64    64
  493    73    63    63
  494   108    98    98
  495   109    99    99
  496    87    77    77
  497   110   100   100
  498    86    76    76
  499   109    99    99
  100