 1000
    0    57     1    97
    1    16     3    97
    2     6     7    99
    3    28     2    92
    4    20     6    95
    5    48    11    98
    6    96    10    97
    7    90     2    88
    8    27    15    99
    9    53    16    98
   10    42     3    84
   11    45    12    93
   12    86    13    93
   13    35    11    91
   14    95    19    99
   15    37    17    97
   16    62     9    88
   17    51    12    91
   18    81     1    80
   19    44     5    84
   20   100    15    93
   21    10    18    96
   22    51    13    91
   23    92     9    87
   24    18    14    92
   25    60    10    86
   26    31     4    79
   27    41    21    96
   28    18    14    88
   29    14     1    74
   30    48    11    84
   31    97    20    93
   32    67    16    89
   33    11     4    77
   34    44     4    76
   35    81    10    82
   36    99     4    76
   37    51    12    84
   38    54    20    91
   39    48     7    78
   40    64    24    95
   41    85    27    98
   42    96     4    75
   43    34    26    97
   44     7    12    82
   45    29    18    88
   46    32     5    75
   47    90    23    93
   48    23     7    77
   49    59     3    71
   50    13    19    87
   51    46    13    81
   52   100    25    93
   53    29    30    98
   54    36     1    69
   55    31    31    99
   56    58    14    82
   57    46     4    71
   58    91    20    87
   59    43    21    88
   60    27    31    98
   61    82     8    75
   62    92     8    74
   63    60    12    78
   64    67    24    90
   65     4     4    70
   66    47    23    89
   67    94    33    99
   68    33     3    69
   69    76     8    74
   70    85     8    74
   71    12    15    81
   72     7     1    67
   73    21    30    95
   74    23    32    97
   75    74     1    66
   76    72    31    96
   77    42    16    81
   78    89    25    90
   79    88     9    74
   80    50     6    70
   81    66    24    88
   82    13    33    97
   83    11    11    74
   84    40     6    69
   85    25     5    67
   86    77    35    97
   87    17    19    81
   88    49    25    87
   89    81    17    79
   90    31    29    91
   91    39    18    79
   92    46    15    76
   93    86    25    86
   94    34     5    66
   95    15    15    74
   96    19    18    77
   97    79    35    94
   98     1    15    74
   99    40    14    73
  100    22    27    86
  101    62    26    84
  102    85    16    74
  103    72     2    60
  104    49    29    87
  105    25    26    84
  106    25    10    68
  107    79    31    89
  108    97    10    68
  109    36    35    93
  110    95     2    60
  111    59    37    95
  112    96    39    97
  113    79    19    76
  114    38    29    86
  115    58    20    77
  116    70    27    84
  117    18    23    80
  118    76     9    66
  119    34    38    94
  120    68    24    80
  121    46    40    96
  122    29    25    81
  123    85    18    74
  124    66    43    99
  125    37    34    89
  126    84    41    96
  127    51    28    83
  128    56    24    79
  129    96    42    97
  130    18    42    97
  131    83    40    95
  132   100    43    97
  133    28    39    93
  134    11    33    87
  135    18     9    63
  136    43    33    87
  137    78    37    91
  138    20    31    85
  139    99    42    96
  140    68    33    86
  141    61    22    75
  142    11    34    87
  143    71    35    88
  144    63    36    88
  145    12    38    90
  146    19    29    81
  147    73    22    74
  148    90    45    97
  149    11    35    87
  150     7     5    57
  151    13    40    92
  152    86    22    74
  153     2    11    62
  154    37    27    78
  155    50    12    63
  156    85    33    84
  157    47     3    54
  158    25     1    52
  159    73    41    92
  160    48    35    86
  161    72    40    91
  162    25    37    88
  163    62    32    82
  164    29     9    59
  165    36    20    70
  166    44    15    65
  167    19     6    56
  168    14    18    68
  169     6    14    64
  170    56    35    85
  171    65    37    87
  172    44    21    71
  173    40    43    93
  174    43     8    57
  175    28    49    98
  176    98    36    85
  177    82    50    99
  178    43    45    94
  179    93    30    79
  180    26    44    93
  181   100    15    64
  182    24    47    95
  183    32    40    88
  184    67    44    92
  185    65     8    56
  186    36    37    85
  187    96     5    52
  188    26    50    97
  189    65    50    97
  190    23    44    91
  191    75    51    98
  192     7    18    65
  193    20    11    58
  194    46    27    74
  195    92    33    79
  196    83    47    93
  197    70     5    51
  198    68    26    72
  199    79    26    72
  200    98    46    92
  201    31     4    50
  202    41    28    73
  203     4    52    97
  204    54    15    60
  205    42    26    71
  206     8     3    48
  207    98    22    67
  208    11    29    74
  209    81    53    98
  210    97    49    94
  211    42    14    58
  212    34    53    97
  213    70    55    99
  214    80    11    55
  215    27    31    75
  216    79    50    94
  217    17    34    78
  218    26    47    90
  219    72    16    59
  220    78     4    47
  221    87    34    77
  222    27    55    98
  223    72    29    72
  224    87    23    66
  225    27     4    47
  226    84    13    56
  227    96    36    79
  228     9    54    97
  229    94    31    73
  230    24    27    69
  231    24     5    47
  232    93    10    52
  233    11    53    95
  234    70    10    52
  235    18     6    48
  236    30     3    45
  237    71    14    56
  238    55    37    79
  239    37    45    87
  240    79    56    98
  241    41    36    77
  242    83    32    73
  243    39    16    57
  244    31    28    69
  245    53    59    99
  246    64    43    83
  247    53    47    87
  248    18    52    92
  249    46    42    82
  250    33    43    83
  251    81    43    83
  252    97     2    42
  253    20     8    48
  254    52    27    66
  255    93    56    95
  256    50    47    86
  257    92    14    53
  258    89    39    78
  259    20    39    78
  260    35    45    84
  261    67    60    99
  262    11    22    61
  263    73    43    81
  264    20    17    55
  265    85    60    98
  266    34    23    61
  267    69    29    66
  268    17    39    76
  269    51    26    63
  270    58    60    97
  271    56    61    98
  272    99    18    55
  273    77    56    93
  274    48    52    89
  275     4    41    78
  276    28    33    70
  277    25    60    97
  278    84    56    93
  279    37    52    89
  280    72    15    51
  281    76    44    80
  282    28    38    74
  283    97    57    93
  284    50    62    98
  285    19     1    37
  286    59    64    99
  287    45    52    87
  288    83    31    66
  289    23    52    87
  290    96    17    52
  291    81    42    77
  292    38    51    86
  293    88    24    59
  294    85     6    41
  295    40    60    94
  296    35    61    95
  297    11    64    98
  298    73    47    81
  299    15    65    99
  300    93    14    48
  301    58    54    88
  302    69     9    43
  303    88    52    85
  304     9    64    97
  305    76    20    53
  306    38    58    91
  307    51    59    92
  308    11    36    69
  309    35     8    41
  310    15    47    80
  311    61    49    82
  312    76    60    93
  313    61    16    49
  314    15    66    99
  315    64    41    73
  316    67    15    47
  317    19    46    78
  318    70    45    77
  319    52    14    46
  320    91    25    57
  321    86    35    67
  322    56    34    65
  323    92    67    98
  324    71    60    91
  325    43    46    77
  326    11    62    93
  327    25    49    80
  328    60    53    84
  329    84    43    74
  330    89     2    33
  331    73    41    72
  332     1    55    86
  333    99    22    53
  334    75    12    42
  335    22     4    34
  336    87    68    98
  337     3    18    48
  338    40    20    50
  339    26    49    79
  340    27    12    42
  341    57    27    57
  342    48    44    74
  343    54     9    39
  344    63    24    54
  345    49    39    69
  346    24    60    89
  347    52    37    66
  348     4    38    67
  349     2    66    95
  350    11    12    41
  351    16    51    80
  352    67    34    63
  353     7    69    98
  354    93    47    76
  355    34    30    59
  356    53    41    70
  357    62    63    91
  358     9    62    90
  359    44     5    33
  360    80    42    70
  361    51    59    87
  362    29    62    90
  363    76    66    94
  364    63    40    68
  365    12    50    78
  366    97    51    79
  367    64     5    33
  368    76    41    69
  369    92    39    67
  370    85    28    56
  371    49    60    88
  372    10    35    63
  373    53    58    85
  374    13    71    98
  375    30    28    55
  376    63    36    63
  377    53    66    93
  378    36    28    55
  379    67    63    90
  380    72    13    40
  381    42    32    59
  382    35    72    98
  383    41    41    67
  384    14    70    96
  385    96    11    37
  386   100    71    97
  387    26    54    80
  388    85    17    43
  389    45    68    94
  390    10    68    93
  391    43    23    48
  392    75    63    88
  393    40    73    98
  394    16    59    84
  395    26    52    77
  396    54     9    34
  397    29    71    96
  398    44     3    28
  399    85    71    96
  400    38    58    83
  401    36    69    94
  402    54    32    57
  403   100    70    95
  404    66    12    37
  405    72    68    93
  406    92    57    82
  407     7     1    26
  408     2    32    57
  409    45    74    99
  410    12    16    40
  411    65    56    80
  412    39    67    91
  413    97    27    51
  414    59    74    98
  415    33    45    69
  416    37    21    45
  417    54    50    74
  418    50     7    31
  419    67    53    77
  420    22    58    82
  421    53    65    89
  422    33    61    85
  423     4    24    48
  424     3    23    47
  425    48    75    99
  426    66    42    65
  427    72     6    29
  428    55    51    74
  429    97    29    52
  430    82    32    55
  431    41    54    77
  432    73    45    68
  433    51    55    78
  434    41     6    29
  435    52    59    82
  436    21    25    48
  437    83    76    99
  438    67     5    28
  439    15    18    41
  440    52    76    99
  441    26    70    93
  442    28    69    91
  443    34    30    52
  444    86    69    91
  445    85    69    91
  446    46    43    65
  447    66    12    34
  448    45    55    77
  449    76    64    86
  450    86    67    89
  451    40    16    38
  452    88    71    93
  453    27    74    96
  454    88    77    99
  455    43    70    92
  456    59    13    34
  457    65    74    95
  458    61    36    57
  459    94    54    75
  460    66    78    99
  461    53    66    87
  462    78     7    28
  463    91    76    97
  464    55    22    43
  465    75     1    22
  466    41    60    81
  467     5    76    97
  468    43    71    92
  469    69    20    41
  470    43    43    64
  471    16    69    90
  472    78    14    35
  473    38    37    58
  474    26    52    72
  475    61    64    84
  476    22    64    84
  477    95    74    94
  478    29    23    43
  479    44     2    22
  480     8    25    45
  481    64    75    95
  482    32    75    95
  483     8    30    50
  484    63    33    53
  485    25    59    79
  486    67    53    73
  487    47    40    60
  488    85    70    90
  489    28    75    95
  490   100     3    23
  491     6    21    41
  492     7    67    87
  493    45    44    64
  494    14    61    81
  495    18    60    79
  496    38    61    80
  497    11    50    69
  498    89    67    86
  499     2     4    23
  500     6    76    95
  501    77    52    71
  502    42    31    50
  503    37    74    93
  504    20    29    48
  505    26    62    81
  506    98    16    35
  507    84    59    78
  508    85    48    67
  509    36    73    92
  510    91    64    83
  511    23    21    40
  512    25    52    71
  513    20    39    57
  514    43    24    42
  515     6    73    91
  516    88    33    51
  517    39    44    62
  518    24    76    94
  519    79    53    71
  520    96    53    71
  521    75    64    82
  522    50    78    96
  523    83    69    87
  524    95    19    37
  525    63    16    33
  526    22    75    92
  527    42    20    37
  528    38    31    48
  529    57    53    70
  530    69    63    80
  531    86    72    89
  532    31    78    95
  533    37     1    18
  534    27    56    73
  535    16    77    94
  536    13    79    96
  537    56    70    87
  538    31    10    27
  539    18    28    45
  540    23    76    93
  541    12    61    78
  542    78    58    74
  543    33    36    52
  544    64    42    58
  545    89    58    74
  546    65    63    79
  547    90    77    93
  548    92    24    40
  549     2    80    96
  550    13    80    96
  551    26    79    95
  552    14    30    46
  553    79    53    69
  554    65    82    98
  555    48    49    65
  556    72    73    89
  557    36    63    79
  558    78    69    85
  559     7    80    96
  560    69    72    88
  561    78    65    80
  562    72    79    94
  563     4    45    60
  564    99     9    24
  565    39    59    74
  566    73    13    28
  567    17    41    56
  568    91    80    95
  569    29    12    27
  570    64    37    52
  571    95    24    39
  572    83    78    93
  573    74    82    97
  574    59    76    91
  575    45    28    43
  576    60    63    78
  577     1    76    91
  578    11    71    86
  579    41    73    87
  580    33    37    51
  581    87    47    61
  582    48    53    67
  583    98    78    92
  584   100    72    86
  585    81    80    94
  586    17    68    82
  587    25     4    18
  588    93    60    74
  589    19    29    43
  590    41    35    49
  591    23    85    99
  592    44    29    43
  593    55    59    73
  594     3    68    81
  595     1    86    99
  596    70    68    81
  597    92    62    75
  598     3    52    65
  599    59    85    98
  600    33    23    36
  601    73    86    99
  602    97    82    95
  603    82    71    84
  604    97    59    72
  605    99    86    99
  606    36    13    26
  607    92    62    75
  608    93    66    79
  609     4    84    97
  610    94    42    55
  611    42    81    93
  612    57    83    95
  613    65    85    97
  614     4    74    86
  615    91    62    74
  616    84    62    74
  617    74     1    13
  618    38    83    95
  619    76    36    48
  620    56    67    79
  621    57    63    75
  622    17    68    80
  623    70    74    86
  624    97    76    88
  625    81    60    72
  626    96    80    92
  627    25    74    86
  628     4    58    70
  629    60    37    49
  630    13    11    23
  631    11    73    84
  632    19    86    97
  633    78    40    51
  634    77    55    66
  635    92    25    36
  636    20    85    96
  637    57    66    77
  638     1    76    87
  639    29    66    77
  640     1    88    99
  641    51    66    77
  642    12    41    52
  643    24    77    88
  644    86    82    93
  645    18    19    30
  646    67    63    74
  647    27    26    37
  648    93    75    86
  649     5    56    67
  650     3    87    98
  651     7    12    23
  652    63    30    41
  653    95    49    60
  654    64    63    74
  655    97     9    20
  656    69    21    32
  657    84    81    92
  658    47    59    70
  659    83    35    46
  660    92    84    95
  661    88    81    91
  662    86     6    16
  663    57    83    93
  664     3    69    79
  665    72    43    53
  666    65    63    73
  667    87    65    75
  668    91     1    11
  669    19    87    97
  670    39    86    96
  671    66    86    96
  672    95    10    20
  673    85    84    94
  674    36    87    97
  675     6    80    90
  676    20    76    86
  677    81    80    90
  678    31    16    26
  679     4    82    92
  680    94    11    21
  681    33    13    23
  682    87    89    99
  683    39    85    95
  684    59    71    81
  685    25    64    74
  686    90    69    79
  687    50    57    67
  688    35    62    72
  689    14    75    84
  690    73    90    99
  691    59    77    86
  692    61    81    90
  693    43    84    93
  694    69    83    92
  695    62    57    66
  696    22    10    19
  697    80    14    23
  698    87    84    93
  699    96    76    85
  700    76    45    54
  701    77    15    24
  702     1    80    89
  703     9    67    76
  704    67    81    90
  705    65    69    78
  706    25    79    88
  707    95    23    32
  708    57    84    93
  709    50    82    91
  710    39    24    32
  711     1    90    98
  712    95    90    98
  713    50    64    72
  714    33    34    42
  715    46    91    99
  716    68    68    76
  717    31    52    60
  718    11    51    59
  719     4    48    56
  720    99    39    47
  721    32    24    32
  722    61    78    86
  723    86     7    15
  724    28    70    78
  725    39    88    96
  726    48    83    91
  727    18    91    99
  728     5    88    96
  729    86    85    93
  730    76    78    86
  731   100    73    81
  732    19    61    69
  733    52    92    99
  734    86    86    93
  735    14    76    83
  736    15    26    33
  737    72    83    90
  738    89    87    94
  739    16    39    46
  740    71    81    88
  741    11    76    83
  742    53    37    44
  743    64    88    95
  744    46    47    54
  745    54    83    90
  746    81    82    89
  747    55     1     8
  748    81    90    97
  749    33    89    96
  750    73    65    72
  751    35    88    95
  752    31    82    89
  753    69     5    12
  754    74    82    89
  755    73    89    95
  756    72    92    98
  757    82    91    97
  758    88    70    76
  759    79    89    95
  760    87    77    83
  761     6    74    80
  762    96    84    90
  763    86    78    84
  764    79    15    21
  765    31    91    97
  766    41    83    89
  767    73    70    76
  768    56    79    85
  769    90    91    97
  770   100    85    91
  771    18    85    91
  772    47    84    90
  773    31    78    84
  774    31    79    85
  775    83    65    71
  776     6    88    94
  777    60    79    84
  778    55    83    88
  779    70    32    37
  780    16    93    98
  781    52    89    94
  782    68    73    78
  783     1     8    13
  784    62     1     6
  785     8    90    95
  786    81    94    99
  787    58    13    18
  788    79    71    76
  789     4    86    91
  790    34    29    34
  791    68    87    92
  792    93    25    30
  793    35    80    85
  794    67    91    96
  795    67    60    65
  796    21    40    45
  797    56    68    73
  798    44    76    81
  799    32    63    68
  800    16    89    94
  801    41    92    97
  802    12    93    98
  803    18    77    82
  804    65     3     8
  805    44    68    73
  806     3    53    57
  807    97    42    46
  808    85    59    63
  809    48    64    68
  810    68    15    19
  811    62    45    49
  812    88     4     8
  813    48    86    90
  814    68    57    61
  815    21     5     9
  816    51    88    92
  817    31    94    98
  818    60    81    85
  819    67    61    65
  820    49    86    90
  821    94    66    70
  822     1    85    89
  823    80    65    69
  824    50     4     7
  825    62     9    12
  826    28    15    18
  827    25    75    78
  828    17    67    70
  829    42    96    99
  830    13    59    62
  831    50    77    80
  832    65    22    25
  833    72    83    86
  834    83    96    99
  835    40    85    88
  836    78    79    82
  837    28    95    98
  838    86    84    87
  839    44    22    25
  840    28    96    99
  841    84    46    49
  842    87    57    60
  843    62    94    97
  844    85    61    64
  845    73    76    79
  846    52    43    46
  847    91    70    73
  848    83    94    97
  849    44    66    69
  850    26    95    98
  851    67    94    97
  852    14    46    49
  853    21    74    77
  854    96    47    49
  855     9    58    60
  856    97    92    94
  857    92    97    99
  858    74    68    70
  859    71    75    77
  860    11    96    98
  861    65    97    99
  862    51    97    99
  863    59    70    72
  864    80    93    95
  865     2    78    80
  866     7    50    52
  867    13    96    98
  868    58    71    73
  869    55    83    85
  870    52    86    88
  871    86    62    64
  872    13    95    97
  873    66    96    98
  874    78    97    99
  875    93    93    95
  876     7    29    31
  877    45    88    90
  878    98    91    93
  879    68    96    98
  880    11    71    73
  881    40    81    83
  882     4    27    29
  883    31    96    98
  884    22    95    97
  885    48    90    92
  886     2    95    97
  887    78    82    84
  888    96    40    42
  889    31    95    97
  890    59    97    98
  891    76    63    64
  892    96    94    95
  893    89    96    97
  894    64    27    28
  895    29    92    93
  896    59    48    49
  897    17    90    91
  898    46    78    79
  899    36    97    98
  900    47    17    18
  901    72    91    92
  902    10    91    92
  903    94    98    99
  904    81    59    60
  905    71    98    99
  906    11    96    97
  907    59    95    96
  908    91    78    79
  909    52    59    60
  910    56    80    81
  911    62    93    94
  912     9    95    96
  913    78    83    84
  914    74    91    92
  915    34     3     4
  916    63    98    99
  917     3    90    91
  918    88    89    90
  919    94    71    72
  920    93    51    52
  921     2    98    99
  922     2    44    45
  923    14    96    97
  924    23    37    38
  925    61    98    99
  926    99    97    98
  927    96    10    11
  928    73    59    60
  929     5    40    41
  930    22     1     1
  931    81    71    71
  932    75    96    96
  933    83   100   100
  934    50    96    96
  935    68    65    65
  936     8    84    84
  937    32   100   100
  938    99    99    99
  939    34   100   100
  940    67    97    97
  941    36    99    99
  942    30   100   100
  943    92    73    73
  944    71    19    19
  945    97    94    94
  946    89    90    90
  947    58    81    81
  948    94   100   100
  949    25    99    99
  950    77    50    50
  951    87    94    94
  952    27    98    98
  953    81    93    93
  954    77    99    99
  955    98    31    31
  956    20   100   100
  957    87    59    59
  958    76    98    98
  959    19    93    93
  960     4   100   100
  961    26    64    64
  962    30   100   100
  963    70    30    30
  964    74    89    89
  965    85    41    41
  966    83    84    84
  967    64     2     2
  968    98    99    99
  969    44     7     7
  970    86    99    99
  971    67   100   100
  972    19    97    97
  973    28    72    72
  974    58   100   100
  975    83    97    97
  976     3    99    99
  977    27    95    95
  978    49    98    98
  979    96    77    77
  980    40    93    93
  981    41    89    89
  982    24    96    96
  983    96    82    82
  984    52    93    93
  985    84    99    99
  986    60    99    99
  987   100    76    76
  988    58    98    98
  989    47    79    79
  990    60    87    87
  991    20   100   100
  992     6    96    96
  993     4   100   100
  994    46    50    50
  995    50    89    89
  996    39    68    68
  997    53    99    99
  998    83    86    86
  999    67    66    66
  100