  500
    0     1     1    96
    1     1     3    97
    2     1     4    98
    3     4     5    97
    4     7     6    96
    5     2     5    92
    6     6     3    89
    7    13     8    92
    8     4     2    86
    9    17    17    99
   10    14     5    86
   11     8     6    85
   12     8    12    91
   13     7     1    80
   14     2     8    87
   15    14     8    86
   16    15    21    98
   17     1     5    81
   18    20    11    87
   19    19    10    84
   20     1     2    75
   21    19    10    82
   22    22    27    99
   23    28    23    95
   24    34    27    99
   25    13     4    75
   26     8    10    81
   27    22    28    99
   28    27    30    99
   29    37    30    99
   30    20    27    95
   31    15    25    93
   32     1     1    68
   33    19    13    80
   34    31    31    98
   35    23    18    85
   36     9     7    73
   37    19    10    76
   38     9    17    82
   39    35    33    98
   40    21    22    87
   41    41    31    96
   42    23    28    92
   43    14    10    73
   44    16    12    75
   45     7     8    71
   46    23    21    84
   47    32    36    98
   48    16    17    78
   49    35    28    89
   50    38    34    95
   51    10    17    78
   52    25    21    82
   53    11    13    73
   54    15     5    65
   55    27    37    97
   56     5     5    64
   57    11     2    61
   58    30    22    80
   59     1     9    67
   60    31    21    79
   61    27    33    91
   62    23    25    82
   63    39    36    93
   64    22    25    82
   65    18    19    76
   66    46    37    94
   67    23    16    73
   68     1     1    57
   69     1     2    58
   70    22    23    78
   71    40    33    88
   72     1     5    60
   73    47    38    92
   74    22    29    83
   75    44    45    99
   76    30    22    76
   77    15    22    75
   78    27    19    72
   79     4     2    55
   80    29    39    92
   81    45    45    98
   82    15    15    68
   83     3    11    63
   84    17    10    61
   85    11    20    71
   86    37    46    97
   87    48    48    98
   88    42    46    96
   89    43    38    87
   90    24    25    73
   91    24    34    82
   92    41    42    90
   93    25    26    74
   94    55    51    98
   95    17    23    70
   96    32    35    82
   97    20    26    73
   98    25    16    63
   99    35    44    91
  100    55    51    97
  101    48    42    88
  102    39    29    74
  103    19    27    72
  104    11     3    48
  105    27    21    66
  106    10    19    63
  107    37    29    73
  108    60    52    96
  109    44    36    80
  110    55    45    89
  111    12     3    46
  112    14    23    66
  113    31    27    70
  114    42    50    93
  115    29    37    80
  116    59    52    95
  117    20    27    69
  118    35    36    78
  119    12    19    61
  120    32    37    79
  121    44    51    93
  122    52    56    98
  123    36    40    81
  124     7     3    44
  125    15    20    61
  126    45    35    76
  127    36    43    84
  128    32    32    73
  129    43    44    84
  130    22    14    53
  131    13    19    57
  132    12    14    52
  133    69    60    98
  134    35    35    73
  135    59    59    97
  136    50    54    92
  137    23    33    71
  138    27    33    71
  139    42    46    84
  140     6    12    50
  141    53    44    82
  142    19    25    62
  143    58    48    85
  144    12     9    46
  145     9     9    45
  146    58    48    84
  147    21    23    59
  148    35    38    74
  149     1     1    37
  150    37    47    83
  151     7     6    41
  152    60    55    90
  153    60    50    85
  154    57    47    82
  155    56    48    83
  156     1    11    45
  157    70    61    95
  158    42    48    82
  159    38    36    70
  160    24    19    53
  161    61    51    85
  162     6     1    34
  163    61    66    99
  164    21    24    56
  165    21    22    54
  166    55    57    89
  167    61    52    84
  168    30    37    69
  169    33    27    58
  170    37    45    76
  171    13    17    48
  172    50    49    80
  173    31    26    57
  174    36    36    67
  175    23    23    53
  176    20    25    55
  177    55    46    76
  178    23    33    63
  179    13    17    47
  180     1     3    33
  181    57    66    95
  182    17    18    47
  183    62    68    97
  184    56    46    74
  185    32    37    65
  186    63    61    89
  187    36    28    56
  188    49    55    83
  189    66    69    97
  190    46    38    65
  191    68    60    87
  192    43    45    72
  193    36    41    68
  194    66    59    86
  195    71    62    89
  196    50    42    68
  197    52    46    72
  198    66    69    95
  199    15    12    38
  200    35    31    57
  201    44    45    71
  202    77    70    96
  203    10     3    29
  204    57    49    75
  205    82    72    98
  206    31    41    66
  207    27    31    56
  208    42    52    77
  209    62    52    77
  210    80    70    95
  211    39    37    62
  212    67    72    96
  213    27    32    56
  214    37    39    63
  215     3     1    25
  216    69    74    98
  217    69    69    93
  218    78    70    94
  219    69    59    83
  220    61    66    90
  221    58    56    79
  222    66    72    95
  223    40    42    65
  224    23    30    53
  225    63    56    79
  226    37    40    63
  227    64    71    93
  228    58    68    90
  229    75    71    93
  230    44    49    71
  231    51    60    82
  232    64    71    93
  233    22    14    36
  234    62    65    87
  235     3     2    24
  236    13    17    39
  237    49    44    65
  238    54    51    72
  239    30    30    51
  240    52    56    77
  241    63    63    84
  242    56    53    74
  243    53    49    69
  244    70    76    96
  245    10     7    27
  246    25    34    54
  247    73    77    96
  248    76    78    97
  249     5     7    26
  250    32    42    61
  251    25    29    48
  252    36    37    56
  253    74    69    88
  254     1     5    24
  255     1     8    27
  256    43    33    52
  257    88    79    97
  258    66    56    74
  259    54    64    82
  260    54    58    76
  261    18    18    36
  262    37    39    57
  263    35    39    57
  264    74    73    91
  265    66    73    91
  266    70    80    97
  267    62    71    88
  268    73    74    91
  269    38    45    62
  270    67    57    74
  271    25    31    48
  272    44    54    71
  273    47    43    60
  274    66    73    89
  275    53    53    69
  276    60    69    85
  277    47    49    65
  278    55    63    79
  279    69    69    85
  280    46    48    64
  281    22    24    40
  282    49    55    71
  283    74    83    98
  284    55    47    62
  285    41    45    60
  286    39    36    51
  287    52    60    75
  288    36    41    56
  289     5     9    24
  290    58    57    71
  291    29    23    37
  292    73    65    79
  293    82    82    96
  294    51    51    65
  295     3    12    26
  296    87    77    91
  297    66    58    72
  298    26    21    35
  299    68    74    88
  300    92    83    97
  301    55    58    72
  302    79    82    96
  303    89    83    97
  304    70    71    85
  305    15     7    20
  306    77    83    96
  307    67    77    90
  308    80    83    96
  309    56    64    76
  310    28    30    42
  311     6    14    26
  312    12    14    26
  313    84    83    95
  314    72    72    84
  315    57    60    72
  316    73    75    87
  317    69    61    73
  318    48    46    58
  319    91    81    93
  320    74    82    94
  321    74    66    78
  322    62    72    83
  323    88    85    96
  324    65    65    76
  325    85    85    96
  326    23    30    41
  327    44    49    60
  328    40    46    57
  329    83    80    91
  330    84    88    99
  331    80    81    92
  332    92    85    96
  333    46    52    63
  334    87    86    97
  335    65    70    81
  336    29    31    42
  337    57    55    66
  338    59    68    79
  339    27    22    33
  340    72    79    89
  341    72    70    80
  342    67    60    70
  343    71    65    75
  344    65    57    67
  345    20    22    32
  346    84    87    97
  347    75    82    92
  348    88    89    99
  349    77    86    96
  350    33    25    35
  351    36    31    41
  352    93    83    93
  353    40    48    57
  354    27    29    38
  355    55    45    54
  356    90    89    98
  357    82    76    85
  358    44    40    49
  359    92    85    94
  360    97    88    96
  361    17    21    29
  362    89    82    90
  363    51    52    60
  364    76    73    81
  365    85    82    90
  366    90    86    94
  367   101    91    99
  368    32    41    49
  369    48    39    47
  370    71    75    82
  371    56    46    53
  372    72    81    88
  373    87    90    97
  374    87    79    86
  375    92    85    92
  376    92    85    92
  377    74    75    82
  378    46    51    58
  379     7    14    21
  380    51    46    53
  381    14    18    25
  382    70    62    69
  383    94    88    95
  384    81    88    95
  385    79    89    96
  386    93    88    95
  387   102    93    99
  388    51    51    57
  389    87    88    94
  390    86    83    89
  391    62    58    64
  392    77    85    91
  393    30    22    28
  394    72    66    72
  395    88    93    99
  396    69    61    67
  397    94    86    92
  398     1     6    12
  399    77    85    91
  400     3     7    13
  401    82    85    91
  402    80    81    87
  403    43    37    43
  404    84    85    91
  405    61    70    75
  406    86    87    92
  407    56    57    62
  408   102    93    98
  409     1     4     9
  410    84    90    95
  411    59    62    67
  412    81    91    96
  413    87    86    91
  414    91    93    98
  415    30    39    44
  416    60    53    57
  417    91    94    98
  418    88    91    95
  419    97    95    99
  420    41    39    43
  421    62    60    64
  422    72    62    65
  423    94    93    96
  424   101    92    95
  425    31    37    40
  426    31    35    38
  427    83    75    78
  428    14     6     9
  429    19    25    28
  430    88    94    97
  431    80    72    75
  432    90    82    85
  433    86    94    97
  434    77    86    89
  435    79    80    83
  436    85    86    89
  437    74    68    71
  438    75    72    75
  439    83    86    89
  440    86    96    98
  441    93    94    96
  442    46    47    49
  443    79    88    90
  444    79    86    88
  445    88    87    89
  446    98    91    93
  447    33    27    29
  448    74    78    80
  449    87    94    96
  450    71    77    79
  451    71    78    80
  452    93    89    91
  453    93    88    90
  454    97    91    93
  455    62    72    73
  456    81    85    86
  457    76    77    78
  458    98    88    89
  459   104    98    99
  460   108    98    99
  461    79    71    72
  462    15    13    14
  463    88    91    92
  464    56    65    66
  465   103    94    95
  466    75    73    74
  467    96    89    90
  468    38    48    49
  469    74    74    75
  470    22    16    17
  471    65    75    75
  472    90    80    80
  473   110   100   100
  474    44    49    49
  475   102    99    99
  476    91    93    93
  477   103    98    98
  478    34    27    27
  479   109    99    99
  480    73    72    72
  481    70    74    74
  482    88    98    98
  483   101    98    98
  484    89    99    99
  485    94    88    88
  486    61    62    62
  487    55    50    50
  488   109    99    99
  489    93    98    98
  490    87    77    77
  491    29    24    24
  492    61    63    63
  493    93    99    99
  494    54    64    64
  495    31    25    25
  496    92   100   100
  497    82    92    92
  498    87    96    96
  499   103    99    99
  100