 1000
    0    41     1    95
    1    19     7    98
    2    82     8    99
    3    17     4    93
    4    44     7    95
    5    26     6    94
    6    27    11    99
    7    25     6    94
    8    93     9    95
    9    61    14    97
   10     7     3    86
   11    69     4    87
   12     5    14    96
   13    92    13    95
   14    76    11    93
   15    74     4    84
   16    53    20    99
   17    87    18    97
   18    76    19    98
   19    46    20    99
   20    44    14    92
   21    94    16    94
   22    95    11    89
   23     2     2    79
   24    59     6    83
   25    64     4    81
   26     4    14    91
   27    34    14    90
   28    96     7    83
   29    31    15    91
   30    79    14    90
   31    52    22    98
   32    99    11    86
   33    76    10    84
   34    48    11    85
   35    84    22    96
   36    74     3    77
   37    30    12    86
   38    78     4    77
   39    91    20    93
   40    78     1    73
   41    35    26    98
   42    22     9    81
   43    87    25    96
   44    79    13    84
   45    60    22    92
   46    62     8    78
   47    56    30    99
   48    98     3    72
   49    75    20    89
   50    68     9    78
   51    35    19    88
   52    53    18    86
   53    18    16    84
   54     6    24    92
   55    23     9    77
   56    14    13    81
   57    69    22    90
   58    86    24    91
   59    81    32    99
   60    29    22    89
   61    88    12    79
   62    96    13    79
   63    33    26    92
   64    14     9    74
   65    77    17    82
   66    66    24    89
   67    49    14    79
   68    34     3    68
   69    50    24    88
   70    81    27    91
   71    61    31    95
   72    18     9    72
   73    78     5    68
   74    91     1    64
   75    71    18    81
   76    81    24    86
   77    57    12    74
   78    18    18    79
   79    32    17    78
   80    99    10    71
   81    52     4    65
   82    72    32    92
   83    34     5    65
   84    98    24    84
   85    69    38    98
   86    47    27    86
   87    26    18    77
   88    75     1    60
   89     3    37    96
   90    38    32    91
   91    52    30    89
   92     4    41    99
   93    99    25    83
   94    48    27    85
   95    88    29    87
   96    40     9    67
   97    68    30    88
   98    79    39    97
   99    48    16    74
  100    56     5    63
  101    12    33    91
  102    31    27    84
  103    17    30    87
  104    13    15    72
  105    52    25    82
  106    73    31    88
  107    60    38    94
  108    71    37    93
  109    57    26    82
  110    70    39    95
  111    48    20    76
  112    95    25    81
  113    63    18    73
  114    99    31    86
  115    83    32    87
  116     9    38    93
  117     4     9    64
  118    19    16    71
  119    57    28    82
  120    84     1    55
  121    71    42    96
  122    48     1    55
  123    14    44    97
  124    68    39    92
  125    40    20    73
  126     8    32    85
  127    89    31    84
  128    74    19    71
  129     8    43    95
  130    23    14    66
  131    15    33    85
  132    76    30    82
  133    47    38    89
  134    53    32    83
  135   100    24    75
  136    41    20    71
  137    64    30    80
  138    87     8    58
  139    94    36    86
  140    74    19    69
  141    82    48    98
  142    11    16    66
  143     6    15    65
  144    14    41    90
  145    44    22    71
  146    15    14    63
  147    63    16    65
  148    71    47    96
  149    55    11    59
  150    59     4    52
  151    28    16    64
  152    59    19    67
  153    49    46    94
  154    93    15    62
  155    16    13    60
  156     1    51    98
  157     5    24    71
  158    73     6    53
  159    35    32    79
  160    68    47    94
  161   100    46    93
  162     8    35    81
  163    79    38    84
  164    92    23    69
  165     8    35    81
  166    57    25    71
  167    40     8    54
  168    86    47    93
  169    67    23    69
  170    69    46    91
  171    17     2    47
  172     2    20    65
  173    23    21    66
  174    72    43    88
  175    94    37    82
  176    52    21    66
  177    17    33    78
  178    48    24    69
  179    28    16    60
  180     5    34    78
  181     3     7    51
  182    88    29    73
  183     3    27    71
  184    56    40    84
  185    20    38    82
  186    77    42    86
  187   100     6    50
  188    28    22    66
  189    38    55    99
  190    33    54    97
  191    33    30    73
  192    10    54    97
  193    41    47    90
  194    73    19    62
  195    77    43    86
  196    61    53    96
  197    65     5    48
  198    31    18    61
  199    67    11    54
  200    41    48    91
  201    33    48    91
  202    26    29    71
  203    34    20    62
  204    68    37    79
  205    11    44    86
  206    85     2    44
  207    17    24    66
  208     7    55    97
  209    84    53    95
  210    35    54    96
  211    56     6    48
  212     3    22    64
  213    89    39    81
  214    70    54    95
  215    72    12    53
  216    30    21    62
  217    44    42    83
  218    28    32    73
  219    49    36    77
  220    77    44    85
  221    19     1    42
  222    90    56    97
  223     9     6    46
  224    47    59    99
  225    45    54    94
  226    59    59    99
  227    76    37    77
  228   100    35    75
  229    80    34    74
  230    54    10    50
  231    99    22    62
  232    20    47    87
  233    93    56    96
  234     8    36    76
  235    62    41    81
  236    55    43    83
  237    15    45    84
  238    77    18    57
  239    81    10    49
  240    83    56    95
  241    44    49    88
  242   100    30    69
  243    32    40    79
  244    26    41    80
  245    34    13    52
  246    23    36    74
  247    45    54    92
  248    27    52    90
  249    31    54    92
  250    73    44    82
  251    89    57    95
  252    58    41    79
  253    93    21    59
  254    12    30    68
  255    74    14    52
  256    78    45    83
  257    53    32    69
  258    46    21    58
  259    19    46    83
  260    44    23    59
  261    62    33    69
  262    64     9    45
  263    69    50    86
  264    70    38    74
  265    59    10    46
  266    66    47    83
  267    53    20    56
  268    17     7    43
  269    62    22    58
  270    46    60    96
  271    46    15    51
  272    87    44    80
  273    33    49    85
  274    42    19    54
  275    55    30    65
  276    24    12    47
  277    37    45    80
  278    97    40    75
  279    65    13    48
  280    60    54    89
  281     7    28    63
  282    38    26    61
  283    15    48    82
  284    10    22    56
  285    51    51    85
  286    43    26    60
  287    24    64    98
  288   100    41    75
  289    12    45    79
  290    13    15    49
  291    28    65    99
  292    73    20    54
  293    48    50    84
  294    54    40    74
  295    43    63    97
  296    34    19    53
  297     6    61    95
  298    73     5    39
  299    90    59    92
  300    67    54    87
  301    19     7    40
  302    12    32    65
  303    46    26    59
  304    93    47    80
  305    84    24    57
  306    58     2    35
  307    24    41    74
  308    33    26    59
  309    77    65    98
  310    43    11    44
  311    34    42    75
  312    79    26    59
  313    97    59    92
  314   100    64    97
  315    74    39    72
  316    80    50    83
  317    77    22    55
  318    60    56    89
  319    64    62    94
  320    85    46    78
  321    32    56    88
  322   100    40    72
  323     4    25    57
  324    21     7    39
  325    24    37    69
  326    40    35    67
  327    76     8    40
  328    29    56    88
  329    12    21    53
  330    48    58    90
  331    99    10    41
  332    20     2    33
  333    49    51    82
  334     9    50    81
  335    92    22    53
  336    67    30    61
  337    22    34    65
  338     7     4    35
  339    93     8    39
  340    85    50    81
  341    45    33    64
  342    59    63    93
  343    73    47    77
  344    60    52    82
  345    30    67    97
  346    67    12    42
  347    27    30    60
  348    37    65    95
  349    99    55    85
  350    38    40    70
  351    66    43    72
  352    87    34    63
  353   100    61    90
  354    54    22    51
  355     7    21    50
  356    97    50    79
  357    23    34    63
  358    10    46    75
  359    15    66    95
  360     8     4    33
  361    96    56    85
  362     3    22    51
  363    89    21    50
  364    66    58    86
  365    62    63    91
  366    28    11    39
  367     1    60    88
  368    97    28    56
  369    80    29    57
  370    11    31    59
  371    28    71    99
  372    48    62    90
  373    98    14    42
  374    56    56    84
  375     8    71    99
  376    49    69    97
  377    60    22    49
  378    39    61    88
  379     4    42    69
  380    80    19    46
  381     7    20    47
  382    27    43    70
  383    28    67    94
  384     8    41    68
  385    20    47    74
  386    69    70    97
  387    47    47    74
  388     3    44    71
  389    13    73    99
  390     7    43    69
  391    32    46    72
  392     6    40    66
  393    67    38    64
  394    67    43    69
  395    13    63    89
  396   100    29    55
  397   100    33    59
  398    41    25    51
  399     1    72    98
  400    11    55    81
  401    46    29    55
  402    58    23    48
  403    14    70    95
  404    84    37    62
  405    54    63    88
  406    38    67    92
  407    81    41    66
  408    93    46    71
  409    93    19    44
  410    25    52    77
  411    68    45    70
  412    24    66    91
  413    44    56    81
  414     7    64    89
  415    34    60    85
  416    92    63    88
  417    71    56    81
  418    31    74    99
  419    80    60    84
  420    71    36    60
  421    19    56    80
  422    89    73    97
  423    39     6    30
  424    97     9    33
  425    15    50    74
  426    77    36    60
  427    10    22    46
  428    61    54    78
  429    38    72    96
  430    10    54    78
  431    89    67    90
  432    25    16    39
  433    40    60    83
  434    53    61    84
  435    52    40    63
  436    32    30    53
  437    85    63    86
  438    12    73    96
  439     8    64    87
  440    40    40    63
  441    62    74    97
  442    64    28    51
  443    20    17    40
  444    52    64    87
  445    84    73    95
  446     1    66    88
  447    71    75    97
  448    64    22    44
  449     2    44    66
  450    25    75    97
  451    99    74    96
  452    16    51    73
  453    93    70    92
  454    95    55    77
  455    38    77    99
  456    26    59    81
  457    95    56    78
  458    66    54    76
  459    60    44    66
  460    20    65    87
  461    23    36    58
  462    82    71    92
  463    53    42    63
  464    87     9    30
  465    59    76    97
  466    52    29    50
  467    98    46    67
  468     9    52    73
  469    97    56    77
  470    25    74    95
  471    81    28    49
  472    48     8    29
  473     2    66    87
  474    61    79    99
  475     9    76    96
  476    40    70    90
  477     5    17    37
  478    30    37    57
  479    58    34    54
  480    45    61    81
  481    40    63    83
  482    38    46    66
  483    56    57    77
  484    78    68    88
  485    59    12    32
  486    11    32    52
  487    72    43    62
  488    86    66    85
  489     8    80    99
  490    54    64    83
  491    83    67    86
  492    43    22    41
  493    96    72    91
  494    85    80    99
  495    88    64    83
  496     8    77    96
  497    89    77    96
  498    45    54    73
  499    14    77    96
  500    42    77    96
  501    17    79    98
  502    13    79    98
  503    73    75    94
  504    23    76    95
  505    27    47    65
  506    49    28    46
  507    40    44    62
  508    78     9    27
  509    29    55    73
  510    88    73    91
  511    23    23    41
  512    28    78    96
  513    67    69    87
  514    16    30    48
  515    11    72    90
  516    43    25    43
  517    65    12    30
  518    82    39    57
  519    65    61    79
  520    62    52    70
  521     6     7    25
  522    47    76    94
  523     8    79    97
  524    92    64    82
  525     6    61    79
  526    15    17    35
  527    13    28    46
  528    45    76    93
  529     7    73    90
  530    42    48    65
  531    41    79    96
  532    29    59    76
  533    86    57    74
  534    60    69    86
  535   100    75    92
  536    84    51    68
  537    67    30    47
  538    16    65    82
  539    74    62    79
  540    31    49    66
  541    61    29    46
  542     2    26    43
  543    13    50    67
  544    97    59    76
  545    21    65    82
  546    44    69    86
  547    10    74    90
  548    11    48    64
  549    78    79    95
  550    66    28    44
  551    75    55    71
  552    69     4    20
  553    81    72    88
  554    29    82    98
  555    80    71    87
  556     3    47    63
  557    50    65    81
  558    93    42    58
  559    46    66    82
  560    92    11    27
  561    99    69    85
  562    63    32    48
  563    88    46    62
  564    72    81    96
  565    64    17    32
  566    26    72    87
  567    79    41    56
  568    72    71    86
  569    28     9    24
  570    41    84    99
  571    25    50    65
  572    34    77    92
  573    33    78    93
  574    91    66    81
  575    35    73    88
  576     6    28    43
  577    81    72    87
  578    62    26    41
  579    53    75    90
  580    16    13    28
  581    33     2    17
  582    19    77    92
  583    96    64    79
  584    57    11    26
  585    74    83    98
  586    73    67    81
  587    86    53    67
  588    41    80    94
  589    23    62    76
  590    29    59    73
  591    36    35    49
  592    88     8    22
  593    15    47    61
  594    54    25    39
  595    23    56    70
  596    76    22    36
  597    13    47    61
  598    78    72    86
  599    89    34    48
  600    94    79    93
  601    64     6    20
  602    78    85    99
  603    35    47    61
  604    82    26    40
  605    77    65    78
  606    40    65    78
  607    35    21    34
  608    21    46    59
  609    25    19    32
  610    22    49    62
  611    66    42    55
  612    58    81    94
  613    42    69    82
  614    65    65    78
  615    25    48    61
  616    18    31    44
  617    75    56    68
  618    71    85    97
  619     3    51    63
  620     5    82    94
  621    50    67    79
  622    57    69    81
  623     2    28    40
  624    28    32    44
  625    83    85    97
  626    41    83    95
  627    57    28    40
  628    36    38    50
  629    38    50    62
  630    70    57    69
  631    66    65    77
  632    40    65    77
  633    35    84    96
  634    36     1    13
  635    17    76    88
  636     5    57    69
  637    30    79    91
  638    43    84    95
  639    61    69    80
  640    23    28    39
  641    68    84    95
  642    13    86    97
  643    15    87    98
  644    85    28    39
  645    95    47    58
  646    56    70    81
  647    44    56    67
  648    66    78    89
  649    60    68    79
  650    65    71    82
  651     6    78    89
  652    20    74    85
  653    16    20    31
  654    98    80    91
  655    15    61    72
  656    94    81    91
  657    47    73    83
  658    34    62    72
  659    48    74    84
  660    95    79    89
  661    42    25    35
  662    44    68    78
  663    68    88    98
  664    83    88    98
  665    89    63    73
  666    74    65    75
  667    78    26    36
  668    50    44    54
  669    14    89    99
  670    78    66    76
  671    71    46    56
  672    68     1    11
  673    59    54    63
  674    87    72    81
  675    30    70    79
  676    40    76    85
  677    97    81    90
  678    21    87    96
  679    85    90    99
  680    92    77    86
  681    35    70    79
  682    14    25    34
  683    96    90    99
  684    37    65    74
  685    26    87    96
  686    65    90    99
  687     3    16    25
  688    88    59    68
  689    98    87    96
  690    77    85    94
  691    50    88    96
  692    32    51    59
  693     9    88    96
  694    22    10    18
  695    90     3    11
  696    15    82    90
  697    69    66    74
  698    28    33    41
  699    99    87    95
  700    17    81    89
  701    51    61    69
  702    79    54    62
  703    35    25    33
  704     9    32    40
  705    68    36    44
  706    60    80    88
  707    88    80    88
  708    86    44    52
  709    71    72    80
  710    81    56    64
  711    10    48    56
  712    19    82    90
  713    36    30    38
  714    48    86    94
  715    76    40    48
  716    83    66    74
  717    61    43    51
  718    98    28    36
  719    69    92    99
  720    20    76    83
  721    55    75    82
  722    89    89    96
  723    23    62    69
  724    88    66    73
  725    45    84    91
  726    31    71    78
  727    39    90    97
  728    41    56    63
  729    80    19    26
  730    49    90    97
  731    75    73    80
  732     2    83    90
  733    86    89    96
  734    18    73    80
  735    26    89    96
  736     9    35    42
  737    94    88    95
  738    33    89    96
  739    25    41    48
  740    56    89    96
  741    99    92    99
  742    15     3    10
  743    25    55    62
  744    22    10    17
  745    95    91    97
  746     3    16    22
  747     5    87    93
  748     5    92    98
  749    26    52    58
  750    23    66    72
  751    73    89    95
  752    40    84    90
  753    47    91    97
  754    24    93    99
  755    84    15    21
  756    49    91    97
  757    71    87    93
  758    43    88    94
  759    49    61    67
  760    36    68    74
  761    21    83    89
  762    24    80    86
  763    89    88    94
  764    32    43    49
  765    49    51    57
  766    76    91    97
  767    58    49    55
  768    13    93    99
  769    55    72    78
  770    33    35    41
  771    61    65    71
  772     7    71    77
  773    57    46    51
  774    34    15    20
  775   100     5    10
  776    11     3     8
  777    20    82    87
  778    86    77    82
  779    96    61    66
  780    54    74    79
  781    63    89    94
  782    54    69    74
  783    14    71    76
  784    59    87    92
  785    90    16    21
  786    19    92    97
  787    58    62    67
  788    53    77    82
  789    32    86    91
  790    86    26    31
  791    98    68    73
  792    80    40    45
  793    79    93    98
  794    94    90    95
  795    40     4     9
  796    57    92    97
  797    90    93    98
  798    25    88    93
  799    66    79    84
  800    75    37    42
  801    65    76    80
  802    97    51    55
  803    18    49    53
  804    19    12    16
  805    80    75    79
  806     9    92    96
  807    51    83    87
  808    94    78    82
  809    61    92    96
  810    22    91    95
  811    39    14    18
  812    21    95    99
  813    23    85    89
  814    30    45    49
  815     3    25    29
  816    54    84    88
  817    86    86    90
  818    45    95    99
  819    19    66    70
  820    41    75    78
  821    36    66    69
  822     9    90    93
  823    73    26    29
  824    58    96    99
  825    17    78    81
  826    63    51    54
  827    17     2     5
  828    68    72    75
  829    25    89    92
  830    76    80    83
  831     9    52    55
  832    71    37    40
  833    45    59    62
  834    91    72    75
  835    37    96    99
  836    87    64    67
  837    60    95    98
  838    55    40    43
  839    78    95    98
  840     1    76    79
  841     3    21    24
  842    31    86    89
  843    17    95    98
  844    27    93    96
  845    51    38    41
  846    73    96    99
  847    78    90    93
  848    25    87    90
  849    80    88    91
  850    55     8    11
  851    60    24    27
  852     9    83    86
  853    56    91    94
  854    15    94    97
  855    92    96    98
  856    75    29    31
  857    54    87    89
  858    80    84    86
  859    18    97    99
  860    53    97    99
  861    67    97    99
  862    33    77    79
  863    30    90    92
  864    78     5     7
  865    26    77    79
  866    77    85    87
  867    48    97    99
  868     9    51    53
  869    89    45    47
  870    31    97    99
  871    19    96    98
  872     1    88    90
  873    92    93    95
  874     1    88    90
  875    72    97    99
  876    10    77    79
  877    99    29    31
  878    45    32    34
  879    83    40    42
  880    10    94    96
  881    65    64    66
  882    80    87    89
  883    64    88    90
  884    79    89    91
  885    93    47    49
  886     4    86    88
  887    92    78    80
  888    58    96    98
  889    85    97    99
  890    50    77    79
  891    10    97    99
  892    13    91    92
  893    38    74    75
  894    12    93    94
  895    19    44    45
  896    44    90    91
  897    46    61    62
  898    84    40    41
  899     3    89    90
  900    86    79    80
  901    27    88    89
  902    69    43    44
  903    46    88    89
  904    74    77    78
  905    82    97    98
  906    29    42    43
  907    90    96    97
  908    74    94    95
  909     3    66    67
  910    31    84    85
  911    52    87    88
  912    97    94    95
  913    49    94    95
  914    70     1     2
  915     7    98    99
  916     5    89    90
  917    93    72    73
  918     5    98    99
  919    40    52    53
  920    14    81    82
  921    64    96    97
  922    23    80    81
  923    43    94    95
  924    30    55    56
  925    74    46    47
  926    34    97    98
  927    42    89    90
  928    65    17    18
  929    43    45    46
  930    54    91    92
  931     4    95    96
  932    68    98    99
  933    48    85    85
  934    83    91    91
  935     3   100   100
  936    13    93    93
  937    29    81    81
  938    74    98    98
  939     7     4     4
  940    75    76    76
  941    36    91    91
  942    47    94    94
  943    69    99    99
  944    42    99    99
  945    95    50    50
  946    85    96    96
  947    82    98    98
  948    57   100   100
  949    47    98    98
  950    73    90    90
  951    30    89    89
  952    40    94    94
  953    64    94    94
  954    79    99    99
  955    45   100   100
  956    89    95    95
  957    26    95    95
  958    92    46    46
  959    56    99    99
  960    59    97    97
  961    70    78    78
  962    63   100   100
  963     9    99    99
  964    63    79    79
  965    62    97    97
  966    59    26    26
  967    33    26    26
  968    33    95    95
  969    58    95    95
  970    83    97    97
  971     9    99    99
  972    67   100   100
  973    25    99    99
  974    24    99    99
  975    39    97    97
  976    61    30    30
  977    43    66    66
  978    67    13    13
  979    49    58    58
  980    99    96    96
  981    33    96    96
  982    76    99    99
  983    37    77    77
  984    83    98    98
  985    12    73    73
  986    19    99    99
  987    55   100   100
  988    81    65    65
  989    71    98    98
  990    49    97    97
  991    19    96    96
  992    45    92    92
  993    36    69    69
  994     5    86    86
  995    73    99    99
  996    53   100   100
  997    70   100   100
  998    26    95    95
  999    65     2     2
  100