  500
    0    16     6    99
    1    16     6    95
    2    20    10    96
    3    16     6    91
    4    12     2    83
    5    23    13    94
    6    17     7    87
    7    25    15    95
    8    30    20    99
    9    20    10    89
   10    16     6    83
   11    15     5    80
   12    26    16    90
   13    20    10    84
   14    22    12    85
   15    11     1    74
   16    26    16    87
   17    29    19    90
   18    16     6    77
   19    36    26    96
   20    41    31    99
   21    26    16    83
   22    26    16    83
   23    12     2    67
   24    18     8    73
   25    33    23    87
   26    34    24    87
   27    38    28    91
   28    33    23    86
   29    46    36    99
   30    31    21    84
   31    46    36    97
   32    38    28    89
   33    34    24    85
   34    32    22    83
   35    40    30    90
   36    39    29    89
   37    23    13    73
   38    29    19    79
   39    24    14    72
   40    43    33    91
   41    50    40    98
   42    31    21    79
   43    41    31    88
   44    12     2    59
   45    51    41    98
   46    40    30    87
   47    52    42    99
   48    20    10    66
   49    33    23    79
   50    29    19    74
   51    11     1    56
   52    54    44    99
   53    54    44    99
   54    50    40    95
   55    13     3    58
   56    44    34    88
   57    54    44    98
   58    41    31    85
   59    54    44    98
   60    54    44    98
   61    54    44    97
   62    36    26    79
   63    56    46    98
   64    45    35    87
   65    55    45    97
   66    17     7    58
   67    16     6    57
   68    22    12    63
   69    19     9    60
   70    45    35    86
   71    58    48    99
   72    15     5    55
   73    48    38    87
   74    46    36    85
   75    53    43    92
   76    49    39    87
   77    23    13    61
   78    39    29    75
   79    39    29    74
   80    23    13    58
   81    40    30    75
   82    41    31    76
   83    48    38    82
   84    24    14    57
   85    50    40    83
   86    30    20    63
   87    28    18    61
   88    50    40    82
   89    15     5    47
   90    13     3    44
   91    56    46    87
   92    61    51    91
   93    58    48    88
   94    27    17    57
   95    54    44    84
   96    42    32    72
   97    65    55    95
   98    43    33    73
   99    65    55    94
  100    43    33    72
  101    65    55    94
  102    40    30    69
  103    68    58    96
  104    47    37    75
  105    32    22    60
  106    66    56    94
  107    35    25    63
  108    35    25    62
  109    38    28    65
  110    64    54    91
  111    32    22    58
  112    73    63    99
  113    67    57    93
  114    22    12    48
  115    58    48    83
  116    51    41    76
  117    26    16    50
  118    74    64    98
  119    29    19    53
  120    36    26    60
  121    58    48    82
  122    74    64    98
  123    62    52    86
  124    44    34    67
  125    74    64    97
  126    40    30    63
  127    71    61    94
  128    70    60    93
  129    38    28    61
  130    23    13    46
  131    25    15    47
  132    40    30    62
  133    76    66    98
  134    76    66    98
  135    38    28    60
  136    16     6    37
  137    30    20    51
  138    36    26    57
  139    64    54    85
  140    52    42    73
  141    40    30    60
  142    67    57    87
  143    25    15    45
  144    20    10    40
  145    28    18    48
  146    30    20    50
  147    52    42    72
  148    66    56    86
  149    60    50    80
  150    76    66    96
  151    66    56    85
  152    61    51    80
  153    37    27    56
  154    77    67    96
  155    77    67    96
  156    80    70    99
  157    35    25    54
  158    80    70    99
  159    43    33    62
  160    43    33    62
  161    60    50    79
  162    24    14    42
  163    74    64    92
  164    22    12    40
  165    79    69    97
  166    49    39    67
  167    26    16    44
  168    80    70    98
  169    74    64    92
  170    32    22    49
  171    20    10    37
  172    57    47    74
  173    78    68    95
  174    69    59    86
  175    43    33    60
  176    34    24    51
  177    73    63    89
  178    53    43    69
  179    36    26    52
  180    49    39    65
  181    64    54    80
  182    19     9    35
  183    36    26    51
  184    42    32    57
  185    12     2    27
  186    71    61    86
  187    55    45    70
  188    12     2    27
  189    67    57    82
  190    68    58    82
  191    29    19    43
  192    79    69    93
  193    65    55    79
  194    62    52    76
  195    74    64    87
  196    40    30    53
  197    73    63    86
  198    16     6    29
  199    70    60    83
  200    81    71    93
  201    64    54    76
  202    80    70    92
  203    11     1    23
  204    70    60    82
  205    60    50    72
  206    80    70    92
  207    66    56    78
  208    71    61    83
  209    72    62    84
  210    63    53    75
  211    21    11    33
  212    42    32    54
  213    70    60    81
  214    65    55    76
  215    87    77    98
  216    86    76    97
  217    50    40    61
  218    26    16    37
  219    81    71    92
  220    57    47    68
  221    74    64    85
  222    69    59    80
  223    26    16    37
  224    40    30    50
  225    20    10    30
  226    88    78    98
  227    71    61    81
  228    27    17    37
  229    30    20    40
  230    71    61    81
  231    81    71    91
  232    85    75    95
  233    84    74    93
  234    57    47    66
  235    71    61    79
  236    55    45    63
  237    28    18    36
  238    61    51    69
  239    57    47    65
  240    64    54    72
  241    12     2    20
  242    83    73    91
  243    80    70    88
  244    68    58    76
  245    82    72    90
  246    85    75    92
  247    85    75    92
  248    86    76    93
  249    78    68    85
  250    37    27    44
  251    89    79    96
  252    91    81    98
  253    34    24    40
  254    50    40    56
  255    89    79    95
  256    83    73    88
  257    71    61    76
  258    69    59    74
  259    90    80    95
  260    91    81    96
  261    91    81    96
  262    82    72    87
  263    83    73    88
  264    74    64    78
  265    20    10    24
  266    52    42    56
  267    29    19    33
  268    38    28    42
  269    21    11    25
  270    95    85    98
  271    63    53    66
  272    56    46    59
  273    94    84    97
  274    80    70    83
  275    80    70    83
  276    77    67    80
  277    68    58    71
  278    90    80    93
  279    68    58    71
  280    13     3    16
  281    69    59    72
  282    14     4    17
  283    19     9    22
  284    76    66    79
  285    94    84    97
  286    91    81    94
  287    42    32    44
  288    62    52    64
  289    86    76    88
  290    90    80    92
  291    80    70    82
  292    82    72    84
  293    83    73    85
  294    95    85    97
  295    86    76    88
  296    64    54    66
  297    95    85    97
  298    67    57    69
  299    97    87    99
  300    96    86    98
  301    78    68    79
  302    98    88    99
  303    78    68    79
  304    59    49    60
  305    75    65    76
  306    92    82    93
  307    85    75    86
  308    98    88    99
  309    92    82    93
  310    12     2    13
  311    96    86    97
  312    89    79    89
  313    96    86    96
  314    85    75    85
  315    17     7    17
  316    83    73    83
  317    21    11    21
  318    79    69    79
  319    94    84    94
  320    41    31    41
  321    71    61    71
  322    96    86    96
  323    98    88    98
  324    89    79    89
  325    87    77    87
  326    81    71    81
  327    58    48    58
  328    38    28    38
  329    18     8    18
  330    31    21    31
  331    80    70    80
  332    85    75    85
  333    84    74    83
  334    85    75    84
  335    44    34    43
  336    78    68    77
  337    82    72    81
  338    69    59    68
  339    82    72    81
  340    93    83    92
  341    54    44    53
  342   100    90    99
  343    58    48    57
  344    62    52    60
  345    89    79    87
  346    66    56    64
  347    69    59    67
  348    81    71    79
  349    71    61    69
  350    37    27    35
  351    92    82    90
  352    76    66    74
  353    98    88    96
  354    67    57    64
  355    75    65    72
  356   101    91    98
  357    69    59    66
  358    96    86    93
  359   101    91    98
  360    56    46    53
  361    35    25    32
  362    96    86    93
  363    80    70    77
  364    66    56    63
  365    83    73    80
  366    40    30    36
  367    98    88    94
  368    98    88    94
  369    94    84    90
  370    99    89    95
  371    59    49    55
  372    27    17    23
  373    25    15    21
  374    93    83    89
  375   103    93    99
  376    65    55    61
  377    90    80    86
  378    91    81    87
  379    64    54    59
  380    46    36    41
  381   103    93    98
  382    76    66    71
  383    88    78    83
  384    37    27    32
  385   100    90    95
  386   101    91    96
  387   102    92    97
  388    99    89    94
  389   104    94    99
  390   103    93    98
  391    58    48    53
  392    62    52    57
  393   101    91    96
  394    94    84    89
  395    21    11    16
  396   100    90    95
  397    86    76    81
  398    94    84    88
  399   102    92    96
  400   105    95    99
  401    66    56    60
  402    48    38    42
  403    17     7    11
  404    18     8    12
  405    56    46    50
  406    52    42    46
  407   104    94    98
  408    86    76    80
  409   105    95    99
  410    68    58    62
  411    73    63    66
  412   105    95    98
  413   106    96    99
  414   103    93    96
  415   106    96    99
  416    96    86    89
  417   104    94    97
  418    22    12    15
  419    91    81    84
  420    83    73    76
  421   101    91    94
  422    90    80    83
  423   106    96    99
  424    80    70    73
  425    77    67    70
  426   103    93    96
  427   100    90    93
  428    35    25    28
  429    76    66    69
  430    51    41    44
  431    42    32    34
  432    13     3     5
  433   102    92    94
  434    93    83    85
  435    47    37    39
  436   106    96    98
  437    68    58    60
  438   104    94    96
  439    99    89    91
  440    83    73    75
  441    27    17    19
  442    34    24    26
  443    94    84    86
  444    64    54    56
  445   101    91    93
  446   106    96    98
  447   104    94    96
  448   108    98    99
  449    89    79    80
  450    86    76    77
  451   106    96    97
  452   106    96    97
  453    67    57    58
  454    54    44    45
  455   107    97    98
  456    96    86    87
  457    85    75    76
  458    59    49    50
  459   108    98    99
  460    90    80    81
  461    95    85    86
  462    89    79    80
  463    69    59    60
  464    95    85    86
  465   107    97    98
  466    59    49    50
  467   102    92    93
  468   107    97    98
  469   109    99    99
  470    81    71    71
  471   108    98    98
  472   109    99    99
  473    96    86    86
  474   110   100   100
  475   103    93    93
  476    93    83    83
  477    73    63    63
  478    59    49    49
  479    98    88    88
  480   105    95    95
  481    58    48    48
  482   101    91    91
  483    86    76    76
  484   109    99    99
  485    97    87    87
  486   109    99    99
  487   110   100   100
  488   105    95    95
  489    97    87    87
  490    99    89    89
  491   108    98    98
  492   110   100   100
  493    99    89    89
  494   110   100   100
  495   106    96    96
  496   110   100   100
  497    94    84    84
  498    84    74    74
  499   109    99    99
  100