  100
    0     8    18    93
    1     8    18    92
    2    10    20    92
    3    19    29    96
    4    15    25    92
    5    12    22    87
    6     9    19    83
    7    15    25    85
    8    24    34    94
    9    32    42    99
   10    31    41    97
   11     6    16    68
   12     1    11    60
   13     7    17    65
   14    22    32    76
   15    38    48    91
   16    26    36    79
   17    10    20    58
   18    23    33    70
   19    19    29    66
   20    47    57    90
   21    42    52    83
   22    57    67    97
   23    50    60    89
   24    51    61    88
   25    36    46    70
   26    40    50    73
   27    57    67    90
   28     5    15    37
   29     8    18    39
   30    10    20    39
   31     2    12    29
   32    22    32    48
   33    67    77    92
   34    65    75    90
   35    43    53    66
   36    46    56    69
   37    67    77    90
   38    74    84    97
   39    74    84    96
   40    64    74    86
   41    18    28    37
   42    79    89    98
   43    54    64    73
   44    77    87    95
   45    63    73    81
   46    47    57    65
   47    34    44    52
   48     6    16    24
   49    43    53    61
   50    70    80    88
   51    77    87    94
   52    48    58    65
   53     9    19    26
   54    75    85    92
   55    80    90    96
   56    19    29    35
   57     2    12    18
   58    74    84    90
   59    60    70    75
   60    74    84    88
   61    68    78    82
   62    75    85    89
   63    33    43    47
   64    77    87    90
   65    86    96    99
   66    85    95    97
   67    61    71    73
   68    77    87    89
   69    84    94    95
   70    88    98    99
   71    60    70    71
   72    88    98    99
   73    86    96    97
   74    73    83    84
   75    72    82    83
   76    88    98    99
   77    39    49    49
   78    97   100   100
   79    88    98    98
   80    98   100   100
   81    79    89    89
   82    94   100   100
   83   100   100   100
   84    99   100   100
   85    94   100   100
   86    25    35    35
   87    92   100   100
   88    99   100   100
   89    93   100   100
   90    92   100   100
   91    96   100   100
   92    96   100   100
   93    91   100   100
   94     6    16    16
   95    99   100   100
   96    60    70    70
   97    86    96    96
   98    99   100   100
   99    90   100   100
  100