  500
    0     3    13    97
    1     1    11    93
    2     1    11    93
    3     9    19    98
    4     9    19    98
    5     9    19    97
    6    14    24    98
    7    10    20    93
    8    12    22    95
    9     2    12    84
   10    13    23    95
   11    18    28    99
   12     9    19    89
   13    13    23    93
   14    10    20    90
   15    15    25    93
   16     9    19    87
   17     5    15    82
   18    19    29    96
   19    17    27    94
   20    21    31    97
   21    22    32    98
   22    13    23    89
   23    13    23    88
   24     8    18    82
   25     1    11    74
   26     6    16    78
   27     6    16    78
   28    25    35    96
   29    26    36    97
   30    25    35    95
   31    19    29    89
   32    12    22    82
   33    11    21    81
   34     2    12    72
   35     5    15    75
   36     8    18    78
   37    22    32    91
   38    10    20    78
   39    13    23    81
   40     6    16    74
   41    20    30    88
   42     5    15    72
   43    10    20    77
   44    32    42    98
   45    13    23    79
   46    15    25    81
   47    15    25    81
   48    25    35    90
   49     9    19    73
   50     8    18    72
   51    28    38    92
   52     3    13    66
   53    35    45    98
   54    32    42    94
   55    14    24    76
   56    33    43    94
   57    38    48    98
   58    19    29    79
   59    38    48    98
   60    31    41    90
   61    17    27    75
   62    36    46    94
   63    19    29    76
   64    27    37    84
   65    32    42    89
   66    17    27    73
   67     5    15    61
   68     4    14    60
   69    38    48    93
   70    43    53    98
   71     9    19    64
   72    21    31    76
   73    33    43    88
   74     5    15    59
   75    20    30    73
   76    13    23    66
   77    31    41    84
   78    26    36    78
   79    16    26    68
   80     6    16    58
   81    25    35    77
   82     9    19    60
   83    21    31    72
   84    46    56    97
   85    35    45    85
   86    42    52    92
   87    40    50    90
   88    26    36    76
   89    18    28    68
   90    33    43    83
   91     5    15    55
   92    21    31    71
   93    30    40    80
   94    22    32    70
   95    46    56    94
   96    48    58    96
   97    16    26    64
   98    15    25    62
   99     5    15    52
  100    38    48    85
  101    10    20    57
  102     6    16    53
  103    43    53    89
  104    39    49    85
  105    23    33    69
  106    18    28    64
  107    46    56    92
  108    38    48    84
  109    52    62    98
  110    29    39    74
  111    15    25    60
  112    25    35    69
  113    52    62    96
  114    34    44    78
  115    14    24    58
  116    50    60    94
  117    50    60    94
  118    35    45    79
  119    47    57    90
  120    48    58    91
  121    28    38    71
  122    16    26    58
  123     4    14    46
  124    24    34    66
  125    35    45    77
  126    27    37    69
  127    35    45    77
  128    54    64    95
  129     3    13    44
  130    40    50    81
  131    49    59    89
  132     4    14    44
  133    38    48    78
  134    19    29    59
  135    46    56    86
  136    20    30    60
  137    55    65    95
  138    27    37    67
  139    43    53    83
  140    32    42    71
  141    39    49    78
  142    57    67    96
  143    57    67    96
  144    35    45    74
  145    25    35    63
  146    25    35    63
  147    29    39    66
  148    50    60    87
  149     7    17    44
  150    53    63    90
  151    40    50    77
  152    52    62    88
  153    55    65    91
  154    10    20    46
  155    55    65    91
  156     7    17    43
  157    59    69    95
  158    59    69    94
  159    63    73    98
  160    13    23    48
  161     2    12    37
  162    64    74    98
  163    64    74    98
  164    43    53    77
  165    52    62    86
  166     7    17    40
  167    27    37    60
  168    55    65    88
  169    37    47    70
  170    61    71    94
  171    59    69    92
  172    37    47    70
  173    62    72    95
  174    45    55    77
  175    61    71    93
  176    36    46    68
  177    56    66    88
  178    26    36    58
  179    64    74    96
  180    26    36    58
  181    55    65    87
  182    59    69    91
  183    39    49    71
  184    60    70    91
  185    59    69    90
  186    31    41    62
  187    51    61    82
  188     5    15    35
  189    48    58    78
  190    41    51    71
  191    65    75    94
  192     3    13    32
  193    33    43    62
  194    56    66    85
  195    67    77    96
  196    21    31    50
  197    18    28    47
  198    12    22    41
  199    64    74    93
  200    32    42    60
  201    65    75    93
  202    12    22    40
  203    56    66    84
  204     5    15    33
  205    69    79    97
  206    46    56    74
  207    23    33    51
  208    38    48    65
  209    43    53    70
  210    33    43    60
  211    30    40    57
  212    57    67    84
  213    38    48    65
  214    42    52    69
  215    40    50    66
  216    45    55    71
  217    73    83    99
  218    66    76    92
  219    33    43    59
  220    43    53    68
  221    60    70    85
  222    17    27    42
  223    47    57    72
  224    38    48    63
  225    68    78    93
  226    67    77    92
  227    52    62    77
  228    73    83    97
  229    14    24    38
  230    75    85    99
  231    25    35    49
  232    64    74    88
  233    44    54    68
  234    36    46    60
  235     9    19    33
  236    48    58    71
  237    63    73    86
  238     3    13    26
  239    57    67    80
  240    51    61    74
  241    71    81    94
  242    53    63    76
  243    28    38    51
  244    63    73    86
  245    56    66    78
  246    50    60    72
  247    77    87    99
  248    39    49    61
  249    64    74    86
  250    74    84    96
  251    16    26    38
  252    39    49    61
  253    50    60    72
  254    57    67    79
  255    72    82    94
  256     3    13    25
  257    61    71    83
  258    35    45    57
  259    46    56    68
  260    19    29    41
  261     7    17    29
  262    56    66    77
  263    17    27    38
  264    45    55    66
  265    38    48    59
  266    25    35    46
  267    29    39    50
  268     3    13    24
  269    49    59    70
  270    29    39    50
  271    71    81    92
  272    67    77    87
  273    33    43    53
  274    11    21    31
  275     8    18    28
  276    69    79    89
  277    53    63    73
  278    23    33    43
  279    43    53    63
  280     5    15    25
  281    22    32    41
  282    49    59    68
  283    40    50    59
  284    70    80    89
  285    55    65    74
  286    62    72    81
  287    29    39    48
  288    51    61    70
  289    79    89    98
  290    14    24    33
  291    80    90    99
  292    69    79    88
  293    41    51    60
  294    64    74    83
  295    31    41    50
  296    74    84    93
  297    79    89    98
  298    74    84    93
  299    69    79    87
  300    72    82    90
  301    47    57    65
  302    72    82    90
  303    60    70    78
  304    26    36    44
  305    65    75    83
  306    67    77    85
  307    73    83    91
  308    62    72    80
  309    43    53    61
  310    82    92    99
  311    54    64    71
  312    81    91    98
  313    67    77    84
  314    56    66    73
  315    74    84    91
  316    36    46    53
  317    19    29    36
  318    32    42    49
  319     1    11    18
  320    80    90    97
  321    21    31    38
  322    19    29    36
  323    61    71    78
  324    76    86    93
  325    22    32    39
  326    79    89    96
  327    33    43    49
  328    77    87    93
  329    79    89    95
  330    41    51    57
  331    80    90    96
  332    78    88    94
  333    57    67    73
  334    73    83    89
  335    26    36    42
  336    71    81    86
  337     2    12    17
  338    79    89    94
  339    81    91    96
  340    26    36    41
  341    83    93    98
  342    82    92    97
  343    82    92    97
  344    28    38    43
  345    66    76    81
  346    34    44    49
  347    83    93    98
  348     4    14    19
  349    11    21    26
  350    40    50    55
  351    75    85    90
  352    84    94    99
  353    82    92    96
  354     8    18    22
  355    17    27    31
  356    85    95    99
  357    84    94    98
  358    75    85    89
  359    85    95    99
  360    83    93    97
  361    71    81    84
  362    86    96    99
  363    61    71    74
  364    60    70    73
  365    77    87    90
  366    68    78    81
  367    85    95    98
  368    73    83    86
  369    50    60    63
  370    77    87    90
  371    79    89    92
  372    78    88    91
  373    85    95    98
  374    77    87    90
  375    85    95    98
  376    75    85    88
  377    71    81    84
  378    82    92    95
  379    67    77    80
  380     3    13    15
  381     2    12    14
  382    80    90    92
  383    67    77    79
  384    81    91    93
  385    74    84    86
  386     9    19    21
  387    76    86    88
  388    49    59    61
  389    46    56    58
  390    58    68    70
  391    83    93    95
  392    82    92    94
  393    74    84    85
  394    73    83    84
  395    60    70    71
  396    55    65    66
  397    88    98    99
  398    66    76    77
  399    33    43    44
  400    15    25    26
  401    80    90    91
  402    79    89    90
  403     6    16    17
  404    49    59    60
  405    80    90    91
  406    60    70    71
  407    31    41    42
  408    82    92    93
  409    77    87    88
  410    86    96    97
  411    69    79    80
  412    99   100   100
  413    93   100   100
  414    97   100   100
  415    22    32    32
  416    92   100   100
  417    89    99    99
  418   100   100   100
  419    92   100   100
  420    77    87    87
  421    91   100   100
  422    18    28    28
  423    93   100   100
  424    95   100   100
  425    95   100   100
  426    94   100   100
  427   100   100   100
  428    96   100   100
  429    95   100   100
  430    88    98    98
  431    96   100   100
  432    94   100   100
  433    91   100   100
  434    94   100   100
  435    89    99    99
  436    98   100   100
  437    90   100   100
  438    90   100   100
  439    81    91    91
  440    93   100   100
  441    77    87    87
  442    95   100   100
  443    94   100   100
  444    81    91    91
  445    95   100   100
  446    99   100   100
  447    96   100   100
  448    92   100   100
  449    84    94    94
  450    89    99    99
  451    97   100   100
  452    56    66    66
  453    98   100   100
  454    91   100   100
  455   100   100   100
  456    89    99    99
  457    93   100   100
  458    95   100   100
  459    71    81    81
  460    35    45    45
  461    96   100   100
  462    28    38    38
  463    92   100   100
  464    80    90    90
  465    96   100   100
  466    85    95    95
  467    92   100   100
  468   100   100   100
  469    96   100   100
  470    99   100   100
  471    85    95    95
  472    96   100   100
  473    83    93    93
  474    86    96    96
  475    95   100   100
  476    96   100   100
  477    89    99    99
  478    95   100   100
  479    99   100   100
  480    93   100   100
  481    33    43    43
  482    71    81    81
  483    58    68    68
  484     9    19    19
  485    96   100   100
  486    89    99    99
  487   100   100   100
  488    92   100   100
  489    94   100   100
  490    95   100   100
  491    93   100   100
  492    94   100   100
  493    93   100   100
  494    93   100   100
  495    90   100   100
  496    94   100   100
  497    84    94    94
  498    92   100   100
  499    93   100   100
  100