  100
    0     5     5    99
    1     7     7    88
    2     2     2    80
    3     4     4    75
    4    23    23    93
    5    26    26    94
    6    31    31    97
    7    23    23    87
    8    31    31    92
    9    37    37    97
   10    14    14    74
   11    22    22    79
   12    32    32    89
   13    10    10    66
   14     4     4    58
   15    47    47    99
   16    39    39    91
   17     4     4    54
   18    38    38    87
   19    16    16    65
   20    37    37    85
   21    28    28    75
   22    47    47    93
   23    10    10    56
   24    12    12    56
   25    46    46    89
   26    51    51    94
   27    35    35    78
   28    22    22    63
   29    42    42    82
   30    53    53    92
   31    52    52    90
   32     1     1    38
   33     1     1    37
   34    44    44    78
   35     4     4    37
   36     6     6    38
   37     4     4    34
   38    63    63    93
   39     1     1    30
   40     2     2    30
   41    31    31    59
   42    63    63    90
   43    40    40    65
   44    10    10    33
   45    54    54    77
   46    76    76    98
   47    77    77    98
   48    69    69    89
   49    44    44    64
   50    71    71    90
   51    41    41    59
   52    74    74    91
   53    42    42    59
   54    74    74    90
   55    31    31    46
   56    75    75    90
   57    36    36    51
   58    66    66    81
   59    72    72    86
   60    79    79    91
   61    59    59    71
   62    57    57    68
   63    37    37    48
   64    11    11    21
   65    87    87    97
   66    20    20    29
   67    71    71    80
   68    81    81    89
   69    54    54    61
   70    70    70    77
   71    25    25    31
   72    51    51    57
   73    91    91    97
   74    83    83    89
   75    82    82    87
   76    84    84    89
   77    80    80    84
   78    83    83    87
   79    85    85    89
   80    42    42    46
   81    61    61    65
   82    92    92    96
   83    95    95    99
   84    37    37    41
   85    95    95    98
   86    56    56    58
   87    34    34    36
   88    25    25    27
   89    90    90    92
   90    81    81    83
   91    61    61    63
   92    74    74    76
   93    96    96    98
   94    93    93    94
   95    95    95    96
   96    11    11    12
   97   100   100   100
   98    99    99    99
   99    70    70    70
  100