  100
    0     2    12    84
    1    12    22    91
    2     7    17    84
    3    27    37    94
    4    26    36    86
    5    32    42    91
    6    27    37    86
    7    34    44    93
    8    31    41    89
    9    43    53    99
   10    32    42    85
   11    16    26    69
   12    43    53    96
   13     6    16    57
   14    38    48    88
   15    30    40    79
   16    37    47    83
   17    26    36    70
   18    45    55    89
   19    27    37    70
   20    14    24    57
   21    37    47    79
   22    10    20    51
   23    52    62    93
   24    27    37    67
   25     3    13    42
   26    12    22    51
   27    31    41    69
   28    17    27    55
   29    50    60    88
   30    61    71    99
   31    48    58    86
   32    29    39    66
   33    39    49    76
   34    26    36    62
   35    35    45    68
   36     5    15    37
   37    46    56    77
   38    29    39    59
   39     8    18    38
   40    34    44    64
   41    23    33    53
   42    69    79    99
   43    50    60    79
   44    59    69    87
   45    68    78    95
   46    69    79    95
   47    51    61    76
   48    63    73    87
   49    61    71    85
   50     8    18    32
   51    52    62    75
   52    61    71    83
   53    66    76    87
   54    60    70    81
   55    57    67    77
   56    50    60    70
   57     7    17    26
   58    65    75    84
   59    11    21    30
   60    57    67    75
   61    70    80    88
   62    74    84    92
   63    71    81    89
   64    47    57    64
   65    73    83    89
   66    15    25    31
   67    58    68    73
   68    13    23    27
   69    77    87    90
   70    82    92    95
   71    54    64    67
   72    85    95    97
   73    85    95    97
   74    78    88    90
   75    77    87    89
   76    88    98    99
   77    86    96    97
   78    83    93    94
   79    82    92    93
   80    88    98    99
   81    71    81    82
   82     8    18    19
   83    97   100   100
   84    93   100   100
   85    92   100   100
   86    67    77    77
   87    99   100   100
   88    94   100   100
   89    92   100   100
   90    89    99    99
   91    97   100   100
   92    90   100   100
   93    83    93    93
   94   100   100   100
   95    29    39    39
   96    92   100   100
   97    54    64    64
   98    94   100   100
   99    97   100   100
  100