 1000
    0    44     3    94
    1    88     6    96
    2    81     2    90
    3    34     7    95
    4    10     4    92
    5    26     8    94
    6    98     1    87
    7    58     4    90
    8    24     9    94
    9    13     2    86
   10    59     8    92
   11    25     2    83
   12    25    11    92
   13    90    13    93
   14    65     7    87
   15    31    15    95
   16     2    16    96
   17    88     6    86
   18    66     3    83
   19    26    17    97
   20    68    15    94
   21    85    10    88
   22    10     8    86
   23    73    13    90
   24    48     8    85
   25    36     6    82
   26    77    16    92
   27    27    21    96
   28    72    16    91
   29    31    15    89
   30    98    18    92
   31     9    23    97
   32     9     5    78
   33    84    20    93
   34    45     5    78
   35    50    11    84
   36    77     1    73
   37    55    12    84
   38    27     4    76
   39     4    25    97
   40    17    16    88
   41    88     6    77
   42    37    25    96
   43    29    11    82
   44    70    28    99
   45    87     8    78
   46   100    22    91
   47    88    21    90
   48    28     1    70
   49    84    17    85
   50    63    26    94
   51    60    11    79
   52    50    25    93
   53    93    24    91
   54    76    22    88
   55    82    23    88
   56    66    18    83
   57    44    31    96
   58    17    26    91
   59    69    22    87
   60    91    28    93
   61    35    22    86
   62    82    18    82
   63    35    21    85
   64    56    26    90
   65     7    19    83
   66     8    31    95
   67    25    16    80
   68    53    11    75
   69    87    34    98
   70    57    35    98
   71    92    32    95
   72    37    28    91
   73    70    36    99
   74    37     5    68
   75    82    33    95
   76    89    36    98
   77    12    24    85
   78    15    37    98
   79    83     5    65
   80    66    33    93
   81    90    28    88
   82     8    13    72
   83    45    36    95
   84    75    31    89
   85    98     2    60
   86    19    16    74
   87    58     3    61
   88    65    12    70
   89    73     3    61
   90     2    39    97
   91     6    11    68
   92    93    42    99
   93    10    41    98
   94    95    20    77
   95    52     4    61
   96    27    41    98
   97    98    43    99
   98     6     1    57
   99    26    34    90
  100    45    33    89
  101   100    13    69
  102    60    11    67
  103    17    43    99
  104    81    25    80
  105    36    11    66
  106    73     7    62
  107    17     2    57
  108    83    26    81
  109    85    38    92
  110     6    39    93
  111    67    27    81
  112    95    21    75
  113    42    31    85
  114    60    37    91
  115     1    34    88
  116    36    28    82
  117    65    40    94
  118    33    45    99
  119    97    14    68
  120    81    40    94
  121    45    28    82
  122    72    15    68
  123    53    45    98
  124    79    18    71
  125    59    32    85
  126    72     2    54
  127    97     1    53
  128    74     3    55
  129    30     1    53
  130    82    12    64
  131    97    46    98
  132    93    29    81
  133    82    47    99
  134    35    47    99
  135    58    25    77
  136     5    34    85
  137    76    38    89
  138    98    31    82
  139    48    12    63
  140    42    21    72
  141    81    31    82
  142     8    17    68
  143    96    24    75
  144    84    24    75
  145    57     4    55
  146    95     8    59
  147    53    24    74
  148    76    29    79
  149    24    25    74
  150    46     4    53
  151    21    50    99
  152    11    19    68
  153    24    40    89
  154    50    44    92
  155    54    44    92
  156    65    35    83
  157    22    42    90
  158    46    27    75
  159    40    38    86
  160    18    38    86
  161    99    23    71
  162    89    21    69
  163    27    29    77
  164    81    33    81
  165    49    32    79
  166    14     4    51
  167    81    18    65
  168    54    10    57
  169    98     5    52
  170    94    20    67
  171     8    52    99
  172    47    46    93
  173    36    47    94
  174    10    28    75
  175    50    29    76
  176    48    42    88
  177    35    11    57
  178    32    48    94
  179     1    20    66
  180    38    26    72
  181    24    53    99
  182    50    35    81
  183    18    47    93
  184    58    21    67
  185    53    34    79
  186    27    41    86
  187    67    43    88
  188    14    36    81
  189    74     3    48
  190    21    32    77
  191    46     5    50
  192     3    27    72
  193    54    26    70
  194    12    39    83
  195    66    48    92
  196    49     8    52
  197    52    48    92
  198    71    36    80
  199    37    24    68
  200    30    45    89
  201    79    34    77
  202    83    18    61
  203    90     1    44
  204    90    55    98
  205    30    27    70
  206     1    18    61
  207    95    35    77
  208    29    37    79
  209    55    26    68
  210    91    33    75
  211    96    56    98
  212     5    38    80
  213    75    46    88
  214   100    46    88
  215    73    11    52
  216    98    39    80
  217    60    43    84
  218    91    58    99
  219    57    37    78
  220    62    42    83
  221    37    44    85
  222    79    17    58
  223    38    17    58
  224    96    14    55
  225    45     1    41
  226    14    38    78
  227    89    54    94
  228    59    49    89
  229     7     9    49
  230    24    58    98
  231    93    37    77
  232    76    14    54
  233    66    25    64
  234   100    46    85
  235    18    44    83
  236   100    19    58
  237    85    54    93
  238     2     8    46
  239    30    56    94
  240    82    24    62
  241    36    61    99
  242    20    26    64
  243    46    33    71
  244    41     4    42
  245    38    43    81
  246     5    27    65
  247     3    37    74
  248    61    60    97
  249    77    37    74
  250    25    18    55
  251    61    29    66
  252    39    40    77
  253    38    58    95
  254     1    35    72
  255    12    27    63
  256    42    23    59
  257    72    57    93
  258    82    26    62
  259    93    11    47
  260    42    47    83
  261    57    32    67
  262    45    25    60
  263    43    27    62
  264    73    20    55
  265     6    52    87
  266    20    57    92
  267    72    44    79
  268    50    42    77
  269    73    45    80
  270    14    53    87
  271     5    54    88
  272    93    12    46
  273    88     9    43
  274    54    11    45
  275    49    13    47
  276    51    62    96
  277    33    45    79
  278    95    41    75
  279    49    41    75
  280    94    37    70
  281   100    47    80
  282    18    61    94
  283    94    41    74
  284    48    39    72
  285    61    36    69
  286    76    21    54
  287    29    65    98
  288    10    20    53
  289    71    17    50
  290    27    21    53
  291    72    61    93
  292     2    18    50
  293    56    62    94
  294    54    46    78
  295    92    67    99
  296    40    22    54
  297    50    64    95
  298    88    55    86
  299    99    65    96
  300    80    51    82
  301    89     9    40
  302    30    60    91
  303    81    62    93
  304     4    64    95
  305    12    57    88
  306     5    33    64
  307    43    50    81
  308    20    60    91
  309    66    16    47
  310    75    56    87
  311    91    33    64
  312     9    40    71
  313    28    47    78
  314    35    48    79
  315    40    15    46
  316    35    51    82
  317    82    42    73
  318    36    65    96
  319    30    59    90
  320    93    52    83
  321    64    61    91
  322    29    25    55
  323    12    47    77
  324    32    39    69
  325    47    67    97
  326    28    55    85
  327    40    63    93
  328    65    58    88
  329    73    42    72
  330    15     2    32
  331    59    49    79
  332    31    29    59
  333    70    42    72
  334    72    22    52
  335    36    26    56
  336    12    58    87
  337    25    45    74
  338    94    66    95
  339    68    17    46
  340    43     9    38
  341    89     4    33
  342    95    28    57
  343    96    45    74
  344    70    49    78
  345    83    65    94
  346    38    64    93
  347    52    40    68
  348    35    28    56
  349    77    28    56
  350     6     5    33
  351    37    61    89
  352    51    69    97
  353    88    57    85
  354     1    64    92
  355    21    45    73
  356    30    66    94
  357    80    31    58
  358    42    38    65
  359    39    46    73
  360    60    60    87
  361    58    61    88
  362    64    68    95
  363    90    51    78
  364    82    72    99
  365    44    61    88
  366    27    60    87
  367    32     3    30
  368    32    34    61
  369    41    48    75
  370    88    62    89
  371    96     5    32
  372     8    52    79
  373     5    45    72
  374    51     8    35
  375    12    55    82
  376    12    69    96
  377    35    59    85
  378    21    47    73
  379    18    63    89
  380    43    64    90
  381    69     1    27
  382     5    72    98
  383    34    67    93
  384    24    63    89
  385    82    27    53
  386    94    71    97
  387    34    40    66
  388    24    17    42
  389    22    49    74
  390     7    22    47
  391    41    49    74
  392    77    31    56
  393    43    39    64
  394    75    20    45
  395    87    54    79
  396    46    60    85
  397    96    59    84
  398    46    12    37
  399    41    53    78
  400    77    49    73
  401    46    70    94
  402    63    51    75
  403    25    63    87
  404    67    45    69
  405    52    28    52
  406    22    37    61
  407    43    55    79
  408    42    63    87
  409    55    55    78
  410    26    47    70
  411    84    68    91
  412    37    58    81
  413    89    64    87
  414    59    69    92
  415     5    54    77
  416    93    58    81
  417    36    33    56
  418    42    67    89
  419    41    59    81
  420    45    39    61
  421    46    50    72
  422    60    76    98
  423    60    40    62
  424     6    62    84
  425    41    31    53
  426    11    48    70
  427    90    30    52
  428    18    24    46
  429    66    38    59
  430    78    68    89
  431    73    40    61
  432    29    78    99
  433    70    12    33
  434    36    38    59
  435    95     2    23
  436    32    66    87
  437    67    58    79
  438    77    24    45
  439    83     1    22
  440    96    78    99
  441    91    38    59
  442    21    68    88
  443    71    20    40
  444    68    67    87
  445    40    39    59
  446    50    50    70
  447    60    77    97
  448    65    59    79
  449    33     3    23
  450    84    53    73
  451    40     9    29
  452    22    69    89
  453    55    68    88
  454     3    68    88
  455    11     8    28
  456    96    20    40
  457    61    56    76
  458    84    62    82
  459    71    27    47
  460    34    34    54
  461    34    22    42
  462    72    64    84
  463    38    71    91
  464    18    66    86
  465     7    61    80
  466     3    78    97
  467    87    78    97
  468    14    67    86
  469    77    78    97
  470    99    77    96
  471    20     9    28
  472     7    61    80
  473    61    76    95
  474    67    43    62
  475    68     3    22
  476    91    75    94
  477    17    69    88
  478    60    50    68
  479    31    24    42
  480    42    48    66
  481    87    50    68
  482     2    77    95
  483    86     5    23
  484    89    54    72
  485    89    37    55
  486    69    44    62
  487    76    78    96
  488    46    55    73
  489    53    77    95
  490    99    75    93
  491   100    40    58
  492    18     5    23
  493    34    51    69
  494    27    19    37
  495     8    79    97
  496    45    20    38
  497    23    44    61
  498    12    81    98
  499    70    43    60
  500    11    76    93
  501    93    72    89
  502    20    81    98
  503    56    80    97
  504    99    82    99
  505    58    46    63
  506    28    76    93
  507    79    78    95
  508   100    70    87
  509    90    78    95
  510     8    52    69
  511    43    58    75
  512    73    59    76
  513     6    16    33
  514    92    46    63
  515    43    77    93
  516    15    60    76
  517    59    36    52
  518    90    76    92
  519    19    72    88
  520     4    77    93
  521    51    58    74
  522    13    79    95
  523    21    72    88
  524     3    16    32
  525    52    67    83
  526    93    17    33
  527    98    83    99
  528     6    82    97
  529    65    83    98
  530    70    82    97
  531    23    67    82
  532    97    17    32
  533    31    84    99
  534    68    81    96
  535    23    41    56
  536    51    80    95
  537    80    78    93
  538    59    68    83
  539    21    80    95
  540    42    73    88
  541    31    42    57
  542    61    67    82
  543     4    59    74
  544     6    76    91
  545    97    20    35
  546    40     4    19
  547    47    26    41
  548     4    84    99
  549    69    65    79
  550    57    27    41
  551    43    46    60
  552    28    83    97
  553     2    54    68
  554    77    16    30
  555    77     2    16
  556    30    72    86
  557    87     8    22
  558     3    82    96
  559    49    78    92
  560    76    85    99
  561    54    62    76
  562    98    49    63
  563    82    82    96
  564    96    67    81
  565    53    52    66
  566    28    29    43
  567    43    81    95
  568    63    15    29
  569     6    57    71
  570     7    32    45
  571    40    71    84
  572    55    43    56
  573    36    18    31
  574    25    71    84
  575    71    86    99
  576    73     7    20
  577    56    39    52
  578    78    15    28
  579    55    42    55
  580    42    78    91
  581    79    47    60
  582    53    74    87
  583    31    34    47
  584    53    84    97
  585    73    83    96
  586    85    39    51
  587    20    35    47
  588    31    50    62
  589    84    87    99
  590    98    49    61
  591     4    86    98
  592    53    49    61
  593    25    59    71
  594    68    64    76
  595    53    62    74
  596    80    54    66
  597     8    75    87
  598    87    86    98
  599    90    51    63
  600    66    46    58
  601    63    82    94
  602    71    22    34
  603    40    65    77
  604     3    20    31
  605    29    49    60
  606    93    20    31
  607    94    65    76
  608    58    87    98
  609    25    14    25
  610    44    76    87
  611    77    73    84
  612    51    82    93
  613    32    51    62
  614    54    53    64
  615    39    72    82
  616    47    87    97
  617    77    61    71
  618    49    76    86
  619    79    43    53
  620     6    79    89
  621    18    37    47
  622    17    66    76
  623     5     6    16
  624    74    36    46
  625    96    89    99
  626    95     6    16
  627    76     7    17
  628    14    71    81
  629    15    46    56
  630    66    21    31
  631    43    44    54
  632     9    86    96
  633    25    35    45
  634    26    22    31
  635    46    48    57
  636    22    62    71
  637    39    34    43
  638    48    84    93
  639    82    82    91
  640    95     6    15
  641    37    13    22
  642    23    34    43
  643    57    70    79
  644    32    65    74
  645     1    90    99
  646    69    88    97
  647    47    54    63
  648    18    20    29
  649    28    22    31
  650    41    46    55
  651    71    61    70
  652    51    55    64
  653     7    40    49
  654    97    47    56
  655    47    36    45
  656    96    47    56
  657    32    44    53
  658    22    25    34
  659    46    18    27
  660    97    89    98
  661    20    58    66
  662    25    59    67
  663    69    60    68
  664    13    33    41
  665    36    55    63
  666    58    56    64
  667     9    84    92
  668    90    83    91
  669    60    91    99
  670    74    83    91
  671    56    88    96
  672    55    30    38
  673    73    90    98
  674    36    76    84
  675    86    57    65
  676    73    65    73
  677    10    82    90
  678    32    91    99
  679    75    75    83
  680    16    31    39
  681    62    91    99
  682    73    87    95
  683    41    67    75
  684    56    81    89
  685    30    88    96
  686    49    88    96
  687     2    25    32
  688    28    65    72
  689   100    69    76
  690     9    90    97
  691     6    53    60
  692    18    73    80
  693    87    72    79
  694    90    78    85
  695    86    34    41
  696    35    83    90
  697    55    89    96
  698     3    76    83
  699    35    52    59
  700    95    26    33
  701    44    16    23
  702    60    86    93
  703    90    90    97
  704     8    81    88
  705     6    59    66
  706    64    39    46
  707    56    80    87
  708    42    91    98
  709    57    67    74
  710    48    72    79
  711    57    70    77
  712    60    61    68
  713    67    90    97
  714    53    32    39
  715    18    91    98
  716    12    42    49
  717    37    91    98
  718    79    90    97
  719    71    20    27
  720    23    92    99
  721    65    25    32
  722     3    90    96
  723     3    88    94
  724    66    56    62
  725    67    79    85
  726    45    91    97
  727    34    53    59
  728    83    93    99
  729    87    87    93
  730    40    60    66
  731    16    67    73
  732    20    15    21
  733    26    80    86
  734    33    85    91
  735    41    86    92
  736    49    56    62
  737    58    92    98
  738    18    18    24
  739     6    70    76
  740    80    56    62
  741    78    79    85
  742    30    82    88
  743    90    18    24
  744     8    75    81
  745    31    28    34
  746    17    56    62
  747    89    93    99
  748     8    65    70
  749    60    87    92
  750    86    81    86
  751    16    75    80
  752     3    81    86
  753    32    70    75
  754    67    72    77
  755    68    64    69
  756    93    90    95
  757    47    85    90
  758    60    91    96
  759    88    65    70
  760    66    91    96
  761    79    78    83
  762    88    81    86
  763    64    19    24
  764    24    37    42
  765    23    91    96
  766    56    92    97
  767    47    24    29
  768    12    72    77
  769    54    82    87
  770    21    40    45
  771    38    73    78
  772    58    83    88
  773    35    29    34
  774    91    39    44
  775     8    85    90
  776     4    85    90
  777    79     3     8
  778    49    67    72
  779    41    87    92
  780     8    88    92
  781    17    49    53
  782    54    95    99
  783    44    68    72
  784    29    68    72
  785    17    13    17
  786    97    83    87
  787    55    91    95
  788    32    95    99
  789    81    35    39
  790    71    60    64
  791    27    85    89
  792    39    93    97
  793    75    85    89
  794    20    95    99
  795    62    95    99
  796    39    74    78
  797    84    50    54
  798    30    67    71
  799    37    54    58
  800    34    26    30
  801    48    39    43
  802    84    82    86
  803    29    89    93
  804    33    51    55
  805    19    11    15
  806     3    65    69
  807    58    95    99
  808    48    76    80
  809    89    94    98
  810    44    31    35
  811    18    80    84
  812    61    52    56
  813    98    76    80
  814    83    92    96
  815    83    93    97
  816    87    56    60
  817    30    95    99
  818    19    25    29
  819    66    91    95
  820     8    47    51
  821    24    91    94
  822     9    25    28
  823    66    81    84
  824    48    83    86
  825    65    87    90
  826    71    52    55
  827    85    79    82
  828    27    45    48
  829    37    96    99
  830    61    72    75
  831    58    44    47
  832    19    88    91
  833    30    72    75
  834    88    58    61
  835    24    88    91
  836    71    78    81
  837     5    60    63
  838    97    81    84
  839    59    71    74
  840    71    32    35
  841    19    32    35
  842    27    70    73
  843    78    94    97
  844    26    51    54
  845    36    70    73
  846    30    85    88
  847    58    25    28
  848    55    86    89
  849    14    86    89
  850    95    60    63
  851    24    67    70
  852    61    93    96
  853    51    79    82
  854    51     6     9
  855    86    50    53
  856    79    93    95
  857    40    78    80
  858     2    36    38
  859    74    77    79
  860     6    93    95
  861    64    95    97
  862    72    25    27
  863    57    79    81
  864    53    82    84
  865    34    87    89
  866    90    60    62
  867    17    95    97
  868   100    58    60
  869     6    92    94
  870    15    85    87
  871    57    96    98
  872    53    35    37
  873    68     2     4
  874    22    89    91
  875    25    90    92
  876    16     4     6
  877    54    96    98
  878    12    88    90
  879    31    93    95
  880     1    95    97
  881    69    90    92
  882    18    97    99
  883    22    93    95
  884    10    94    96
  885    49    94    96
  886     8    95    96
  887    38    93    94
  888    46    23    24
  889    68    98    99
  890    96    98    99
  891    92    51    52
  892    29    81    82
  893    28    84    85
  894    25    96    97
  895    52    40    41
  896    60    95    96
  897    84    69    70
  898    24    96    97
  899    90    35    36
  900    13    44    45
  901     8    86    87
  902    80    95    96
  903    37    59    60
  904    12    76    77
  905    91    96    97
  906    56    88    89
  907    51    98    99
  908    34    98    99
  909    38    97    98
  910    53    89    90
  911    69    22    23
  912    97    77    78
  913    91    90    91
  914    44     7     8
  915    79    97    98
  916    59    84    85
  917    54    85    86
  918     4    97    98
  919    51    55    56
  920    47    97    98
  921    31    50    51
  922    55    94    95
  923    32    98    99
  924    81    61    62
  925    32    85    86
  926    45    95    96
  927    49    95    96
  928    16    43    44
  929    14    92    93
  930    93    60    61
  931    39    98    98
  932    36    98    98
  933    32    99    99
  934    99    87    87
  935    17    81    81
  936    68    93    93
  937    33    99    99
  938    93    91    91
  939    58    90    90
  940    17    78    78
  941    10    96    96
  942    39    92    92
  943     1    99    99
  944    83    18    18
  945    98    98    98
  946    67    93    93
  947    72    95    95
  948    31    99    99
  949    45    74    74
  950    35    80    80
  951    85    71    71
  952    25     4     4
  953    53    13    13
  954    37    99    99
  955    37    99    99
  956    86    86    86
  957    77    78    78
  958    73    83    83
  959    29   100   100
  960    54   100   100
  961    90    44    44
  962    90    92    92
  963    21    49    49
  964    11    99    99
  965    20   100   100
  966    59    66    66
  967    21    49    49
  968     7    79    79
  969    41    54    54
  970    54   100   100
  971    75    97    97
  972    77    99    99
  973    20    97    97
  974    63    99    99
  975    31    59    59
  976    34    97    97
  977    37    98    98
  978    94    68    68
  979    26    19    19
  980    22    94    94
  981    96    93    93
  982    64    97    97
  983     2    98    98
  984    62    36    36
  985    15    99    99
  986    46    98    98
  987    79    95    95
  988    34    95    95
  989    10    99    99
  990    64    47    47
  991    14    84    84
  992    16    84    84
  993    49   100   100
  994    12    98    98
  995    56   100   100
  996    74   100   100
  997    36    49    49
  998    22    95    95
  999    94   100   100
  100