 1000
    0    45     2    98
    1    73     3    95
    2    81     5    96
    3    71     3    89
    4    12     5    90
    5    28     6    90
    6    43    11    93
    7    44    15    95
    8    30    16    96
    9    31     6    85
   10    86    13    92
   11    26     8    87
   12     4     7    85
   13    73    10    88
   14     9    16    94
   15    78     5    83
   16    72    10    87
   17    57     8    84
   18    99     6    82
   19    67    22    98
   20    90    11    86
   21    28    19    94
   22    25    21    95
   23    83    19    93
   24    58    19    93
   25    28     7    80
   26    38    12    85
   27    84    24    96
   28    94    21    93
   29    42    13    84
   30    48    19    90
   31    27     1    72
   32     5    13    84
   33    13     7    77
   34    65    20    90
   35    22    13    83
   36    76    24    93
   37    45     9    78
   38    67     7    75
   39    31    24    91
   40   100    23    90
   41    10    19    86
   42    81    24    90
   43    15     7    73
   44     1     1    67
   45     7    11    77
   46    81    12    77
   47    47     2    67
   48    66    30    95
   49    98     4    69
   50    32    32    97
   51    49    23    87
   52     5    18    81
   53    45    16    79
   54     4    32    95
   55    94     4    67
   56    18     2    65
   57    95    14    77
   58    60    16    79
   59    16    12    75
   60    42    28    90
   61    27     3    65
   62     9     9    70
   63    19    28    89
   64    84     7    68
   65    67    35    96
   66    94    36    97
   67    62    36    97
   68     2    38    98
   69    54     9    69
   70   100    37    97
   71    71    17    77
   72    33    27    87
   73    16     5    65
   74    26     3    63
   75    19     3    62
   76     9    38    97
   77     7    32    91
   78    30    16    74
   79    52     5    63
   80    27    21    79
   81    39    12    70
   82    76    40    98
   83    94    36    94
   84     5    33    91
   85    15    42    99
   86    33    31    88
   87    64    38    95
   88    17    30    87
   89    67    26    83
   90    39    36    93
   91     1    11    67
   92    23     9    65
   93    55    29    85
   94    50    36    92
   95    99    27    83
   96    90    35    91
   97     5    35    91
   98    56    17    72
   99    68    40    95
  100    17    32    87
  101    46    38    93
  102    23    11    66
  103    44    39    94
  104    79    11    66
  105    33    36    91
  106    16    10    64
  107    80    12    66
  108    72    22    76
  109     2    45    99
  110    35    44    98
  111    75     9    63
  112    46     5    59
  113    80     3    57
  114    72    11    64
  115    76     2    55
  116    13    36    89
  117    77    33    86
  118     1     1    54
  119    65    38    90
  120    94     8    60
  121    38    40    92
  122    35    41    93
  123    31    22    74
  124    96    47    98
  125    20    26    77
  126     8    45    96
  127    98     2    52
  128    84    48    98
  129    85    24    74
  130    15     4    54
  131    25    18    68
  132    26    13    62
  133    76     7    56
  134    92    43    92
  135    82    10    59
  136    83    49    98
  137    13    14    63
  138    42    39    88
  139    20     4    52
  140    54    28    76
  141    67    50    98
  142    77    26    74
  143    76    14    62
  144    46     3    50
  145    35    44    91
  146    67    27    74
  147    60    43    90
  148    65    21    68
  149    50    17    64
  150    17     8    55
  151    98    32    79
  152    83    26    72
  153    31    21    67
  154    14    32    78
  155    71    53    99
  156    55    22    68
  157    60    24    70
  158    28    51    96
  159    52     5    50
  160    34    54    99
  161    72    52    97
  162    26    40    85
  163    73    46    91
  164    41    40    85
  165     8    46    91
  166    19    31    75
  167     5    35    79
  168     9    30    74
  169    59    53    97
  170    24    11    55
  171    95     2    46
  172    36    53    97
  173    73     1    45
  174    96    35    79
  175    15    42    85
  176    26    14    57
  177    47     6    49
  178    23    44    87
  179   100    41    84
  180    38     8    51
  181    75     4    47
  182    16    19    62
  183    41    48    91
  184    80    31    74
  185    23    25    68
  186     9    32    75
  187     4    21    64
  188    70    40    83
  189    24    38    80
  190     7    52    94
  191    35     9    51
  192    35    56    98
  193    75    26    68
  194    17    43    85
  195    34    12    54
  196    82    57    98
  197    57    19    60
  198    89     1    42
  199    26     8    49
  200    96    33    74
  201    24    57    98
  202    29    46    87
  203    13    42    83
  204    48    34    75
  205    68     6    47
  206    20    21    62
  207    59    16    57
  208    21     7    47
  209    40    56    96
  210    82    57    97
  211    45    24    64
  212     2    29    68
  213     9    59    98
  214    27    26    65
  215    59    59    98
  216    15    33    72
  217    78    13    52
  218    94    21    60
  219    15    16    55
  220    53    53    92
  221    53    56    95
  222    77    30    69
  223    76    37    75
  224    75    25    63
  225    54    51    89
  226    39    59    97
  227    26    35    73
  228    75    49    87
  229    87    50    88
  230    94    49    86
  231    12    32    69
  232    95    46    83
  233    72    21    58
  234    56    28    65
  235    95    26    63
  236    72    55    92
  237    68    40    77
  238    95    60    97
  239     6    52    89
  240    74    50    87
  241    62    46    83
  242    21    33    70
  243    15     9    46
  244    39    59    96
  245    83    59    96
  246    55    26    62
  247    33    59    95
  248    49    31    67
  249     8    29    65
  250    36    63    99
  251    50     3    39
  252    92    44    80
  253    50    17    53
  254    17    57    93
  255    41    36    72
  256    68    63    99
  257    13    55    91
  258    90    44    80
  259    47    48    84
  260    56    52    87
  261    56    46    81
  262    84    40    75
  263    95    56    91
  264    63    44    79
  265    10    47    82
  266     2    44    78
  267    81     7    41
  268    63    57    91
  269    81    42    76
  270    63    65    99
  271    94    62    96
  272    33    21    55
  273    78    48    82
  274    49    13    47
  275    96    10    44
  276    77    30    64
  277    72    42    76
  278    15    54    88
  279    79    65    99
  280    40    58    92
  281    22    41    74
  282    93    44    77
  283     7    21    54
  284     4    59    92
  285    33    62    95
  286    35    16    49
  287    34    60    93
  288    27    17    49
  289    33    56    88
  290    76    40    72
  291    94    39    71
  292    31    60    92
  293    41    29    61
  294    64    49    81
  295    91    30    62
  296    23    31    63
  297    44    65    96
  298    64    24    55
  299    95    28    59
  300     1    64    95
  301    62    44    75
  302    49    42    73
  303    56    36    67
  304    34    57    88
  305    99    16    47
  306     8    39    70
  307     5    51    82
  308    51    50    81
  309    25    55    86
  310     6    18    49
  311    96    35    65
  312     4    58    88
  313    13    29    59
  314    14    69    99
  315    19    62    92
  316    76    61    91
  317    53    54    84
  318     8    43    73
  319    53    51    81
  320    70    65    95
  321    14    44    74
  322    87    15    45
  323    90    58    88
  324    81    43    72
  325    59     3    32
  326    15    44    73
  327    60    65    94
  328    91    65    94
  329    36     3    32
  330    59    12    41
  331    30    55    84
  332    60    54    83
  333    84    18    47
  334    14    48    76
  335    81    18    46
  336    36    49    77
  337    71    58    86
  338    18    31    59
  339    99    19    47
  340    47    63    91
  341    20    57    85
  342    50    51    79
  343    46    36    64
  344    66    65    93
  345    82    55    83
  346    28    29    57
  347     8    18    46
  348    85    67    95
  349    46    16    44
  350    20    60    88
  351     3    63    90
  352    61    42    69
  353    38    47    74
  354    62    39    66
  355    21    68    95
  356    76    53    80
  357    41    57    84
  358    48    49    76
  359    46    19    46
  360    81    69    96
  361    71    16    43
  362    19     7    34
  363    68    53    80
  364    37    46    72
  365    53     4    30
  366     7    31    57
  367    97    67    93
  368     4    49    75
  369    85    55    81
  370    66    63    89
  371     7    18    44
  372    50    56    82
  373    82    42    68
  374    57    58    84
  375    79    59    85
  376    39    44    70
  377    51    66    92
  378    14    62    87
  379    48     4    29
  380    60    55    80
  381    91    56    81
  382    57    28    53
  383    76    70    95
  384    46    68    93
  385    90    30    55
  386    55    57    82
  387    83    65    90
  388    71    71    96
  389    61    66    91
  390    78    50    75
  391     8    13    38
  392    50    73    97
  393    62    69    93
  394    48    16    40
  395    20    60    84
  396    48    75    99
  397    37    13    37
  398    91    65    89
  399     4    60    84
  400    21    56    80
  401    65    14    38
  402    44    34    58
  403    23    48    72
  404     7    68    91
  405    46    26    49
  406    61    72    95
  407    13    63    86
  408    47    69    92
  409    78    41    64
  410    49    63    86
  411    26    46    69
  412    98    72    95
  413    23     3    26
  414    10    61    84
  415    70    25    48
  416    18    37    60
  417    58    31    54
  418    33    49    72
  419    28    67    90
  420    95    15    38
  421    52    63    86
  422    69    65    88
  423    42    37    60
  424    42    58    80
  425    34    23    45
  426    62    26    48
  427     9    42    64
  428    28    71    93
  429    35    54    76
  430    38    70    92
  431    95    69    91
  432    66    69    91
  433    47    33    55
  434    91    76    98
  435    84    73    95
  436    35    40    61
  437    60    76    97
  438    31    71    92
  439    40    64    85
  440    59    38    59
  441     9    76    97
  442    32    33    54
  443    65    43    64
  444    63    57    78
  445    82    78    98
  446    91    77    97
  447    28    75    95
  448    80    63    83
  449    79    69    89
  450     3    59    79
  451    32    12    32
  452    40    74    94
  453    63    70    90
  454    36    38    58
  455    13    41    61
  456    76    42    62
  457    25    63    83
  458    79    67    87
  459    74    79    99
  460    47    76    96
  461    84    25    45
  462    90    59    79
  463    53    59    79
  464    77    33    53
  465    85    67    87
  466    43    75    95
  467    78    65    85
  468    60    59    79
  469    67    59    78
  470    85    32    51
  471    65    75    94
  472    86    70    89
  473    54    50    69
  474    22     9    28
  475    91    77    96
  476    23    54    73
  477    45    71    90
  478    41    62    81
  479    47    54    73
  480    64    70    89
  481    76    56    75
  482    46     4    23
  483    50    16    35
  484    92    54    73
  485    37    59    78
  486     1    74    93
  487    35    75    94
  488    81    50    69
  489    85    36    55
  490    31    32    50
  491    85    78    96
  492    87    51    69
  493    17    63    81
  494     1    62    80
  495    21    26    44
  496    49    75    93
  497    24     1    19
  498    19     7    25
  499    72    76    94
  500    17    81    99
  501    43    32    50
  502    28    35    53
  503    16    63    81
  504     1    11    29
  505    24     8    26
  506    97    40    57
  507     1    60    77
  508    99    52    69
  509    12    38    55
  510    82    80    97
  511    55    44    61
  512    60    58    75
  513    54    60    77
  514    38     7    24
  515    29    75    92
  516    57    74    91
  517    33    77    94
  518    60    80    97
  519    55    63    80
  520    86    75    92
  521    91    33    49
  522    67    19    35
  523    20    44    60
  524    78    68    84
  525     3    78    94
  526    79    58    74
  527    53    71    87
  528     5    83    99
  529    51    48    64
  530     1    57    73
  531    40    83    99
  532     9    20    36
  533    87    59    75
  534    67     2    18
  535     5    60    76
  536    55    79    95
  537    54    72    88
  538    11    83    98
  539    27    78    93
  540    85    70    85
  541    38    10    25
  542    54    24    39
  543    31    67    82
  544    95    66    81
  545     9    65    80
  546    19    83    98
  547    17    23    38
  548    66    51    66
  549    32    82    97
  550    96    65    80
  551    63    74    88
  552    16    69    83
  553     7    76    90
  554    87     9    23
  555    77    22    36
  556    15    73    87
  557    30    44    58
  558    71    75    89
  559    72    41    55
  560     1    84    98
  561    33    19    33
  562     8     9    23
  563    54    68    82
  564    69    63    77
  565    58    73    87
  566    63    63    77
  567    21    75    89
  568    56    81    95
  569    78    20    34
  570    98    42    56
  571    65    84    98
  572    97    17    31
  573    54    56    70
  574    25    57    71
  575    55    42    55
  576    26    25    38
  577    66    85    98
  578    23    81    94
  579    94    70    83
  580    42    64    77
  581    45    58    71
  582    79    56    69
  583    79    80    93
  584   100    41    54
  585    85    12    25
  586    12    72    85
  587     2    37    50
  588    63    55    68
  589    69    54    67
  590    35    55    68
  591    60    53    66
  592     7    36    49
  593    55    28    41
  594    93    23    36
  595    75    77    90
  596    65    45    57
  597    83    61    73
  598    39    22    34
  599    63    30    42
  600    85    47    59
  601    99    82    94
  602    43    41    53
  603    95    56    68
  604     7    79    91
  605    57    85    97
  606    11    22    34
  607    10    34    46
  608    97    86    98
  609    74    31    43
  610    24     6    18
  611    54    61    73
  612    52    60    72
  613    83    85    96
  614    74    86    97
  615    37    49    60
  616    31    57    68
  617     5    13    24
  618    17    36    47
  619    22    83    94
  620    23    56    67
  621    38    80    91
  622    11    45    56
  623     7    82    93
  624    95    83    94
  625    75    39    50
  626    98    87    98
  627    48    53    64
  628    45    85    96
  629    93    39    50
  630    16    80    91
  631     1    34    45
  632    12    11    22
  633    59    74    85
  634    79    86    97
  635    67    52    63
  636    67    56    66
  637    98    58    68
  638    79    38    48
  639    36    82    92
  640     3    49    59
  641    64    48    58
  642    40    50    60
  643    69    64    74
  644     6    59    69
  645    18    66    76
  646    87    71    81
  647    51    89    99
  648    29    82    92
  649    86    88    98
  650    52    80    90
  651    68    83    93
  652    89    79    89
  653     7    57    67
  654    38    78    88
  655    22    90    99
  656    83    90    99
  657     9    79    88
  658     5    58    67
  659    11    84    93
  660    97    51    60
  661    20    79    88
  662    93    57    66
  663    55    66    75
  664    66    87    96
  665    91    59    68
  666    70    89    98
  667    12    84    93
  668    18    83    92
  669     3    90    99
  670    50    84    93
  671    47    85    94
  672     8    14    23
  673    45    88    97
  674    14    64    73
  675    35    70    79
  676    61    89    98
  677    66    73    82
  678    48    15    24
  679    57    13    22
  680    97    82    91
  681    16    80    88
  682    33    90    98
  683    74    27    35
  684    58    90    98
  685    99    75    83
  686    60    89    97
  687    44    76    84
  688     7    47    55
  689    46    84    92
  690    51    77    85
  691    21    27    35
  692    49    15    23
  693    90     9    17
  694    29    77    85
  695    92    67    75
  696    96    84    92
  697    43    41    49
  698    11    84    92
  699    21    15    23
  700    17    53    61
  701    74    23    31
  702    72    73    81
  703    94     8    15
  704    61    43    50
  705    25    91    98
  706     2    80    87
  707    68    75    82
  708    22    58    65
  709    78    24    31
  710    83    85    92
  711    28    86    93
  712    71    60    67
  713    24     6    13
  714    24    78    85
  715     3    86    93
  716    42    90    97
  717    14    58    65
  718    91    81    88
  719    74    71    78
  720    39    88    95
  721    48    91    98
  722    36    75    82
  723    20    42    49
  724    78     5    12
  725    95    80    87
  726     9    72    79
  727    27    51    58
  728    49     9    15
  729    80    84    90
  730    63    81    87
  731    37    82    88
  732    82    88    94
  733    84    73    79
  734    59    88    94
  735    42     9    15
  736    54    88    94
  737    43    93    99
  738    36    13    19
  739    77    64    70
  740    57    35    41
  741    24    46    52
  742    30    92    98
  743    61    35    41
  744    92    13    19
  745    23    34    40
  746    88    36    42
  747    78     9    15
  748    85    93    99
  749    77    61    67
  750    24    84    90
  751    54    90    96
  752     7    51    57
  753    42     3     9
  754    95    58    64
  755    38    87    93
  756    83    66    72
  757    74    64    70
  758    37    63    69
  759    90    92    97
  760     2    80    85
  761    87    93    98
  762    14    88    93
  763    23    91    96
  764    23    32    37
  765    99    84    89
  766    64    67    72
  767    84    51    56
  768    88    44    49
  769    75    58    63
  770     4    68    73
  771    55    94    99
  772    38    86    91
  773    69    75    80
  774    43    67    72
  775    70    91    96
  776    53    83    88
  777     7    87    92
  778    96    41    46
  779    51    69    74
  780    83    45    50
  781    45    93    98
  782    73    89    94
  783    25    90    95
  784    19    53    58
  785     2    93    98
  786    77    83    88
  787    76    93    98
  788    15    42    46
  789     3    36    40
  790    59    24    28
  791    17     3     7
  792    53    45    49
  793    50    91    95
  794    27    95    99
  795    25     4     8
  796    20    87    91
  797    88    69    73
  798    95    36    40
  799    79     3     7
  800    14    93    97
  801    38    52    56
  802    38    50    54
  803    89    94    98
  804    63    21    25
  805     7    65    69
  806    36    92    96
  807    95    92    96
  808    11    83    87
  809    41    73    77
  810    99    79    83
  811    23    20    24
  812    97     8    12
  813     3    93    97
  814    46    84    88
  815    55    82    86
  816    35    56    60
  817     4    81    85
  818    72    72    76
  819    95    92    96
  820    86    95    99
  821    71    10    13
  822    85    36    39
  823   100    77    80
  824    35    77    80
  825    81    88    91
  826    79    46    49
  827    63    88    91
  828    23    87    90
  829    47    84    87
  830    73    89    92
  831    76    11    14
  832     4    88    91
  833    31    95    98
  834    37    96    99
  835     7    76    79
  836    46    87    90
  837    17    50    53
  838    70    96    99
  839    72    95    98
  840    51    35    38
  841    47    94    97
  842    35    95    98
  843    49    67    70
  844     8    67    70
  845    66    66    69
  846    24    96    98
  847    54    92    94
  848    30    97    99
  849    26    95    97
  850    44    65    67
  851    54    68    70
  852    88    94    96
  853    31    70    72
  854    77    62    64
  855    82    90    92
  856    40    44    46
  857    75    52    54
  858    90    37    39
  859    67    96    98
  860    61    83    85
  861    53    97    99
  862    58    86    88
  863    15    93    95
  864    52    83    85
  865    53    42    44
  866     3    97    99
  867    13    92    94
  868    73     3     5
  869    73    96    98
  870     4    93    95
  871    91    97    99
  872    30    94    96
  873    77    87    89
  874    64     7     9
  875    50    61    63
  876    31    86    88
  877     3     4     6
  878     7    95    97
  879    33    97    99
  880     7    87    89
  881    19    42    44
  882    90    31    33
  883    31    69    71
  884    28    93    95
  885    41    85    87
  886    63     9    11
  887    17    90    92
  888   100    83    84
  889    71    68    69
  890    66    93    94
  891    64    94    95
  892    91    96    97
  893    73    48    49
  894     6    97    98
  895    68    31    32
  896    34    89    90
  897    90    90    91
  898    20    59    60
  899    76    75    76
  900    17    84    85
  901    61    81    82
  902    28    97    98
  903    34    98    99
  904     2    96    97
  905    42    86    87
  906    64    97    98
  907     9    96    97
  908    32    97    98
  909    82    80    81
  910    76    70    71
  911    28    84    85
  912    18    90    91
  913    34    97    98
  914    57    98    99
  915    44    93    94
  916    25    86    87
  917    77    98    99
  918    10    93    94
  919    66    62    63
  920    38    85    86
  921    63    55    56
  922    87    98    99
  923    66    94    95
  924    36    98    99
  925    22    91    92
  926    30    94    95
  927    82    96    97
  928    32    87    88
  929    56    63    64
  930    15    96    97
  931    15    83    83
  932    54    94    94
  933    33    96    96
  934    41    99    99
  935    21    99    99
  936    18    99    99
  937    37    99    99
  938    14    54    54
  939    51    98    98
  940    21   100   100
  941    55    79    79
  942    74    92    92
  943    67    86    86
  944     3   100   100
  945    68   100   100
  946    58    84    84
  947    71    79    79
  948    83    98    98
  949    90    54    54
  950    56    94    94
  951     9   100   100
  952    35    92    92
  953    72    99    99
  954    90    63    63
  955    99    84    84
  956    45    16    16
  957    40    68    68
  958    27    97    97
  959    96    86    86
  960    25   100   100
  961    90    65    65
  962    76    78    78
  963    29    97    97
  964    42    98    98
  965    68    96    96
  966    82   100   100
  967    34   100   100
  968    57    85    85
  969    24    99    99
  970    50    96    96
  971     2   100   100
  972     4    96    96
  973    77    99    99
  974    30   100   100
  975    11    98    98
  976    19    87    87
  977    97     9     9
  978    45   100   100
  979    74    40    40
  980    81    99    99
  981    89    51    51
  982    66   100   100
  983     1    95    95
  984    77    95    95
  985    49    95    95
  986    10    81    81
  987     2    98    98
  988    22    56    56
  989    28    96    96
  990    81    98    98
  991    23    95    95
  992    56    68    68
  993    33    99    99
  994    60   100   100
  995    29    90    90
  996     3    99    99
  997    93    92    92
  998     1    85    85
  999    81    99    99
  100