    0    14     4    99
    1    15     5    93
    2    12     2    90
    3    15     5    92
    4    15     5    91
    5    22    12    97
    6    25    15    96
    7    25    15    95
    8    15     5    85
    9    11     1    81
   10    15     5    84
   11    11     1    79
   12    29    19    96
   13    19     9    86
   14    22    12    89
   15    12     2    79
   16    18     8    84
   17    12     2    77
   18    26    16    91
   19    21    11    85
   20    22    12    86
   21    12     2    76
   22    31    21    94
   23    26    16    89
   24    31    21    94
   25    11     1    74
   26    32    22    95
   27    30    20    92
   28    16     6    78
   29    20    10    82
   30    37    27    97
   31    37    27    97
   32    35    25    95
   33    23    13    82
   34    12     2    71
   35    38    28    97
   36    13     3    72
   37    23    13    82
   38    23    13    82
   39    21    11    79
   40    17     7    75
   41    20    10    78
   42    33    23    90
   43    28    18    85
   44    34    24    91
   45    12     2    69
   46    38    28    95
   47    17     7    73
   48    35    25    91
   49    38    28    94
   50    40    30    96
   51    27    17    83
   52    41    31    97
   53    39    29    94
   54    36    26    91
   55    13     3    68
   56    25    15    80
   57    21    11    75
   58    45    35    99
   59    35    25    89
   60    14     4    68
   61    23    13    76
   62    46    36    99
   63    46    36    99
   64    27    17    79
   65    32    22    84
   66    17     7    69
   67    40    30    92
   68    21    11    73
   69    33    23    85
   70    34    24    86
   71    12     2    63
   72    40    30    91
   73    46    36    97
   74    20    10    71
   75    22    12    73
   76    24    14    75
   77    38    28    88
   78    18     8    68
   79    26    16    75
   80    41    31    90
   81    28    18    76
   82    31    21    79
   83    47    37    95
   84    40    30    87
   85    28    18    75
   86    15     5    62
   87    24    14    71
   88    20    10    67
   89    15     5    62
   90    31    21    78
   91    51    41    98
   92    21    11    67
   93    34    24    80
   94    37    27    83
   95    51    41    97
   96    16     6    62
   97    27    17    73
   98    49    39    95
   99    22    12    68
  100    42    32    87
  101    47    37    92
  102    14     4    59
  103    13     3    58
  104    19     9    64
  105    12     2    57
  106    41    31    85
  107    39    29    83
  108    53    43    97
  109    37    27    81
  110    41    31    85
  111    55    45    99
  112    15     5    59
  113    55    45    98
  114    28    18    71
  115    28    18    71
  116    55    45    98
  117    37    27    80
  118    30    20    73
  119    23    13    65
  120    21    11    63
  121    11     1    53
  122    48    38    90
  123    33    23    75
  124    50    40    91
  125    30    20    71
  126    47    37    88
  127    54    44    95
  128    56    46    97
  129    44    34    85
  130    33    23    74
  131    23    13    63
  132    54    44    94
  133    47    37    87
  134    47    37    87
  135    18     8    58
  136    35    25    75
  137    49    39    88
  138    53    43    92
  139    27    17    66
  140    26    16    65
  141    31    21    70
  142    27    17    66
  143    42    32    81
  144    50    40    89
  145    19     9    58
  146    53    43    92
  147    52    42    91
  148    53    43    92
  149    25    15    64
  150    53    43    91
  151    27    17    65
  152    39    29    77
  153    32    22    70
  154    43    33    81
  155    11     1    49
  156    26    16    64
  157    28    18    66
  158    45    35    83
  159    51    41    89
  160    32    22    69
  161    59    49    96
  162    60    50    97
  163    38    28    75
  164    37    27    74
  165    45    35    82
  166    28    18    64
  167    55    45    91
  168    12     2    48
  169    15     5    51
  170    51    41    87
  171    28    18    63
  172    50    40    85
  173    29    19    64
  174    31    21    66
  175    35    25    70
  176    57    47    92
  177    46    36    80
  178    20    10    54
  179    62    52    96
  180    63    53    97
  181    49    39    83
  182    46    36    79
  183    20    10    53
  184    50    40    83
  185    39    29    72
  186    13     3    46
  187    40    30    73
  188    20    10    52
  189    54    44    86
  190    16     6    48
  191    42    32    74
  192    45    35    76
  193    51    41    82
  194    18     8    49
  195    30    20    61
  196    20    10    51
  197    37    27    68
  198    51    41    82
  199    52    42    83
  200    33    23    64
  201    45    35    76
  202    33    23    63
  203    69    59    99
  204    35    25    65
  205    24    14    54
  206    45    35    75
  207    68    58    98
  208    30    20    60
  209    54    44    84
  210    64    54    94
  211    62    52    92
  212    49    39    79
  213    50    40    80
  214    66    56    96
  215    56    46    86
  216    15     5    44
  217    43    33    72
  218    64    54    93
  219    43    33    72
  220    52    42    81
  221    50    40    79
  222    59    49    88
  223    27    17    55
  224    20    10    48
  225    34    24    62
  226    12     2    40
  227    21    11    49
  228    16     6    44
  229    61    51    89
  230    30    20    58
  231    18     8    46
  232    50    40    77
  233    45    35    72
  234    59    49    86
  235    17     7    44
  236    59    49    86
  237    30    20    57
  238    48    38    75
  239    57    47    84
  240    45    35    72
  241    35    25    62
  242    58    48    85
  243    68    58    94
  244    11     1    37
  245    29    19    55
  246    14     4    40
  247    53    43    79
  248    37    27    63
  249    72    62    98
  250    17     7    43
  251    47    37    73
  252    55    45    81
  253    49    39    75
  254    17     7    42
  255    70    60    95
  256    74    64    99
  257    73    63    98
  258    53    43    78
  259    56    46    81
  260    60    50    85
  261    68    58    93
  262    65    55    90
  263    14     4    39
  264    42    32    67
  265    50    40    75
  266    57    47    82
  267    56    46    80
  268    63    53    87
  269    65    55    89
  270    74    64    98
  271    58    48    82
  272    21    11    45
  273    30    20    54
  274    25    15    49
  275    74    64    98
  276    52    42    76
  277    68    58    92
  278    71    61    95
  279    67    57    90
  280    37    27    60
  281    74    64    97
  282    26    16    49
  283    55    45    78
  284    62    52    85
  285    59    49    82
  286    55    45    78
  287    23    13    46
  288    53    43    75
  289    75    65    97
  290    47    37    69
  291    76    66    98
  292    54    44    76
  293    76    66    98
  294    48    38    70
  295    21    11    43
  296    69    59    91
  297    69    59    91
  298    53    43    75
  299    48    38    70
  300    77    67    99
  301    16     6    37
  302    29    19    50
  303    73    63    94
  304    50    40    71
  305    35    25    56
  306    72    62    93
  307    19     9    40
  308    67    57    88
  309    72    62    93
  310    30    20    51
  311    22    12    43
  312    46    36    67
  313    14     4    35
  314    66    56    87
  315    66    56    87
  316    47    37    68
  317    52    42    72
  318    13     3    33
  319    73    63    93
  320    65    55    85
  321    45    35    65
  322    77    67    97
  323    77    67    97
  324    38    28    58
  325    57    47    77
  326    65    55    85
  327    45    35    65
  328    71    61    91
  329    57    47    77
  330    29    19    49
  331    64    54    84
  332    72    62    92
  333    12     2    32
  334    20    10    39
  335    49    39    68
  336    56    46    75
  337    63    53    82
  338    75    65    94
  339    33    23    52
  340    77    67    96
  341    65    55    84
  342    17     7    36
  343    30    20    49
  344    73    63    92
  345    76    66    95
  346    70    60    89
  347    68    58    87
  348    66    56    84
  349    80    70    98
  350    80    70    98
  351    17     7    35
  352    48    38    66
  353    59    49    77
  354    66    56    84
  355    60    50    78
  356    49    39    67
  357    70    60    88
  358    25    15    43
  359    25    15    43
  360    55    45    73
  361    70    60    88
  362    45    35    63
  363    77    67    95
  364    71    61    89
  365    61    51    78
  366    75    65    92
  367    69    59    86
  368    48    38    65
  369    69    59    86
  370    73    63    90
  371    82    72    99
  372    77    67    94
  373    50    40    67
  374    72    62    89
  375    25    15    41
  376    66    56    82
  377    44    34    60
  378    21    11    37
  379    50    40    66
  380    62    52    78
  381    83    73    99
  382    36    26    52
  383    66    56    82
  384    20    10    36
  385    81    71    96
  386    74    64    89
  387    63    53    78
  388    30    20    45
  389    73    63    88
  390    18     8    33
  391    39    29    54
  392    59    49    74
  393    55    45    70
  394    60    50    75
  395    40    30    55
  396    77    67    92
  397    45    35    60
  398    58    48    73
  399    49    39    64
  400    66    56    80
  401    76    66    90
  402    81    71    95
  403    69    59    83
  404    43    33    57
  405    78    68    92
  406    78    68    92
  407    68    58    82
  408    59    49    73
  409    46    36    60
  410    82    72    96
  411    66    56    80
  412    79    69    93
  413    77    67    90
  414    84    74    97
  415    56    46    69
  416    51    41    64
  417    33    23    46
  418    65    55    78
  419    40    30    53
  420    60    50    73
  421    52    42    65
  422    84    74    97
  423    82    72    95
  424    47    37    60
  425    15     5    28
  426    36    26    48
  427    63    53    75
  428    73    63    85
  429    27    17    39
  430    16     6    28
  431    74    64    86
  432    79    69    91
  433    67    57    79
  434    53    43    65
  435    15     5    27
  436    79    69    91
  437    25    15    37
  438    13     3    25
  439    84    74    96
  440    48    38    60
  441    47    37    59
  442    82    72    94
  443    49    39    60
  444    35    25    46
  445    20    10    31
  446    84    74    95
  447    52    42    63
  448    84    74    95
  449    60    50    71
  450    73    63    84
  451    29    19    40
  452    37    27    48
  453    84    74    95
  454    58    48    69
  455    42    32    53
  456    57    47    68
  457    83    73    94
  458    60    50    70
  459    80    70    90
  460    57    47    67
  461    42    32    52
  462    48    38    58
  463    25    15    35
  464    56    46    66
  465    87    77    97
  466    12     2    22
  467    82    72    92
  468    45    35    55
  469    75    65    85
  470    26    16    36
  471    66    56    76
  472    68    58    78
  473    87    77    96
  474    19     9    28
  475    90    80    99
  476    90    80    99
  477    71    61    80
  478    85    75    94
  479    89    79    98
  480    58    48    67
  481    40    30    49
  482    79    69    88
  483    65    55    74
  484    22    12    31
  485    77    67    86
  486    69    59    78
  487    73    63    82
  488    69    59    78
  489    86    76    95
  490    73    63    82
  491    34    24    43
  492    55    45    64
  493    25    15    34
  494    30    20    39
  495    47    37    55
  496    62    52    70
  497    59    49    67
  498    60    50    68
  499    91    81    99
  500    40    30    48
  501    52    42    60
  502    87    77    95
  503    78    68    86
  504    30    20    37
  505    60    50    67
  506    67    57    74
  507    32    22    39
  508    62    52    69
  509    63    53    70
  510    86    76    93
  511    59    49    66
  512    81    71    88
  513    74    64    81
  514    91    81    98
  515    49    39    56
  516    37    27    44
  517    61    51    68
  518    83    73    90
  519    57    47    64
  520    56    46    63
  521    72    62    79
  522    85    75    92
  523    11     1    18
  524    38    28    45
  525    76    66    82
  526    90    80    96
  527    18     8    24
  528    92    82    98
  529    59    49    65
  530    86    76    92
  531    85    75    91
  532    58    48    64
  533    93    83    99
  534    63    53    69
  535    68    58    74
  536    82    72    88
  537    47    37    53
  538    61    51    67
  539    85    75    91
  540    93    83    99
  541    69    59    75
  542    76    66    82
  543    76    66    82
  544    19     9    24
  545    18     8    23
  546    72    62    77
  547    81    71    86
  548    84    74    89
  549    88    78    93
  550    51    41    56
  551    28    18    33
  552    62    52    67
  553    34    24    39
  554    88    78    93
  555    45    35    50
  556    72    62    77
  557    19     9    24
  558    85    75    90
  559    30    20    35
  560    58    48    63
  561    95    85    99
  562    88    78    92
  563    88    78    92
  564    91    81    95
  565    14     4    18
  566    68    58    72
  567    42    32    46
  568    93    83    97
  569    94    84    98
  570    20    10    24
  571    38    28    42
  572    42    32    46
  573    85    75    89
  574    96    86    99
  575    77    67    80
  576    94    84    97
  577    31    21    34
  578    29    19    32
  579    88    78    91
  580    90    80    93
  581    67    57    70
  582    89    79    92
  583    82    72    85
  584    37    27    40
  585    94    84    97
  586    90    80    93
  587    42    32    45
  588    82    72    85
  589    58    48    61
  590    92    82    95
  591    92    82    95
  592    93    83    96
  593    32    22    35
  594    78    68    81
  595    96    86    99
  596    64    54    67
  597    25    15    28
  598    25    15    28
  599    91    81    93
  600    85    75    87
  601    89    79    91
  602    79    69    81
  603    75    65    77
  604    95    85    97
  605    84    74    86
  606    84    74    86
  607    63    53    65
  608    96    86    98
  609    54    44    56
  610    70    60    72
  611    52    42    54
  612    79    69    81
  613    96    86    98
  614    70    60    72
  615    90    80    92
  616    89    79    90
  617    98    88    99
  618    93    83    94
  619    65    55    66
  620    49    39    50
  621    31    21    32
  622    38    28    39
  623    82    72    83
  624    83    73    84
  625    81    71    82
  626    27    17    28
  627    55    45    56
  628    75    65    76
  629    90    80    91
  630    55    45    56
  631    12     2    13
  632    59    49    60
  633    87    77    88
  634    98    88    99
  635    79    69    80
  636    91    81    92
  637    98    88    99
  638    51    41    52
  639    95    85    96
  640    24    14    25
  641    74    64    75
  642    88    78    89
  643    52    42    52
  644    66    56    66
  645    94    84    94
  646    87    77    87
  647    98    88    98
  648    93    83    93
  649    94    84    94
  650    61    51    61
  651    98    88    98
  652    78    68    78
  653    70    60    70
  654    96    86    96
  655    81    71    81
  656    91    81    91
  657    95    85    95
  658    77    67    76
  659    67    57    66
  660    54    44    53
  661   100    90    99
  662    94    84    93
  663    96    86    95
  664    83    73    82
  665    41    31    40
  666    89    79    88
  667    28    18    27
  668    74    64    73
  669    97    87    96
  670    91    81    90
  671    88    78    87
  672    78    68    77
  673    93    83    92
  674    81    71    80
  675    62    52    61
  676    11     1     9
  677    40    30    38
  678    78    68    76
  679    58    48    56
  680    98    88    96
  681    70    60    68
  682   100    90    98
  683    95    85    93
  684    90    80    88
  685    17     7    15
  686    14     4    12
  687    84    74    82
  688    50    40    48
  689    37    27    35
  690    99    89    97
  691    46    36    44
  692    32    22    30
  693    41    31    39
  694    39    29    37
  695   102    92    99
  696    99    89    96
  697    36    26    33
  698    30    20    27
  699    80    70    77
  700    69    59    66
  701    87    77    84
  702    73    63    70
  703    38    28    35
  704    95    85    92
  705    96    86    93
  706    70    60    67
  707    94    84    91
  708   102    92    99
  709    89    79    86
  710    96    86    93
  711    80    70    77
  712    79    69    76
  713    73    63    70
  714    48    38    45
  715    61    51    58
  716    39    29    36
  717    99    89    96
  718    51    41    48
  719    27    17    24
  720   102    92    99
  721    71    61    68
  722    78    68    75
  723    55    45    52
  724   100    90    97
  725    39    29    36
  726    37    27    33
  727    99    89    95
  728    17     7    13
  729    75    65    71
  730    47    37    43
  731    35    25    31
  732    95    85    91
  733    58    48    54
  734    97    87    93
  735    98    88    94
  736    55    45    51
  737    58    48    54
  738   100    90    96
  739    35    25    31
  740    99    89    95
  741   102    92    98
  742    71    61    67
  743    27    17    23
  744    69    59    65
  745    62    52    58
  746    91    81    87
  747    92    82    88
  748   103    93    99
  749    88    78    84
  750   104    94    99
  751    83    73    78
  752    45    35    40
  753   103    93    98
  754    95    85    90
  755    71    61    66
  756    95    85    90
  757    85    75    80
  758    49    39    44
  759    89    79    84
  760    90    80    85
  761    96    86    91
  762    97    87    92
  763    11     1     6
  764    86    76    81
  765   100    90    95
  766   101    91    96
  767    23    13    18
  768    97    87    92
  769    67    57    62
  770    73    63    68
  771    64    54    59
  772    90    80    85
  773   100    90    95
  774    95    85    89
  775    67    57    61
  776   105    95    99
  777    91    81    85
  778    53    43    47
  779   102    92    96
  780    62    52    56
  781    83    73    77
  782   102    92    96
  783    67    57    61
  784   100    90    94
  785   102    92    96
  786    45    35    39
  787   104    94    98
  788   102    92    96
  789    60    50    54
  790    30    20    24
  791    29    19    23
  792   102    92    96
  793    81    71    75
  794    52    42    46
  795    75    65    69
  796   104    94    98
  797    94    84    88
  798    14     4     8
  799    46    36    40
  800    84    74    78
  801    76    66    70
  802    98    88    92
  803   100    90    94
  804    89    79    83
  805   104    94    98
  806   100    90    94
  807    44    34    37
  808    32    22    25
  809    96    86    89
  810    65    55    58
  811   106    96    99
  812    78    68    71
  813    98    88    91
  814    71    61    64
  815    23    13    16
  816    30    20    23
  817   106    96    99
  818   102    92    95
  819    73    63    66
  820    91    81    84
  821   105    95    98
  822   100    90    93
  823    70    60    63
  824    94    84    87
  825    93    83    86
  826    79    69    72
  827    44    34    37
  828   102    92    95
  829   101    91    94
  830    37    27    30
  831   102    92    95
  832    67    57    60
  833    81    71    74
  834   103    93    96
  835    68    58    61
  836    83    73    76
  837   105    95    98
  838    31    21    24
  839   103    93    96
  840   103    93    96
  841    72    62    65
  842    68    58    61
  843   105    95    98
  844    95    85    88
  845    73    63    66
  846    81    71    74
  847   101    91    94
  848   104    94    97
  849   101    91    93
  850    78    68    70
  851    73    63    65
  852    86    76    78
  853    70    60    62
  854    94    84    86
  855   104    94    96
  856   100    90    92
  857   101    91    93
  858    98    88    90
  859    57    47    49
  860    91    81    83
  861   107    97    99
  862   105    95    97
  863   100    90    92
  864    68    58    60
  865    97    87    89
  866    80    70    72
  867   106    96    98
  868    37    27    29
  869    95    85    87
  870    77    67    69
  871    90    80    82
  872   107    97    99
  873    91    81    83
  874    31    21    23
  875    38    28    30
  876    79    69    71
  877    90    80    82
  878   103    93    95
  879    87    77    79
  880   107    97    99
  881   105    95    97
  882    42    32    34
  883    74    64    66
  884    62    52    54
  885   101    91    93
  886    94    84    86
  887    54    44    45
  888   101    91    92
  889    37    27    28
  890   108    98    99
  891   108    98    99
  892   102    92    93
  893    52    42    43
  894    97    87    88
  895   107    97    98
  896   104    94    95
  897    59    49    50
  898   104    94    95
  899   108    98    99
  900    40    30    31
  901   107    97    98
  902    59    49    50
  903    18     8     9
  904   102    92    93
  905    91    81    82
  906    65    55    56
  907    31    21    22
  908    17     7     8
  909    94    84    85
  910   108    98    99
  911   104    94    95
  912    43    33    34
  913   106    96    97
  914   108    98    99
  915   106    96    97
  916    75    65    66
  917    68    58    59
  918    44    34    35
  919   108    98    99
  920    71    61    62
  921    98    88    89
  922   105    95    96
  923    85    75    76
  924    63    53    54
  925    34    24    25
  926    16     6     7
  927    81    71    72
  928    93    83    84
  929    75    65    66
  930    71    61    62
  931    91    81    82
  932    28    18    19
  933   108    98    99
  934   107    97    98
  935   108    98    99
  936    98    88    89
  937    66    56    57
  938    81    71    72
  939   105    95    96
  940   108    98    99
  941   108    98    98
  942   109    99    99
  943    91    81    81
  944    75    65    65
  945    38    28    28
  946    47    37    37
  947   101    91    91
  948   108    98    98
  949    87    77    77
  950   109    99    99
  951   108    98    98
  952   109    99    99
  953   109    99    99
  954   104    94    94
  955    94    84    84
  956   101    91    91
  957   109    99    99
  958   110   100   100
  959   110   100   100
  960   108    98    98
  961   110   100   100
  962    68    58    58
  963    13     3     3
  964    37    27    27
  965   110   100   100
  966    84    74    74
  967   103    93    93
  968    97    87    87
  969    63    53    53
  970   104    94    94
  971   100    90    90
  972   107    97    97
  973    16     6     6
  974    76    66    66
  975   107    97    97
  976   110   100   100
  977    99    89    89
  978   109    99    99
  979   110   100   100
  980   109    99    99
  981   110   100   100
  982   109    99    99
  983   110   100   100
  984    96    86    86
  985   107    97    97
  986   109    99    99
  987   109    99    99
  988   109    99    99
  989   109    99    99
  990   106    96    96
  991   106    96    96
  992   109    99    99
  993   105    95    95
  994   108    98    98
  995    74    64    64
  996    85    75    75
  997   110   100   100
  998   100    90    90
  999   102    92    92