  500
    0     4     4    98
    1     1     1    95
    2     4     4    96
    3     3     3    94
    4     3     3    93
    5     4     4    94
    6     2     2    90
    7     9     9    95
    8     6     6    92
    9     2     2    87
   10     5     5    89
   11    12    12    95
   12     1     1    83
   13    13    13    94
   14    13    13    92
   15    16    16    95
   16    20    20    99
   17    12    12    90
   18    15    15    93
   19     5     5    83
   20     4     4    81
   21    10    10    87
   22    20    20    97
   23    18    18    94
   24     5     5    81
   25    19    19    94
   26     7     7    81
   27    24    24    98
   28    17    17    91
   29    21    21    95
   30    17    17    91
   31    16    16    89
   32    15    15    87
   33    25    25    96
   34    28    28    99
   35    17    17    87
   36    15    15    84
   37    11    11    80
   38    17    17    86
   39    16    16    84
   40    29    29    95
   41    18    18    84
   42    21    21    86
   43     3     3    67
   44     4     4    68
   45    10    10    73
   46    33    33    96
   47    16    16    79
   48    37    37    99
   49    13    13    74
   50    20    20    81
   51    13    13    73
   52    23    23    83
   53    26    26    84
   54    23    23    80
   55    17    17    73
   56    31    31    87
   57    27    27    83
   58    15    15    70
   59    15    15    70
   60    37    37    91
   61    43    43    96
   62     9     9    62
   63    46    46    99
   64    38    38    90
   65     2     2    53
   66    24    24    75
   67    34    34    85
   68    17    17    68
   69    36    36    87
   70     6     6    56
   71    26    26    76
   72    27    27    76
   73    45    45    94
   74    50    50    99
   75    27    27    76
   76    38    38    87
   77    40    40    88
   78    33    33    81
   79     9     9    56
   80    13    13    60
   81    42    42    89
   82     7     7    54
   83    30    30    77
   84    12    12    59
   85    34    34    81
   86    17    17    63
   87    26    26    71
   88    46    46    91
   89    32    32    77
   90    47    47    91
   91    49    49    93
   92     5     5    49
   93    40    40    84
   94    53    53    97
   95    48    48    92
   96    23    23    66
   97    19    19    62
   98    44    44    87
   99    32    32    75
  100    17    17    60
  101     1     1    44
  102     9     9    52
  103    41    41    83
  104    29    29    71
  105    39    39    81
  106     5     5    47
  107    41    41    83
  108    36    36    78
  109    38    38    80
  110    38    38    80
  111    13    13    55
  112    47    47    89
  113    57    57    99
  114    21    21    63
  115    45    45    86
  116    21    21    62
  117    21    21    62
  118    54    54    95
  119    26    26    66
  120    36    36    76
  121    45    45    84
  122    51    51    90
  123    43    43    82
  124    43    43    82
  125     2     2    40
  126    27    27    65
  127    13    13    51
  128     7     7    45
  129    42    42    80
  130    35    35    73
  131    30    30    67
  132    48    48    85
  133    49    49    86
  134    57    57    94
  135    32    32    68
  136     4     4    40
  137    37    37    73
  138    39    39    75
  139    56    56    91
  140    34    34    69
  141    19    19    54
  142    61    61    96
  143    26    26    61
  144    39    39    74
  145    19    19    54
  146    64    64    98
  147    52    52    86
  148    31    31    65
  149    63    63    97
  150    50    50    84
  151    60    60    94
  152    39    39    72
  153    56    56    89
  154    52    52    85
  155    63    63    96
  156    39    39    72
  157    40    40    73
  158    23    23    56
  159    48    48    81
  160    18    18    50
  161    15    15    47
  162     8     8    40
  163    64    64    96
  164    43    43    75
  165    62    62    94
  166    11    11    43
  167    57    57    89
  168    56    56    87
  169    65    65    96
  170    61    61    92
  171    49    49    80
  172    55    55    86
  173    53    53    84
  174    39    39    69
  175    33    33    63
  176    59    59    89
  177    60    60    90
  178    53    53    83
  179    63    63    93
  180    27    27    57
  181    65    65    95
  182    35    35    65
  183    44    44    73
  184    69    69    98
  185    67    67    96
  186    42    42    70
  187    30    30    58
  188    26    26    54
  189    12    12    40
  190    62    62    90
  191    52    52    80
  192    40    40    68
  193     6     6    34
  194    64    64    92
  195    55    55    83
  196    70    70    98
  197    37    37    65
  198    35    35    62
  199    45    45    72
  200    48    48    75
  201    52    52    79
  202    59    59    86
  203    60    60    86
  204    63    63    89
  205    48    48    74
  206    64    64    90
  207    72    72    98
  208    59    59    85
  209    34    34    60
  210    35    35    61
  211    70    70    96
  212    35    35    60
  213    30    30    55
  214    15    15    40
  215    74    74    99
  216    43    43    68
  217    55    55    79
  218    32    32    56
  219    29    29    53
  220    73    73    97
  221    56    56    80
  222    27    27    51
  223    20    20    44
  224    54    54    77
  225    50    50    73
  226    69    69    92
  227    72    72    95
  228    68    68    91
  229    57    57    79
  230    52    52    74
  231    59    59    81
  232    52    52    74
  233    77    77    98
  234    18    18    39
  235    45    45    66
  236    46    46    67
  237    73    73    94
  238    66    66    87
  239    15    15    36
  240    38    38    58
  241    78    78    98
  242    10    10    30
  243    10    10    30
  244    76    76    96
  245    74    74    94
  246    31    31    51
  247    60    60    80
  248    51    51    70
  249    43    43    62
  250    61    61    80
  251    20    20    39
  252    14    14    33
  253    58    58    77
  254    59    59    77
  255    68    68    86
  256    80    80    98
  257    71    71    89
  258    64    64    82
  259    41    41    59
  260    31    31    49
  261    66    66    84
  262    55    55    72
  263    60    60    77
  264    62    62    79
  265    21    21    38
  266    75    75    92
  267    81    81    98
  268    59    59    76
  269    78    78    95
  270    71    71    88
  271    63    63    80
  272    81    81    97
  273    62    62    78
  274    35    35    51
  275    76    76    92
  276    23    23    39
  277    25    25    41
  278    64    64    80
  279    66    66    81
  280    19    19    34
  281    36    36    51
  282    80    80    95
  283    56    56    71
  284    75    75    90
  285    66    66    81
  286    84    84    99
  287    85    85    99
  288    10    10    24
  289    71    71    85
  290    71    71    85
  291     7     7    21
  292    17    17    31
  293    76    76    89
  294    67    67    80
  295    59    59    72
  296    66    66    79
  297    11    11    24
  298    78    78    91
  299    22    22    35
  300    69    69    82
  301    80    80    92
  302    61    61    73
  303    47    47    59
  304    60    60    72
  305    46    46    58
  306    79    79    91
  307    80    80    92
  308    59    59    71
  309    64    64    76
  310    77    77    89
  311    61    61    73
  312    20    20    32
  313    87    87    98
  314    28    28    39
  315    65    65    76
  316    30    30    41
  317    84    84    95
  318    51    51    62
  319    48    48    59
  320    71    71    82
  321    29    29    40
  322    41    41    52
  323    62    62    73
  324    33    33    44
  325     9     9    20
  326    75    75    86
  327    61    61    72
  328    72    72    82
  329    81    81    91
  330    89    89    99
  331    83    83    93
  332    21    21    31
  333     4     4    14
  334    86    86    96
  335    53    53    63
  336     1     1    10
  337    68    68    77
  338    20    20    29
  339    90    90    99
  340    73    73    82
  341    12    12    21
  342    90    90    99
  343    80    80    89
  344    81    81    90
  345     9     9    18
  346    86    86    95
  347    73    73    81
  348    52    52    60
  349    86    86    94
  350    63    63    71
  351    38    38    46
  352    26    26    34
  353    91    91    99
  354    76    76    84
  355    38    38    46
  356    59    59    67
  357    39    39    47
  358     5     5    13
  359    90    90    98
  360    51    51    59
  361    59    59    67
  362    85    85    93
  363    49    49    57
  364    23    23    31
  365    90    90    98
  366    73    73    81
  367    72    72    80
  368    83    83    90
  369    12    12    19
  370    89    89    96
  371    88    88    95
  372    45    45    52
  373    84    84    91
  374    61    61    68
  375    74    74    81
  376    59    59    66
  377    44    44    51
  378    91    91    98
  379    69    69    76
  380    84    84    91
  381    91    91    97
  382    41    41    47
  383    71    71    77
  384    61    61    67
  385    91    91    97
  386    70    70    76
  387    83    83    89
  388    70    70    76
  389    64    64    70
  390    65    65    71
  391    87    87    93
  392    90    90    96
  393    59    59    65
  394    82    82    88
  395    41    41    46
  396    68    68    73
  397    25    25    30
  398    68    68    73
  399    91    91    96
  400    68    68    73
  401    54    54    59
  402    94    94    99
  403    28    28    32
  404    95    95    99
  405    88    88    92
  406    87    87    91
  407    87    87    91
  408    93    93    97
  409    81    81    85
  410    21    21    25
  411    16    16    20
  412     2     2     6
  413    32    32    36
  414    12    12    16
  415    74    74    78
  416    67    67    71
  417    76    76    80
  418    94    94    98
  419    96    96    99
  420    66    66    69
  421    96    96    99
  422    71    71    74
  423    89    89    92
  424    61    61    64
  425    11    11    14
  426    34    34    37
  427    91    91    94
  428    93    93    96
  429    72    72    75
  430    87    87    90
  431    96    96    99
  432     5     5     7
  433    83    83    85
  434    84    84    86
  435    95    95    97
  436    74    74    76
  437    49    49    51
  438    88    88    90
  439    92    92    94
  440    94    94    96
  441    97    97    99
  442    90    90    92
  443    92    92    94
  444    86    86    88
  445    97    97    99
  446    80    80    82
  447    88    88    89
  448    65    65    66
  449    88    88    89
  450    95    95    96
  451    98    98    99
  452    84    84    85
  453    95    95    96
  454    96    96    97
  455    88    88    89
  456    50    50    51
  457    86    86    87
  458    27    27    28
  459    97    97    98
  460    95    95    96
  461    71    71    72
  462    92    92    93
  463    93    93    94
  464    93    93    94
  465    83    83    84
  466    98    98    99
  467    58    58    59
  468    70    70    70
  469    42    42    42
  470    82    82    82
  471   100   100   100
  472    75    75    75
  473    93    93    93
  474    98    98    98
  475    69    69    69
  476    98    98    98
  477    99    99    99
  478    64    64    64
  479    25    25    25
  480    86    86    86
  481    92    92    92
  482    48    48    48
  483    74    74    74
  484     3     3     3
  485    76    76    76
  486    97    97    97
  487    74    74    74
  488    99    99    99
  489    97    97    97
  490    75    75    75
  491    81    81    81
  492    99    99    99
  493    87    87    87
  494    87    87    87
  495   100   100   100
  496    82    82    82
  497    92    92    92
  498    86    86    86
  499    17    17    17
  100