  100
    0     2     2    99
    1     7     7    99
    2     5     5    96
    3     5     5    90
    4    15    15    97
    5    19    19    98
    6    21    21    98
    7    21    21    85
    8    27    27    90
    9    11    11    72
   10    27    27    87
   11    26    26    83
   12    41    41    94
   13    44    44    95
   14    31    31    81
   15    11    11    61
   16    26    26    76
   17    48    48    96
   18    44    44    91
   19     4     4    50
   20    33    33    79
   21    38    38    84
   22    40    40    84
   23    30    30    71
   24    17    17    58
   25    21    21    61
   26    42    42    81
   27    56    56    95
   28    26    26    64
   29    45    45    82
   30    55    55    92
   31    60    60    94
   32    36    36    70
   33    54    54    88
   34    64    64    98
   35    56    56    89
   36    56    56    88
   37    14    14    46
   38    36    36    68
   39    65    65    95
   40    53    53    82
   41    23    23    50
   42    28    28    55
   43    53    53    79
   44     2     2    28
   45    67    67    93
   46    50    50    75
   47    72    72    96
   48     4     4    28
   49    48    48    71
   50    16    16    38
   51    50    50    72
   52    64    64    86
   53    21    21    41
   54    77    77    97
   55    27    27    46
   56    62    62    81
   57    63    63    82
   58     2     2    20
   59    54    54    71
   60    18    18    35
   61    76    76    92
   62     8     8    22
   63    19    19    33
   64    61    61    74
   65    67    67    80
   66    71    71    83
   67    69    69    81
   68    69    69    80
   69    34    34    45
   70    74    74    84
   71     1     1    10
   72    75    75    83
   73    78    78    86
   74    82    82    90
   75    81    81    89
   76    91    91    98
   77    33    33    40
   78    66    66    73
   79    15    15    22
   80    88    88    94
   81    76    76    82
   82    90    90    95
   83    94    94    99
   84    55    55    60
   85    87    87    90
   86    81    81    84
   87    87    87    90
   88    89    89    91
   89    78    78    80
   90    87    87    88
   91    94    94    95
   92    66    66    67
   93    89    89    90
   94    94    94    95
   95   100   100   100
   96   100   100   100
   97   100   100   100
   98    77    77    77
   99    13    13    13
  100