  500
    0     1     1    99
    1     7     7    99
    2     4     4    94
    3     2     2    90
    4     9     9    96
    5    12    12    96
    6     2     2    85
    7     1     1    81
    8    20    20    98
    9     4     4    81
   10    18    18    93
   11    16    16    90
   12    17    17    91
   13    19    19    93
   14    17    17    90
   15     5     5    77
   16    23    23    95
   17    14    14    85
   18     3     3    74
   19    26    26    97
   20    11    11    81
   21    17    17    87
   22     2     2    71
   23     7     7    75
   24    30    30    98
   25     2     2    70
   26    32    32    99
   27    27    27    92
   28    10    10    75
   29    13    13    78
   30     8     8    72
   31    35    35    98
   32    18    18    81
   33    13    13    76
   34    32    32    95
   35    17    17    79
   36    12    12    74
   37     8     8    69
   38    26    26    87
   39     4     4    64
   40    28    28    88
   41    31    31    91
   42     9     9    69
   43    11    11    70
   44     3     3    62
   45    31    31    90
   46     7     7    66
   47    11    11    69
   48     8     8    65
   49    41    41    97
   50    41    41    96
   51    43    43    98
   52    10    10    64
   53    27    27    81
   54    42    42    95
   55    32    32    85
   56    25    25    77
   57    39    39    91
   58    33    33    84
   59    21    21    72
   60    11    11    62
   61    37    37    88
   62     8     8    59
   63    47    47    97
   64    37    37    87
   65    32    32    82
   66    49    49    99
   67    41    41    90
   68    35    35    84
   69    11    11    60
   70    25    25    74
   71     9     9    58
   72     3     3    51
   73    14    14    61
   74    51    51    98
   75    22    22    69
   76    19    19    66
   77    50    50    97
   78     9     9    55
   79    50    50    96
   80    37    37    83
   81     7     7    52
   82    37    37    82
   83     1     1    46
   84    52    52    97
   85    24    24    69
   86    18    18    63
   87    54    54    98
   88     7     7    51
   89    11    11    55
   90    35    35    79
   91    46    46    90
   92    23    23    66
   93    47    47    90
   94    44    44    87
   95    50    50    93
   96    40    40    82
   97    56    56    98
   98    11    11    53
   99    27    27    69
  100    55    55    97
  101    54    54    96
  102     6     6    47
  103    24    24    65
  104    57    57    98
  105    32    32    73
  106    18    18    59
  107    11    11    51
  108    57    57    97
  109    39    39    79
  110    25    25    64
  111    52    52    91
  112    42    42    81
  113    32    32    71
  114    34    34    72
  115    21    21    59
  116    55    55    93
  117    35    35    73
  118    29    29    67
  119    45    45    82
  120    53    53    90
  121    14    14    51
  122    52    52    89
  123    51    51    88
  124    29    29    66
  125    62    62    98
  126    37    37    73
  127    42    42    78
  128    60    60    96
  129    62    62    98
  130    58    58    94
  131     3     3    38
  132    14    14    49
  133    12    12    47
  134    60    60    95
  135    46    46    81
  136    43    43    78
  137    57    57    92
  138    41    41    76
  139    24    24    58
  140     9     9    43
  141    37    37    71
  142     1     1    34
  143    45    45    78
  144    62    62    95
  145    48    48    80
  146    60    60    92
  147    40    40    72
  148    66    66    98
  149    35    35    67
  150    65    65    97
  151    65    65    96
  152    62    62    93
  153    22    22    53
  154    33    33    64
  155     3     3    34
  156    12    12    42
  157    68    68    98
  158    19    19    49
  159    35    35    65
  160    55    55    84
  161    55    55    84
  162    25    25    54
  163    36    36    65
  164    67    67    95
  165    37    37    65
  166    30    30    58
  167    57    57    84
  168    42    42    69
  169    31    31    58
  170     8     8    35
  171    72    72    99
  172    65    65    92
  173    15    15    42
  174    22    22    48
  175    39    39    65
  176    70    70    96
  177    36    36    62
  178    60    60    86
  179    62    62    88
  180    41    41    67
  181    48    48    73
  182    68    68    93
  183    30    30    55
  184    54    54    79
  185    61    61    86
  186    47    47    72
  187    62    62    87
  188    17    17    42
  189    63    63    88
  190    74    74    98
  191    59    59    83
  192    70    70    94
  193    18    18    42
  194    66    66    90
  195    20    20    44
  196    55    55    78
  197    63    63    86
  198    64    64    87
  199    71    71    94
  200    52    52    75
  201    27    27    50
  202    61    61    83
  203    63    63    85
  204    64    64    86
  205    30    30    52
  206    66    66    88
  207    75    75    97
  208     1     1    23
  209    75    75    97
  210    13    13    35
  211    78    78    99
  212    64    64    85
  213     2     2    23
  214    66    66    87
  215    18    18    39
  216    63    63    84
  217    50    50    71
  218    72    72    93
  219    65    65    86
  220    77    77    97
  221    53    53    73
  222    12    12    32
  223    53    53    73
  224     9     9    29
  225    66    66    86
  226    18    18    37
  227    80    80    99
  228    70    70    89
  229    31    31    50
  230    74    74    93
  231    77    77    96
  232    47    47    66
  233     4     4    23
  234    38    38    57
  235    55    55    74
  236    27    27    46
  237    72    72    91
  238    69    69    88
  239    44    44    63
  240    72    72    91
  241    67    67    86
  242    75    75    93
  243    57    57    75
  244    21    21    39
  245    67    67    85
  246    25    25    43
  247    80    80    98
  248    65    65    83
  249     9     9    27
  250    23    23    40
  251    75    75    92
  252    17    17    34
  253    71    71    88
  254    13    13    30
  255    45    45    62
  256    78    78    95
  257    76    76    92
  258    61    61    77
  259    10    10    26
  260    54    54    70
  261    24    24    40
  262    64    64    80
  263    39    39    55
  264     8     8    24
  265    58    58    73
  266    82    82    97
  267    80    80    95
  268    79    79    94
  269    41    41    56
  270    23    23    38
  271    55    55    70
  272    48    48    63
  273    69    69    84
  274    76    76    91
  275    70    70    85
  276    77    77    92
  277    37    37    52
  278    44    44    58
  279    52    52    66
  280    83    83    97
  281    60    60    74
  282     9     9    23
  283    38    38    52
  284    45    45    59
  285    76    76    90
  286    77    77    91
  287    47    47    61
  288    58    58    72
  289    23    23    37
  290     1     1    14
  291    18    18    31
  292     4     4    17
  293    62    62    75
  294    24    24    36
  295    80    80    92
  296    10    10    22
  297    83    83    95
  298    74    74    86
  299    59    59    71
  300    84    84    96
  301    54    54    65
  302    82    82    93
  303    82    82    93
  304    87    87    98
  305    60    60    71
  306    64    64    75
  307    63    63    74
  308    31    31    42
  309    57    57    68
  310    66    66    77
  311    28    28    38
  312    15    15    25
  313    76    76    86
  314    48    48    58
  315    58    58    68
  316    58    58    68
  317    21    21    31
  318    70    70    80
  319    56    56    66
  320    27    27    37
  321    59    59    69
  322    74    74    84
  323    28    28    38
  324    85    85    94
  325    81    81    90
  326    90    90    99
  327    58    58    67
  328    89    89    98
  329    51    51    60
  330    34    34    43
  331    84    84    93
  332    46    46    55
  333    66    66    75
  334    70    70    79
  335    15    15    24
  336    58    58    67
  337    63    63    72
  338     7     7    16
  339    45    45    53
  340    50    50    58
  341    78    78    86
  342    87    87    95
  343    86    86    94
  344    25    25    33
  345    19    19    27
  346    34    34    42
  347    51    51    59
  348    91    91    99
  349    26    26    34
  350    73    73    81
  351    80    80    87
  352    76    76    83
  353    82    82    89
  354    55    55    62
  355    87    87    94
  356    59    59    66
  357    91    91    98
  358    69    69    76
  359    87    87    94
  360    66    66    73
  361    91    91    98
  362    21    21    27
  363    85    85    91
  364    82    82    88
  365    91    91    97
  366    24    24    30
  367    27    27    33
  368    84    84    90
  369    44    44    50
  370    83    83    89
  371     7     7    13
  372    73    73    79
  373    17    17    23
  374    93    93    99
  375    92    92    98
  376    18    18    24
  377    47    47    53
  378    16    16    22
  379    90    90    96
  380    87    87    92
  381    43    43    48
  382    82    82    87
  383    82    82    87
  384    90    90    95
  385    87    87    92
  386    56    56    61
  387    92    92    97
  388    81    81    86
  389    77    77    82
  390    87    87    92
  391    19    19    24
  392    49    49    54
  393    92    92    96
  394    39    39    43
  395    66    66    70
  396    68    68    72
  397    29    29    33
  398    95    95    99
  399    88    88    92
  400    81    81    85
  401    89    89    93
  402    90    90    94
  403    60    60    64
  404    75    75    79
  405    94    94    98
  406    77    77    81
  407    33    33    37
  408    94    94    98
  409    81    81    85
  410    18    18    22
  411    85    85    89
  412    85    85    89
  413    46    46    50
  414    88    88    92
  415    75    75    79
  416    78    78    81
  417    43    43    46
  418    92    92    95
  419    38    38    41
  420    69    69    72
  421    67    67    70
  422    63    63    66
  423    90    90    93
  424    89    89    92
  425    80    80    83
  426    76    76    79
  427    30    30    33
  428    94    94    97
  429    27    27    30
  430    96    96    99
  431    95    95    98
  432     8     8    11
  433    94    94    97
  434    39    39    42
  435    96    96    99
  436    97    97    99
  437    84    84    86
  438    84    84    86
  439    92    92    94
  440    94    94    96
  441    48    48    50
  442     2     2     4
  443    25    25    27
  444    21    21    23
  445    23    23    25
  446    77    77    79
  447    97    97    99
  448    95    95    97
  449    93    93    95
  450    92    92    94
  451    66    66    68
  452    92    92    93
  453    60    60    61
  454    96    96    97
  455    76    76    77
  456    98    98    99
  457    92    92    93
  458    98    98    99
  459    87    87    88
  460    96    96    97
  461    59    59    60
  462    98    98    99
  463    44    44    45
  464    95    95    96
  465    92    92    93
  466    46    46    47
  467    98    98    98
  468    69    69    69
  469    45    45    45
  470    91    91    91
  471    78    78    78
  472    57    57    57
  473     3     3     3
  474    95    95    95
  475    72    72    72
  476    71    71    71
  477    90    90    90
  478    67    67    67
  479    99    99    99
  480   100   100   100
  481   100   100   100
  482    76    76    76
  483    93    93    93
  484   100   100   100
  485    99    99    99
  486    96    96    96
  487    91    91    91
  488    89    89    89
  489    80    80    80
  490   100   100   100
  491    40    40    40
  492    95    95    95
  493    97    97    97
  494    45    45    45
  495    87    87    87
  496    99    99    99
  497   100   100   100
  498    96    96    96
  499    91    91    91
  100