  500
    0    40     4    99
    1    70     4    99
    2    71     7    96
    3    18     9    95
    4    86     6    91
    5    15     2    87
    6    26    12    96
    7    84    17    98
    8    23     7    88
    9   100     1    81
   10    94     2    81
   11    19    18    96
   12    56     4    82
   13    39    22    99
   14   100    21    98
   15    59     8    85
   16    78     2    78
   17    78     5    81
   18    68    24    99
   19    68    21    96
   20    91    23    98
   21     6    22    96
   22    83     5    79
   23    59     1    75
   24    35     5    78
   25    26     1    74
   26    16    13    85
   27    56    18    89
   28    48    20    90
   29    15    22    92
   30    96    12    81
   31   100    13    82
   32    67    31    99
   33    54    15    83
   34    89    17    85
   35     9    18    85
   36    66    24    91
   37    70    28    95
   38    33    16    82
   39    58    15    81
   40     3    26    92
   41    30    20    85
   42    60    26    89
   43    19    21    84
   44    90    16    79
   45    59    15    78
   46    89    19    81
   47    60     8    70
   48    39    30    92
   49    24    32    93
   50    85    28    89
   51    83    37    98
   52    45     8    69
   53    86    34    95
   54    62    11    72
   55    40    33    93
   56    24     8    68
   57     9     9    69
   58    27    37    97
   59    50     5    64
   60    21     6    65
   61    14    40    99
   62    51    15    73
   63    13    17    75
   64    37    39    96
   65    85    17    74
   66    85    36    92
   67    87    38    94
   68    56    42    97
   69     1     7    61
   70    31    34    87
   71    77     1    54
   72    72    34    87
   73    14    33    85
   74    23    39    91
   75    94     7    58
   76    12    28    79
   77    48    38    88
   78    50    43    93
   79    74    44    94
   80     3    14    64
   81     6    27    77
   82    17    11    61
   83    49    12    61
   84    16    22    71
   85    27    48    97
   86    11    42    90
   87    83    47    95
   88    51    31    79
   89     9    13    61
   90    91    37    84
   91    33    17    64
   92    41    41    88
   93    34    32    79
   94    95    34    80
   95    69    41    86
   96    26     5    50
   97    26    46    91
   98    32    16    61
   99    85    23    67
  100    97    47    91
  101     3    35    79
  102    39    42    86
  103    43     4    48
  104    53    51    94
  105    45    50    93
  106    15     6    48
  107     8    10    52
  108    78    32    74
  109    79    42    84
  110    64    14    55
  111    58    44    85
  112    12    43    84
  113    81    13    54
  114     9    42    83
  115    95     6    47
  116    83    56    96
  117    43    31    71
  118    57    37    76
  119    44    32    71
  120    66    46    85
  121    11    53    92
  122    21    20    59
  123    12    42    80
  124    63    44    82
  125    30    55    93
  126    73    51    89
  127    25    18    56
  128    92    19    57
  129    94    11    49
  130    88    22    59
  131    88    35    72
  132    38    32    69
  133    22    30    66
  134    97    28    64
  135    64     5    41
  136    32    41    77
  137    19    44    79
  138     1    29    64
  139    40    35    70
  140     2    43    78
  141    94    23    58
  142    48    62    96
  143    33    30    64
  144    65    41    75
  145    35    63    97
  146    79    20    54
  147    54    59    93
  148    80    59    93
  149   100    63    96
  150    52    58    91
  151    82    48    81
  152    38    44    77
  153    97    55    87
  154    43    54    86
  155    65    51    83
  156    90    58    90
  157    92    55    86
  158    91    39    70
  159    99    64    95
  160     6    67    98
  161    53    51    82
  162    36    61    92
  163    43    45    76
  164    17    30    61
  165    99    48    78
  166    93    22    52
  167     7    37    67
  168    33    51    81
  169    71    32    62
  170    76    39    69
  171    34    39    69
  172     9    12    41
  173    85    41    70
  174    59    16    45
  175    53    52    81
  176    39    68    96
  177    59    64    92
  178    51    11    39
  179    76    60    88
  180    81    37    65
  181    72    28    56
  182    47    25    53
  183    88    15    43
  184    25    62    89
  185    75    64    91
  186     1    71    98
  187    76    59    86
  188    10    66    93
  189    96    23    50
  190    67    65    91
  191    72     3    29
  192    48    24    50
  193    48    22    48
  194    82    16    42
  195    30    62    88
  196    37    32    58
  197    60    35    61
  198    47    16    42
  199    46    62    87
  200    11    66    91
  201    41    51    76
  202    61     4    29
  203    15    71    96
  204    24     7    32
  205   100    51    76
  206    11    47    72
  207    67    12    36
  208    63    73    97
  209    95    49    73
  210    36    30    54
  211    83    10    34
  212    41    38    61
  213    10    53    76
  214    89     3    26
  215    96    49    72
  216    51    46    69
  217     7    61    84
  218    72    68    91
  219    22    65    88
  220    94    41    64
  221    80    68    91
  222     4    29    51
  223    72    75    97
  224     3    47    69
  225    13    67    89
  226    19     4    26
  227     5    68    90
  228    37    31    52
  229    77    66    87
  230    86    39    60
  231    31    29    50
  232    73    23    44
  233    16    58    79
  234    42    66    87
  235    92    66    87
  236    88    13    34
  237    12     4    25
  238    54    70    90
  239    22    61    81
  240    83    40    60
  241    66    32    52
  242    62    65    85
  243    61    62    82
  244    96    75    95
  245    36    28    47
  246    93    37    56
  247    75    76    95
  248    62    47    66
  249    69    75    94
  250    32    31    50
  251    60    50    69
  252    71    10    28
  253    21    71    89
  254    27    24    42
  255    98    33    51
  256    44    39    57
  257    95    77    95
  258     8    23    41
  259    71    76    94
  260    68    46    63
  261    21    14    31
  262    50    57    74
  263    40    79    96
  264    10    73    90
  265    74    71    88
  266    85    31    48
  267    63    77    94
  268    78    10    27
  269    13    75    92
  270    73    30    47
  271    13    41    58
  272    31    34    51
  273    87    57    74
  274    80    52    68
  275    38    83    99
  276    91    18    34
  277    43    67    83
  278    94    82    98
  279    82    63    79
  280     9    47    63
  281    69    79    94
  282    34    74    89
  283    45    76    91
  284    23    80    95
  285    82    71    86
  286    29    68    83
  287    88    29    44
  288    52    66    81
  289    39    24    39
  290    30    77    92
  291    97    10    25
  292    25    22    37
  293    62    46    61
  294    37    73    87
  295    73    61    75
  296     5    85    99
  297    37    85    99
  298    50    65    79
  299    34    44    58
  300    47    37    51
  301    12    22    36
  302    54    76    90
  303    22    85    98
  304    80    70    83
  305    53    43    56
  306    81    44    57
  307    64    74    87
  308   100    79    92
  309    85    75    88
  310    72    48    61
  311    45    78    91
  312    68    81    94
  313    66    51    64
  314    59    30    43
  315    21    64    76
  316     6    84    96
  317    31    87    99
  318    54    62    74
  319    87     9    21
  320    53    83    95
  321     6    84    96
  322    89    29    41
  323    87    73    85
  324    89    71    82
  325     4    17    28
  326    42    82    93
  327    84    80    91
  328    70    84    95
  329    76    82    93
  330    28    88    99
  331    62    57    68
  332    52    85    96
  333    57    73    84
  334    93    76    86
  335     4     3    13
  336    60    85    95
  337    60    89    99
  338    46    31    41
  339    32    76    86
  340    66    88    98
  341    59    71    81
  342    86    48    57
  343    43    62    71
  344    16    57    66
  345    14    90    99
  346    43    33    42
  347    10    81    90
  348    11    56    65
  349    57    77    86
  350    33    58    67
  351     7    41    50
  352    36    89    97
  353    54    67    75
  354    34    78    86
  355    49    86    93
  356    97    64    71
  357    75    29    36
  358    32    85    92
  359    92    49    56
  360    57    77    84
  361    18    91    98
  362    84     3    10
  363    79    85    92
  364    81    92    99
  365    24    76    83
  366    84    20    27
  367    68    67    74
  368    11    89    96
  369    19    88    95
  370    75    88    95
  371    53    88    95
  372     1    71    78
  373    15    63    70
  374    10    91    97
  375    32    18    24
  376    97    82    88
  377    71    74    80
  378    86    71    77
  379    76    78    84
  380    70    88    94
  381    70     8    14
  382    65    76    82
  383    90    90    96
  384    27    90    96
  385    56    82    88
  386    76    91    97
  387    31    68    74
  388    98    89    94
  389    47    82    87
  390    90    56    61
  391    21    90    95
  392    29    92    97
  393    91    39    44
  394    96    28    33
  395    98    82    87
  396    43    54    59
  397    23    28    32
  398    89    85    89
  399    18    89    93
  400    33    92    96
  401    28     1     5
  402     8    85    89
  403    39    86    90
  404    60    39    43
  405    49    68    72
  406    25    91    95
  407    87    94    98
  408    22    92    96
  409    59    94    98
  410    77    48    52
  411    61    89    93
  412    43    74    78
  413     2    86    89
  414     2    43    46
  415     4    76    79
  416    25    34    37
  417    10    96    99
  418    98    96    99
  419    26    93    96
  420     3    87    90
  421    71    78    81
  422    34    93    96
  423    96    94    97
  424    55    68    71
  425    34    76    79
  426    96    70    73
  427    26    95    98
  428     6    95    98
  429    91    60    63
  430    76    82    85
  431    36    57    60
  432    66    90    92
  433    29    68    70
  434    44    34    36
  435    31    59    61
  436    20    22    24
  437    65    96    98
  438    15    94    96
  439     9    78    80
  440    59    82    84
  441    74    91    93
  442    67    96    98
  443    26    23    25
  444     6     6     8
  445    91    96    98
  446    34    91    93
  447    15    53    55
  448   100    61    63
  449    16    51    53
  450    95    97    98
  451    27    81    82
  452    78    97    98
  453    67    94    95
  454    47    98    99
  455     9    98    99
  456    72    98    99
  457    46    55    56
  458    31    56    57
  459    85    85    86
  460    57    80    81
  461    10    57    58
  462    58    73    74
  463    41    90    91
  464    30    90    91
  465    54    45    46
  466    54    12    13
  467    48    98    99
  468    84    81    82
  469    74    97    98
  470    75    98    99
  471    34    93    94
  472    47    51    52
  473    47    96    96
  474    98    90    90
  475    83   100   100
  476    97    97    97
  477    54    97    97
  478    64    97    97
  479    62    63    63
  480    21    72    72
  481    45    98    98
  482    63    67    67
  483    50    92    92
  484    45    96    96
  485    77    99    99
  486    47    99    99
  487    89   100   100
  488    65   100   100
  489    60    98    98
  490    82    99    99
  491    75    89    89
  492    74    97    97
  493    92    69    69
  494    40    98    98
  495    52    78    78
  496    26   100   100
  497    90   100   100
  498    12    82    82
  499    46    75    75
  100