 1000
    0    12     3    98
    1     1     4    98
    2     1     5    97
    3     1     1    93
    4     8     5    97
    5     8     1    92
    6    13    11    99
    7     5     2    90
    8    16     6    94
    9     1     4    92
   10     1     4    91
   11     2    12    98
   12    14    13    99
   13     8    12    98
   14    11    13    99
   15     8     2    88
   16    13     7    92
   17    23    14    98
   18     9    10    93
   19     1     3    86
   20     5     9    92
   21     3     7    90
   22     1     2    84
   23    10     3    82
   24    20    18    97
   25     1     1    79
   26     1     7    85
   27    22    16    94
   28     1     4    82
   29    25    21    98
   30     1     4    80
   31    17    12    88
   32    13     3    79
   33    18    17    93
   34    20    12    88
   35    14    14    90
   36    21    18    93
   37    25    15    90
   38     4     5    80
   39    19    16    91
   40    20    14    88
   41     2    12    86
   42     2    11    85
   43    29    21    94
   44     1     6    79
   45    15     7    80
   46    30    26    98
   47    10     4    74
   48     4     7    77
   49    18    11    81
   50    27    22    92
   51     3     1    71
   52    19    21    90
   53    17    23    92
   54     8     8    77
   55    22    30    99
   56    16     6    75
   57    23    22    90
   58    29    21    89
   59    35    31    99
   60     3     4    72
   61    25    21    89
   62    28    20    87
   63    30    21    88
   64     3     3    70
   65    18    13    79
   66    36    29    95
   67    20    20    86
   68    19    29    94
   69    28    18    83
   70    29    20    85
   71    17    15    80
   72    10    17    82
   73    14    20    85
   74    12    22    87
   75    32    32    96
   76    28    32    96
   77    23    22    86
   78    22    23    86
   79    30    33    96
   80    38    32    95
   81     1     9    72
   82    15    25    87
   83     1     4    66
   84    26    16    78
   85    24    22    84
   86    36    32    94
   87    26    29    91
   88    39    29    91
   89    35    32    94
   90    25    22    83
   91    27    22    83
   92    46    36    96
   93    12    18    78
   94    26    21    81
   95    22    30    90
   96    35    30    89
   97     2     8    67
   98     6    13    72
   99    44    39    98
  100    21    24    82
  101    33    41    99
  102    25    28    85
  103     1     8    65
  104    35    30    87
  105    13    22    79
  106    31    25    82
  107    25    25    82
  108    39    39    95
  109    40    35    91
  110    22    32    88
  111    10     6    61
  112     1     7    62
  113    38    33    88
  114    11     5    60
  115     3    11    66
  116    44    42    96
  117    26    24    78
  118     1     2    56
  119    22    30    84
  120     7    11    65
  121    11     1    55
  122     2     6    60
  123    19    23    76
  124    18    13    66
  125    13    13    66
  126    28    32    85
  127     9    15    68
  128    27    29    82
  129    39    33    86
  130     4     5    58
  131    38    42    95
  132    31    29    82
  133    23    19    72
  134    17    20    72
  135    33    26    78
  136    28    24    76
  137     7     1    53
  138    43    40    92
  139    26    25    77
  140    16    22    73
  141    54    44    95
  142    13    18    69
  143    28    30    81
  144    34    39    89
  145    15    10    60
  146    32    33    83
  147    42    32    82
  148    10     6    56
  149    49    47    97
  150    31    23    72
  151     3     1    50
  152    42    36    85
  153    14     5    54
  154     6    14    63
  155    47    39    88
  156    44    46    95
  157    35    31    79
  158    41    49    97
  159    49    48    96
  160    26    26    74
  161    49    47    95
  162    28    30    78
  163    42    43    91
  164     6    10    58
  165    40    49    96
  166    32    27    74
  167    40    34    81
  168    49    51    98
  169    44    43    89
  170    46    38    84
  171    37    27    73
  172    22    31    77
  173    53    47    93
  174    55    49    95
  175    45    43    89
  176    38    32    78
  177    53    46    92
  178    46    48    94
  179    37    29    74
  180    25    29    74
  181    41    48    93
  182    21    16    61
  183    37    43    88
  184    16     7    52
  185    60    53    97
  186    14     5    49
  187    50    42    86
  188    20    24    68
  189    28    19    63
  190    28    21    65
  191    43    35    79
  192    48    50    94
  193    54    46    90
  194    27    25    69
  195    51    45    89
  196    28    35    79
  197    51    52    95
  198    59    54    97
  199     9    17    60
  200    27    37    80
  201    41    33    76
  202    45    49    92
  203    53    55    98
  204    58    57    99
  205    44    54    96
  206    61    56    98
  207    33    39    80
  208    29    35    76
  209    21    26    67
  210    26    27    68
  211    22    32    73
  212    27    18    59
  213     9    15    56
  214     2    12    53
  215    44    48    89
  216    54    44    85
  217    30    28    69
  218    37    38    79
  219    61    52    93
  220    48    52    92
  221    48    42    82
  222    24    27    67
  223    42    46    86
  224    68    59    99
  225    48    39    79
  226    51    45    85
  227     5    11    51
  228    60    59    99
  229     9     5    44
  230    31    29    68
  231    37    30    69
  232    16     7    46
  233    27    32    71
  234    34    39    78
  235     1     5    44
  236    38    47    86
  237    45    54    93
  238     1    10    49
  239    62    59    97
  240     1     5    43
  241    62    61    99
  242    18    11    49
  243    55    46    84
  244     1     2    40
  245    66    58    96
  246    59    58    96
  247    55    56    94
  248    37    43    81
  249    18    24    62
  250    22    31    69
  251    28    33    70
  252     8     8    45
  253    48    51    88
  254    13     4    41
  255    20    23    60
  256    45    46    83
  257    17     8    45
  258    14     4    41
  259    66    62    99
  260    56    58    94
  261    13    11    47
  262    18    28    64
  263    10     7    43
  264     1     3    39
  265    37    38    73
  266    64    58    93
  267     8    13    48
  268    53    43    78
  269    63    60    95
  270    41    35    70
  271    33    33    68
  272    34    25    60
  273    34    37    72
  274    34    37    72
  275    23    13    48
  276    58    48    83
  277    23    20    54
  278     1     3    37
  279    32    33    67
  280    30    21    55
  281    41    39    73
  282    23    16    50
  283     1     1    35
  284    48    58    92
  285    42    41    75
  286    59    64    98
  287    49    45    79
  288    17     8    42
  289    18     8    42
  290    36    45    79
  291    45    44    77
  292    49    47    80
  293    51    59    92
  294     7     8    41
  295     4     7    40
  296    23    15    48
  297    48    40    73
  298    52    62    94
  299    20    14    46
  300    62    65    97
  301    66    57    89
  302     1     1    33
  303    42    36    68
  304    67    67    99
  305    35    45    77
  306    40    50    82
  307    70    63    95
  308    24    15    47
  309    48    55    86
  310     5    15    46
  311    47    43    74
  312    52    57    88
  313    61    55    86
  314    62    54    85
  315    65    65    96
  316    72    64    95
  317     1     6    37
  318     1     1    32
  319    10    19    50
  320    15    14    45
  321     7     3    34
  322    71    64    95
  323    46    39    70
  324    71    67    98
  325    18    25    55
  326    56    46    76
  327    48    43    73
  328    58    65    95
  329    44    54    84
  330    62    69    99
  331    58    52    82
  332    70    68    98
  333     1     9    39
  334    56    58    88
  335    48    42    72
  336    59    53    83
  337    13    21    50
  338    31    39    68
  339    18    21    50
  340    71    65    94
  341    65    65    94
  342    60    64    93
  343    19    15    44
  344    44    53    82
  345    32    22    51
  346    15    25    54
  347    54    51    80
  348    47    38    67
  349    36    30    59
  350    55    48    77
  351    56    62    91
  352    52    57    86
  353    69    64    92
  354    40    38    66
  355    57    64    92
  356    18    28    56
  357    47    37    65
  358    45    39    67
  359    74    66    94
  360    27    23    51
  361    52    56    84
  362    19    25    53
  363     9     6    34
  364    56    64    92
  365    24    32    60
  366    27    23    51
  367    29    30    58
  368    49    56    84
  369    57    58    86
  370     1     4    32
  371    49    56    83
  372    40    31    58
  373    61    51    78
  374    21    25    52
  375    61    53    80
  376    44    44    71
  377    44    34    61
  378    57    61    88
  379    72    69    96
  380    46    40    67
  381    67    61    88
  382     5     2    29
  383    47    54    81
  384    36    43    70
  385    57    67    94
  386    60    61    88
  387    58    62    89
  388    40    40    67
  389    43    43    70
  390    68    64    90
  391    35    40    66
  392    73    68    94
  393    31    31    57
  394    61    62    88
  395     6    13    39
  396    74    71    97
  397    61    69    95
  398    15     6    32
  399    15    15    41
  400    64    65    91
  401    24    18    44
  402    70    68    94
  403     4    14    40
  404    46    54    80
  405    32    42    68
  406    56    48    73
  407    47    52    77
  408    33    36    61
  409    60    57    82
  410    52    52    77
  411    78    74    99
  412     2     5    30
  413    20    14    39
  414    66    63    88
  415    16    19    44
  416    64    61    86
  417    11    15    40
  418    50    44    68
  419    68    75    99
  420    66    75    99
  421    78    73    97
  422    85    75    99
  423    73    69    93
  424    69    65    89
  425    26    29    53
  426    20    29    53
  427    33    41    65
  428    55    46    70
  429    48    39    63
  430    29    21    45
  431    76    68    92
  432    59    56    80
  433    80    75    99
  434    77    71    95
  435    34    34    57
  436     2     2    25
  437    16    18    41
  438    10    19    42
  439    39    34    57
  440    66    71    94
  441     1     7    30
  442    51    44    67
  443    76    72    95
  444    78    74    97
  445    56    64    86
  446    62    69    91
  447    47    51    73
  448    75    68    90
  449    29    29    51
  450    41    38    60
  451    24    31    53
  452    54    57    79
  453    21    30    52
  454    68    69    91
  455    62    59    81
  456    61    51    73
  457    75    66    88
  458    32    29    51
  459    27    34    56
  460    84    76    98
  461    70    77    99
  462    75    67    89
  463     2     2    23
  464    55    58    79
  465    68    60    81
  466    82    74    95
  467    73    73    94
  468    42    33    54
  469    77    77    98
  470    20    20    41
  471    63    61    82
  472    60    52    73
  473    79    69    90
  474    68    66    87
  475    54    60    81
  476    69    64    84
  477    19    29    49
  478    64    68    88
  479    16    21    41
  480    73    70    90
  481    73    72    92
  482    25    33    53
  483    73    71    91
  484    75    71    91
  485    46    41    61
  486    76    70    90
  487    54    61    81
  488    56    65    85
  489    66    69    89
  490    67    71    91
  491    64    68    87
  492    49    47    66
  493    74    67    86
  494    75    67    86
  495    54    63    82
  496    65    62    81
  497    47    51    70
  498    58    67    86
  499    24    16    35
  500    50    51    70
  501    23    29    48
  502    66    74    93
  503    58    52    71
  504    64    56    75
  505    60    55    74
  506    48    48    66
  507    28    34    52
  508    21    24    42
  509    76    69    87
  510    47    56    74
  511    57    55    73
  512    46    44    62
  513    29    36    54
  514    64    66    84
  515    56    51    69
  516    86    80    98
  517    70    64    82
  518    69    79    97
  519    58    62    80
  520    41    32    50
  521    42    52    70
  522    62    67    84
  523    71    67    84
  524    83    73    90
  525    18    26    43
  526     3     7    24
  527    77    81    98
  528    52    62    79
  529    30    20    37
  530    27    28    45
  531    25    27    44
  532    39    34    51
  533    27    20    37
  534    50    58    75
  535    58    51    68
  536    17    10    26
  537    67    74    90
  538    37    28    44
  539    21    16    32
  540    20    11    27
  541    86    76    92
  542    52    54    70
  543    80    81    97
  544    62    61    77
  545    80    80    96
  546    53    54    70
  547    64    74    90
  548    68    77    93
  549    70    69    85
  550    27    17    33
  551    70    63    79
  552    17    12    28
  553    29    39    54
  554    23    25    40
  555    77    79    94
  556    47    55    70
  557    58    65    80
  558    57    64    79
  559    69    76    91
  560    42    34    49
  561    63    71    86
  562    72    71    86
  563    93    83    98
  564    31    36    51
  565    36    35    50
  566    28    26    41
  567    80    79    93
  568    56    56    70
  569    53    43    57
  570    39    49    63
  571    86    80    94
  572    45    51    65
  573    53    50    64
  574    45    52    66
  575    76    83    97
  576    83    85    99
  577    83    77    91
  578    35    41    55
  579    76    85    99
  580    81    83    97
  581    59    52    66
  582    84    84    98
  583    68    60    73
  584    16    19    32
  585    34    39    52
  586    47    42    55
  587    90    83    96
  588    25    26    39
  589    10     2    15
  590    85    83    96
  591    31    26    39
  592    47    52    65
  593    75    76    89
  594    33    30    43
  595    44    54    67
  596    70    72    85
  597    17    22    35
  598    80    86    99
  599    75    78    90
  600    77    85    97
  601     4     1    13
  602     7     5    17
  603    30    32    44
  604    84    83    95
  605    86    84    96
  606    79    75    87
  607    63    73    85
  608    30    37    49
  609    53    48    60
  610    17    23    35
  611    65    73    85
  612    53    57    69
  613    50    60    72
  614    85    80    91
  615    85    75    86
  616    25    25    36
  617    87    85    96
  618    64    61    72
  619    96    87    98
  620    88    88    99
  621    25    23    34
  622    18    22    33
  623    75    76    87
  624    69    75    86
  625    90    88    99
  626    58    68    79
  627    74    64    75
  628     5    15    26
  629    67    67    78
  630    42    42    52
  631    36    40    50
  632    71    80    90
  633     1     1    11
  634    65    61    71
  635    76    72    82
  636    25    35    45
  637    41    41    51
  638    50    44    54
  639    66    59    69
  640    75    72    82
  641    50    57    67
  642    67    77    87
  643    52    58    68
  644     9     8    18
  645    74    71    81
  646     6     1    11
  647    13    13    23
  648    82    85    95
  649    31    41    51
  650    45    37    47
  651    74    76    86
  652    83    82    92
  653    93    83    93
  654    66    73    83
  655    82    87    96
  656    28    33    42
  657    35    45    54
  658    79    75    84
  659    83    90    99
  660    68    78    87
  661    85    89    98
  662    90    86    95
  663    40    32    41
  664    88    80    89
  665    59    58    67
  666    16    24    33
  667    19    18    27
  668    88    87    96
  669    82    74    83
  670    33    27    36
  671    42    39    48
  672    69    73    82
  673    24    20    29
  674    48    58    67
  675    50    41    50
  676    53    51    60
  677    84    85    94
  678    87    87    96
  679    71    80    89
  680    90    89    98
  681    82    86    95
  682    77    85    93
  683    34    40    48
  684    59    55    63
  685    77    81    89
  686    79    84    92
  687    70    66    74
  688    77    76    84
  689    39    44    52
  690    77    77    85
  691    79    84    92
  692    65    69    77
  693    16    12    20
  694    43    53    61
  695    85    90    98
  696    67    61    69
  697    64    64    72
  698    15    11    19
  699    76    75    83
  700    71    69    77
  701    42    49    57
  702    52    54    62
  703    90    89    97
  704    96    91    99
  705    11     7    15
  706    74    84    92
  707    35    43    51
  708    67    76    84
  709    33    23    31
  710    14    11    19
  711    36    34    42
  712    48    46    54
  713    90    88    96
  714    49    52    60
  715     1     6    13
  716    85    91    98
  717    77    85    92
  718    32    27    34
  719    84    86    93
  720    83    81    88
  721    63    72    79
  722    70    76    83
  723    94    89    96
  724    14     7    14
  725     9    13    20
  726    18    18    25
  727    89    88    95
  728    90    84    91
  729    57    59    66
  730    88    86    93
  731    64    74    81
  732    77    81    88
  733    58    60    67
  734   100    91    98
  735    86    91    98
  736    17    23    30
  737    27    34    41
  738    86    92    99
  739    32    38    45
  740    61    66    73
  741    26    32    38
  742    77    81    87
  743    42    42    48
  744    87    93    99
  745    94    89    95
  746    55    61    67
  747    36    41    47
  748    14    23    29
  749    77    79    85
  750    67    61    67
  751     1     2     8
  752    36    32    38
  753    69    63    69
  754    82    83    89
  755    49    47    53
  756    79    84    90
  757    86    86    92
  758    84    92    98
  759    47    49    55
  760    77    85    91
  761     4    12    18
  762    49    41    47
  763   101    91    97
  764     1     1     7
  765    80    77    83
  766    70    76    82
  767    71    79    85
  768    58    57    63
  769    22    18    24
  770    85    86    92
  771    92    93    98
  772    41    41    46
  773    92    82    87
  774    88    90    95
  775    84    80    85
  776    80    72    77
  777    89    85    90
  778    71    81    86
  779    99    93    98
  780    41    43    48
  781    42    43    48
  782    94    94    99
  783    39    45    50
  784    74    73    78
  785    86    88    93
  786    36    42    47
  787    95    93    98
  788    77    87    92
  789    44    34    39
  790    26    23    28
  791    77    69    74
  792    41    49    53
  793    86    89    93
  794    33    27    31
  795    81    82    86
  796    87    78    82
  797    95    86    90
  798    19    19    23
  799    80    90    94
  800    61    68    72
  801    66    69    73
  802    82    89    93
  803    72    78    82
  804     9     1     5
  805    67    57    61
  806    67    59    63
  807    81    91    95
  808    76    70    74
  809    76    82    86
  810    82    83    87
  811    99    93    97
  812    75    85    89
  813    33    31    35
  814    46    44    48
  815    79    89    93
  816    71    66    70
  817    10    15    19
  818    44    53    57
  819    96    91    95
  820    79    83    87
  821    82    85    89
  822    80    87    91
  823    71    72    76
  824    66    76    80
  825    52    61    65
  826    15     6    10
  827    89    92    96
  828    96    89    93
  829   101    91    95
  830    47    54    57
  831    96    92    95
  832    74    66    69
  833    88    83    86
  834    92    96    99
  835    35    41    44
  836    72    73    76
  837    76    77    80
  838    92    87    90
  839    78    77    80
  840    98    91    94
  841    71    78    81
  842    96    90    93
  843    65    67    70
  844    73    67    70
  845    61    70    73
  846    72    82    85
  847    94    93    96
  848    21    29    32
  849    38    46    49
  850    12    15    18
  851   101    92    95
  852    99    89    92
  853    93    84    87
  854    92    88    91
  855    99    96    99
  856    44    45    48
  857    11     2     5
  858    34    43    46
  859    97    96    99
  860    37    29    32
  861   102    95    98
  862    85    85    88
  863    82    78    81
  864    25    34    36
  865    44    44    46
  866    24    23    25
  867    94    86    88
  868   104    97    99
  869    95    92    94
  870    94    88    90
  871    81    86    88
  872    30    23    25
  873    69    73    75
  874    54    63    65
  875    10     1     3
  876    99    97    99
  877    76    72    74
  878    82    88    90
  879    99    97    99
  880    94    95    97
  881    68    61    63
  882    93    92    94
  883    44    38    40
  884   102    96    98
  885    89    89    91
  886    88    96    98
  887    52    52    54
  888    10     8    10
  889    92    92    94
  890    38    29    31
  891    88    82    84
  892    96    97    99
  893    11     5     6
  894    99    95    96
  895    86    79    80
  896   100    97    98
  897    74    80    81
  898     1     4     5
  899    85    93    94
  900   104    97    98
  901    88    81    82
  902    92    98    99
  903    29    21    22
  904    78    85    86
  905    90    86    87
  906    44    37    38
  907    92    91    92
  908    78    77    78
  909    79    88    89
  910    93    96    97
  911    78    88    89
  912    39    37    38
  913    90    83    84
  914    83    91    92
  915    70    61    62
  916    16    16    17
  917    15    20    21
  918    83    87    88
  919    97    97    98
  920   103    98    99
  921    48    51    52
  922   101    98    99
  923    11    11    12
  924    99    94    95
  925    40    43    44
  926    85    95    96
  927    79    78    79
  928    32    23    24
  929   100    97    98
  930   101    97    98
  931    74    77    78
  932    94    98    98
  933    23    21    21
  934    91    84    84
  935    80    88    88
  936    57    64    64
  937    94    96    96
  938    97    92    92
  939    99    93    93
  940    80    70    70
  941    66    65    65
  942    97    87    87
  943    90    88    88
  944    43    44    44
  945    68    74    74
  946   101    99    99
  947    92   100   100
  948    88    79    79
  949    93    99    99
  950    35    32    32
  951    88    93    93
  952   102   100   100
  953   102    96    96
  954    89    82    82
  955   104    99    99
  956    93   100   100
  957   108    99    99
  958    76    82    82
  959    91    89    89
  960    96    87    87
  961    89    98    98
  962   109    99    99
  963   108    98    98
  964    91    95    95
  965    43    44    44
  966    92    97    97
  967   105   100   100
  968    76    85    85
  969    75    66    66
  970    97    99    99
  971    75    82    82
  972    93    87    87
  973    92   100   100
  974    87    97    97
  975    89    99    99
  976    93    93    93
  977    28    19    19
  978   109   100   100
  979   108    98    98
  980    85    95    95
  981    94    99    99
  982    82    77    77
  983   103    99    99
  984   100    98    98
  985    98    92    92
  986    91    99    99
  987    34    33    33
  988    96    99    99
  989    98    98    98
  990   101    97    97
  991   101    99    99
  992    80    73    73
  993    99   100   100
  994    99   100   100
  995    99    99    99
  996   101    97    97
  997    92    99    99
  998   102    94    94
  999   102    92    92
  100