  500
    0     5     5    99
    1     3     3    96
    2     5     5    95
    3     9     9    94
    4    10    10    94
    5     8     8    91
    6    16    16    99
    7     4     4    86
    8     4     4    85
    9     1     1    79
   10    19    19    97
   11     5     5    82
   12    23    23    99
   13    20    20    96
   14     5     5    79
   15    10    10    84
   16    18    18    90
   17     6     6    78
   18    18    18    89
   19    14    14    85
   20    12    12    83
   21    11    11    81
   22    23    23    91
   23    12    12    77
   24    28    28    93
   25    30    30    93
   26    27    27    90
   27    21    21    83
   28     1     1    62
   29    10    10    71
   30    29    29    89
   31    34    34    93
   32    12    12    71
   33    10    10    68
   34    20    20    77
   35    15    15    72
   36     9     9    65
   37    23    23    79
   38    42    42    98
   39    19    19    74
   40    13    13    68
   41     6     6    61
   42    40    40    95
   43    23    23    78
   44    43    43    97
   45    29    29    82
   46    27    27    79
   47     3     3    55
   48     7     7    59
   49    32    32    83
   50    23    23    74
   51    31    31    82
   52    19    19    69
   53    30    30    80
   54     3     3    52
   55    27    27    76
   56    29    29    78
   57    16    16    65
   58    26    26    75
   59    37    37    86
   60    21    21    70
   61    44    44    92
   62    14    14    62
   63    34    34    82
   64     7     7    55
   65    27    27    74
   66    18    18    64
   67    27    27    73
   68    53    53    99
   69    24    24    70
   70    53    53    99
   71    25    25    71
   72    11    11    57
   73    43    43    89
   74    49    49    94
   75    28    28    73
   76    39    39    84
   77    32    32    76
   78    45    45    89
   79     2     2    46
   80     5     5    48
   81    16    16    59
   82    42    42    85
   83    55    55    97
   84    53    53    95
   85    55    55    97
   86    52    52    94
   87    57    57    99
   88    54    54    96
   89    33    33    74
   90    23    23    64
   91    14    14    55
   92    46    46    87
   93    49    49    90
   94    38    38    79
   95    52    52    93
   96    45    45    85
   97    45    45    84
   98    11    11    50
   99    42    42    81
  100    30    30    69
  101    16    16    55
  102    56    56    95
  103    17    17    56
  104    42    42    80
  105    35    35    73
  106    49    49    87
  107    24    24    61
  108    62    62    99
  109    50    50    87
  110    42    42    79
  111    53    53    90
  112    42    42    79
  113    12    12    49
  114    27    27    63
  115    57    57    93
  116    22    22    58
  117    40    40    76
  118    63    63    99
  119    14    14    50
  120    32    32    67
  121    52    52    87
  122    28    28    63
  123    53    53    88
  124    63    63    98
  125    19    19    53
  126    25    25    59
  127    51    51    85
  128    38    38    72
  129    45    45    78
  130    62    62    94
  131    48    48    80
  132    48    48    80
  133    57    57    89
  134    61    61    93
  135     7     7    38
  136    36    36    67
  137    64    64    95
  138    61    61    92
  139    27    27    58
  140    66    66    97
  141    59    59    90
  142    28    28    59
  143    17    17    47
  144    56    56    86
  145    27    27    57
  146    57    57    87
  147    64    64    93
  148    11    11    40
  149    58    58    87
  150     8     8    37
  151     6     6    35
  152    31    31    60
  153    66    66    95
  154    59    59    88
  155    62    62    90
  156    24    24    52
  157    10    10    38
  158    32    32    60
  159    68    68    96
  160    41    41    68
  161    43    43    70
  162    68    68    95
  163    49    49    76
  164    66    66    93
  165    71    71    98
  166    58    58    85
  167    64    64    91
  168    55    55    81
  169    55    55    81
  170    44    44    70
  171    39    39    65
  172    39    39    65
  173    21    21    47
  174    14    14    40
  175    54    54    80
  176    23    23    49
  177    15    15    41
  178     5     5    30
  179     5     5    30
  180    68    68    93
  181    43    43    67
  182    26    26    50
  183    17    17    41
  184     1     1    25
  185    73    73    97
  186    58    58    82
  187    60    60    84
  188    35    35    59
  189    31    31    55
  190    51    51    74
  191     7     7    30
  192    27    27    50
  193    49    49    72
  194    30    30    53
  195    70    70    93
  196    63    63    86
  197    30    30    53
  198     6     6    29
  199    70    70    93
  200    61    61    84
  201    74    74    97
  202    28    28    51
  203    12    12    35
  204    70    70    92
  205    47    47    69
  206    31    31    53
  207    72    72    94
  208    53    53    75
  209    23    23    44
  210    70    70    91
  211    13    13    34
  212    26    26    47
  213    74    74    95
  214    68    68    89
  215    66    66    87
  216    15    15    36
  217    17    17    38
  218    29    29    50
  219     7     7    27
  220    68    68    88
  221    74    74    94
  222    64    64    84
  223    77    77    97
  224    79    79    99
  225    66    66    86
  226    20    20    40
  227    64    64    83
  228    63    63    82
  229     5     5    24
  230    44    44    63
  231    75    75    94
  232    79    79    98
  233    58    58    77
  234     9     9    27
  235    55    55    73
  236    44    44    62
  237    77    77    95
  238    56    56    74
  239    81    81    99
  240     9     9    27
  241    73    73    91
  242    75    75    93
  243    11    11    29
  244    28    28    45
  245    72    72    89
  246    28    28    45
  247    27    27    44
  248    30    30    47
  249    82    82    99
  250    54    54    71
  251    35    35    52
  252    66    66    82
  253    72    72    88
  254    60    60    76
  255    50    50    66
  256    65    65    81
  257    78    78    94
  258     3     3    18
  259    79    79    94
  260    17    17    32
  261    41    41    56
  262    72    72    87
  263    75    75    90
  264    46    46    61
  265    76    76    91
  266    79    79    94
  267    70    70    84
  268    44    44    58
  269     6     6    20
  270    66    66    80
  271    75    75    89
  272    71    71    85
  273    12    12    26
  274    61    61    75
  275    13    13    27
  276    51    51    65
  277    65    65    78
  278    84    84    97
  279    60    60    73
  280    83    83    96
  281    65    65    78
  282    35    35    48
  283    31    31    44
  284    71    71    84
  285    69    69    82
  286    25    25    38
  287    85    85    98
  288    47    47    60
  289    72    72    85
  290     3     3    16
  291    80    80    93
  292    62    62    74
  293    60    60    72
  294    44    44    56
  295    53    53    65
  296    84    84    96
  297    86    86    98
  298    42    42    54
  299    84    84    96
  300    79    79    91
  301    69    69    80
  302    13    13    24
  303    63    63    74
  304    69    69    80
  305    54    54    65
  306    32    32    43
  307    16    16    27
  308    72    72    83
  309    69    69    80
  310    10    10    20
  311    85    85    95
  312    38    38    48
  313    55    55    65
  314    68    68    78
  315    26    26    36
  316    77    77    87
  317    47    47    57
  318    88    88    98
  319    40    40    50
  320     7     7    17
  321    90    90    99
  322    81    81    90
  323    10    10    19
  324    73    73    82
  325    81    81    90
  326    81    81    90
  327    88    88    97
  328    57    57    66
  329    87    87    96
  330    78    78    87
  331    52    52    61
  332    42    42    51
  333    86    86    94
  334    38    38    46
  335    52    52    60
  336    36    36    44
  337    75    75    83
  338    29    29    37
  339    65    65    73
  340    49    49    57
  341    77    77    85
  342    79    79    87
  343    88    88    96
  344    88    88    96
  345     1     1     8
  346    31    31    38
  347    92    92    99
  348    92    92    99
  349    43    43    50
  350    87    87    94
  351    89    89    96
  352    47    47    54
  353    71    71    78
  354    56    56    63
  355    86    86    93
  356    92    92    99
  357    91    91    98
  358    30    30    37
  359    25    25    32
  360    46    46    53
  361    55    55    62
  362    49    49    55
  363    93    93    99
  364    46    46    52
  365    91    91    97
  366    36    36    42
  367    88    88    94
  368    88    88    94
  369    75    75    81
  370    85    85    91
  371    14    14    20
  372    84    84    90
  373    50    50    56
  374    90    90    96
  375    79    79    85
  376    88    88    93
  377    76    76    81
  378    92    92    97
  379    88    88    93
  380    51    51    56
  381    53    53    58
  382    72    72    77
  383    84    84    89
  384    35    35    40
  385    72    72    77
  386    48    48    53
  387    67    67    72
  388    89    89    94
  389    92    92    97
  390    71    71    75
  391    65    65    69
  392    94    94    98
  393    77    77    81
  394    91    91    95
  395    29    29    33
  396    95    95    99
  397    93    93    97
  398    56    56    60
  399    76    76    80
  400    65    65    69
  401    91    91    95
  402    93    93    96
  403    90    90    93
  404    95    95    98
  405    96    96    99
  406    84    84    87
  407    83    83    86
  408    86    86    89
  409    94    94    97
  410    65    65    68
  411    78    78    81
  412    92    92    95
  413    96    96    99
  414    68    68    71
  415    69    69    71
  416    95    95    97
  417    96    96    98
  418    97    97    99
  419    97    97    99
  420    93    93    95
  421    90    90    92
  422    65    65    67
  423    81    81    83
  424    96    96    98
  425    69    69    71
  426    63    63    65
  427    92    92    94
  428    76    76    78
  429    50    50    52
  430    91    91    93
  431    96    96    98
  432    22    22    24
  433    78    78    80
  434    63    63    65
  435    79    79    81
  436    95    95    97
  437    95    95    97
  438    83    83    84
  439    98    98    99
  440    70    70    71
  441     7     7     8
  442    96    96    97
  443    81    81    82
  444    67    67    68
  445    68    68    69
  446    96    96    97
  447    96    96    97
  448    75    75    76
  449    36    36    37
  450    87    87    88
  451    73    73    74
  452    92    92    93
  453    92    92    93
  454    10    10    11
  455    84    84    85
  456    64    64    65
  457    28    28    29
  458    71    71    72
  459    98    98    99
  460    63    63    64
  461    99    99    99
  462    61    61    61
  463    81    81    81
  464    99    99    99
  465    99    99    99
  466    99    99    99
  467    94    94    94
  468    76    76    76
  469    94    94    94
  470    95    95    95
  471    91    91    91
  472    79    79    79
  473    97    97    97
  474    87    87    87
  475    97    97    97
  476    13    13    13
  477    67    67    67
  478   100   100   100
  479     1     1     1
  480   100   100   100
  481    98    98    98
  482    86    86    86
  483    98    98    98
  484   100   100   100
  485    96    96    96
  486    27    27    27
  487   100   100   100
  488    99    99    99
  489    93    93    93
  490    97    97    97
  491    97    97    97
  492    97    97    97
  493    33    33    33
  494    99    99    99
  495    83    83    83
  496    87    87    87
  497   100   100   100
  498    73    73    73
  499    86    86    86
  100