  100
    0    84     4    91
    1    45     1    81
    2    39    17    91
    3    28    13    86
    4    36    10    83
    5    73     1    71
    6    42     2    68
    7    48    29    90
    8    70    16    76
    9    15    32    91
   10    99    32    89
   11    11     3    59
   12    58     8    61
   13     3    40    91
   14    93    40    88
   15    41    21    67
   16     9    25    70
   17    14     8    53
   18    19    11    56
   19    24    57    98
   20    96    43    83
   21    65    28    67
   22    41    24    63
   23    70     9    46
   24    95    46    82
   25    28    20    56
   26    86    32    66
   27    60    51    84
   28    61    18    51
   29    56     1    32
   30    24    66    97
   31    24    64    94
   32    86    51    80
   33    53    61    89
   34    70    60    88
   35    74    26    53
   36    74    46    72
   37    10    62    87
   38    12    64    89
   39     8    30    55
   40    22    66    90
   41    92    71    94
   42    68    71    94
   43    51    64    87
   44    43    30    53
   45     6    50    71
   46    55    41    62
   47    35    58    77
   48    61    55    74
   49    32    67    86
   50    29    76    94
   51     6    72    90
   52    73    54    71
   53    31    72    89
   54    92    75    91
   55    98    82    98
   56    82    34    50
   57    24    72    87
   58    59    67    81
   59    66    68    82
   60     3    83    94
   61    63    67    78
   62    91    38    49
   63    30    63    74
   64    62    70    81
   65    32    55    66
   66    30    20    30
   67    12    88    98
   68    14    45    55
   69    92    35    45
   70    78    73    83
   71    67    34    43
   72    35    85    94
   73    49    89    98
   74    55    87    95
   75    86     7    15
   76    76    81    88
   77    95    94    99
   78    42    71    76
   79    28    34    39
   80    71    90    95
   81    31    82    86
   82    63    49    53
   83     9    95    99
   84    52    88    91
   85    22    80    83
   86    78     1     4
   87    66    13    15
   88    53    89    91
   89    13    95    97
   90    20    94    95
   91    47     1     2
   92    27    56    57
   93    38    98    99
   94    27    96    96
   95    79    98    98
   96    20    49    49
   97    10    96    96
   98    93    94    94
   99    52    32    32
  100