  500
    0     1     2    97
    1     5     2    94
    2    18     8    98
    3     5     5    93
    4     6     9    97
    5     2     6    92
    6     1     8    91
    7     8    13    96
    8     1     1    83
    9    26    17    97
   10    22    16    95
   11    16    10    89
   12    20    11    89
   13     1     5    83
   14    20    13    89
   15    17    12    88
   16    21    24    99
   17     2     1    76
   18     6    10    85
   19    16    17    92
   20     2     1    75
   21     1     5    78
   22    20    26    99
   23     2     1    73
   24     1     1    73
   25     1     1    72
   26    39    29    99
   27    17    24    94
   28    14    21    90
   29    10     8    77
   30    10     4    72
   31    10    18    86
   32    33    29    97
   33     9    18    85
   34    14    14    81
   35    12    22    89
   36    24    14    80
   37     8     5    71
   38    11    21    86
   39     1     9    74
   40    23    25    90
   41    37    30    95
   42    19    27    92
   43    24    29    92
   44    17    24    86
   45    21    23    85
   46     3     9    71
   47    36    31    93
   48    30    21    82
   49    19    12    73
   50    20    19    80
   51    41    35    95
   52    34    33    93
   53    40    32    91
   54    32    37    96
   55    21    24    83
   56    17    16    75
   57    43    33    91
   58    36    26    84
   59     4     2    60
   60    17    27    85
   61    11    20    77
   62    21    18    75
   63    14     6    63
   64    19    22    79
   65    10     8    64
   66    26    32    88
   67    39    41    97
   68     1    10    65
   69    33    29    83
   70     7     2    56
   71    39    45    99
   72    42    35    89
   73    20    18    71
   74    19    25    78
   75    26    30    83
   76    39    31    83
   77     8     6    58
   78    34    35    87
   79    10    18    68
   80    53    48    98
   81     8    15    65
   82    49    48    98
   83    17    12    62
   84    43    49    98
   85    27    37    86
   86    47    38    86
   87     1     2    50
   88    50    44    92
   89    50    48    95
   90    41    40    87
   91    27    37    84
   92    38    45    92
   93    26    19    65
   94    56    50    96
   95    16    23    69
   96    25    16    62
   97    22    30    75
   98    33    25    70
   99     8     1    45
  100    25    17    61
  101    44    52    96
  102     4    14    58
  103    18     8    52
  104    60    55    98
  105    42    40    83
  106    11     1    44
  107    25    22    65
  108    25    23    66
  109     7    11    54
  110    53    56    99
  111     1     8    51
  112    15     9    52
  113    61    57    99
  114    42    47    89
  115    43    40    82
  116    58    54    96
  117    12    22    64
  118    32    40    82
  119    10    10    52
  120    51    57    98
  121    16    18    59
  122    11    21    62
  123    33    43    83
  124    24    33    73
  125    33    43    83
  126    51    48    88
  127    40    36    75
  128    30    26    65
  129    21    15    54
  130     6    15    54
  131    35    40    78
  132     1     8    46
  133    59    58    95
  134     4     1    38
  135    62    52    89
  136    65    59    96
  137    18    18    55
  138    39    32    68
  139    52    48    84
  140    50    56    92
  141    17     7    43
  142     9     8    44
  143    19    18    53
  144    28    35    70
  145    43    39    74
  146    43    47    82
  147    45    55    89
  148    17    12    46
  149    56    52    86
  150    12     7    41
  151     1     1    35
  152    42    52    85
  153     8     3    36
  154    10     1    34
  155    25    35    68
  156    56    50    83
  157    16    22    54
  158    40    38    70
  159    39    45    77
  160    45    48    80
  161    40    32    64
  162    49    59    91
  163     8     2    33
  164    16    26    57
  165     6     1    32
  166    67    64    95
  167    46    38    69
  168    59    60    91
  169    44    45    75
  170    51    55    85
  171    39    43    73
  172    48    45    75
  173    56    54    83
  174    66    57    86
  175    17    19    48
  176    60    54    83
  177    45    53    82
  178     1     2    31
  179    55    57    86
  180    22    31    59
  181    57    67    95
  182    45    55    83
  183    41    47    75
  184    63    59    87
  185    61    57    85
  186    70    66    94
  187    15    18    46
  188     8     7    34
  189    71    65    92
  190     5    14    41
  191    68    65    92
  192    63    54    81
  193    12    20    47
  194    42    40    67
  195    71    73    99
  196    41    40    66
  197    52    56    82
  198    26    25    51
  199    58    62    88
  200    45    48    74
  201    10    16    42
  202     2    11    37
  203    35    27    52
  204    41    39    64
  205    62    69    94
  206    23    30    55
  207    19    24    49
  208    66    63    88
  209    43    44    69
  210    35    43    68
  211    61    68    92
  212    62    72    96
  213    72    72    96
  214    61    67    91
  215    71    64    88
  216    47    51    75
  217    57    57    81
  218     4     6    30
  219    79    74    98
  220    43    40    63
  221    59    64    87
  222    16    11    34
  223    57    64    87
  224    73    65    87
  225    18    20    42
  226    50    59    81
  227    47    46    68
  228    73    63    85
  229    38    45    67
  230    46    55    77
  231    70    65    87
  232    18    22    43
  233    51    52    73
  234    40    44    65
  235    59    64    85
  236    50    58    79
  237    51    59    79
  238    65    62    82
  239    86    78    98
  240    81    75    95
  241    36    41    61
  242    10    12    32
  243    87    80    99
  244    58    63    82
  245    64    62    81
  246     1     4    23
  247    71    80    99
  248    80    79    98
  249    32    25    44
  250    71    72    90
  251    41    51    69
  252    47    42    60
  253    31    35    53
  254    20    14    32
  255    65    65    83
  256    78    69    87
  257    78    81    99
  258    73    63    81
  259    12    15    32
  260    69    67    84
  261    56    54    71
  262    29    39    56
  263    59    52    69
  264    60    66    83
  265    37    46    62
  266    17    25    41
  267    68    59    74
  268    21    21    36
  269    75    73    88
  270    51    51    66
  271    57    53    68
  272    78    82    97
  273    66    70    85
  274    55    45    60
  275    54    45    60
  276    55    65    80
  277    67    69    84
  278    43    44    59
  279    14    20    35
  280    90    80    95
  281    86    78    92
  282    69    70    84
  283    69    64    78
  284    81    79    93
  285    83    83    97
  286    86    82    96
  287    69    75    89
  288    41    40    54
  289    68    63    77
  290    22    19    32
  291    82    80    93
  292    69    79    92
  293    65    74    87
  294    37    47    60
  295    72    82    95
  296    92    83    96
  297    65    75    88
  298    60    59    72
  299    56    55    68
  300    42    42    54
  301    15    20    32
  302    78    87    99
  303     7     6    18
  304    47    50    62
  305    38    29    41
  306    84    80    92
  307    25    24    36
  308    43    46    58
  309    67    71    82
  310    75    85    96
  311    66    65    76
  312     1     5    16
  313    16    11    22
  314    55    48    59
  315    50    44    55
  316    77    85    96
  317    17     9    20
  318    71    80    91
  319    50    52    62
  320    93    89    99
  321    63    68    78
  322    62    64    74
  323    56    65    75
  324    96    87    97
  325    86    83    93
  326    81    83    93
  327    88    87    97
  328    46    55    65
  329    91    86    96
  330    33    35    45
  331    31    28    38
  332    64    55    65
  333    28    36    46
  334    72    79    89
  335    45    42    52
  336    89    90    99
  337     6     6    15
  338    44    37    46
  339    79    84    93
  340    91    83    92
  341    90    85    94
  342     1     1    10
  343    57    65    74
  344    71    76    85
  345    78    80    89
  346    77    76    85
  347    44    45    54
  348    93    87    96
  349    95    85    94
  350    85    86    94
  351    49    59    67
  352    54    46    54
  353    35    40    48
  354    45    52    60
  355    77    75    83
  356    16    26    34
  357    47    54    62
  358    49    44    52
  359    78    69    77
  360    72    77    85
  361    60    60    67
  362    87    90    97
  363    98    90    97
  364    78    88    95
  365    82    78    85
  366    87    85    92
  367    53    60    67
  368    49    59    66
  369    21    13    20
  370    87    80    87
  371    62    60    67
  372    88    84    91
  373    62    56    63
  374    94    92    98
  375    85    79    85
  376    87    82    88
  377    60    65    71
  378    78    82    88
  379    69    71    77
  380    94    93    99
  381    15     6    12
  382    67    58    64
  383    73    79    85
  384    62    53    59
  385    79    78    84
  386    89    85    91
  387    87    91    97
  388    86    89    95
  389    32    34    39
  390    61    70    75
  391    92    92    97
  392    47    41    46
  393    82    82    87
  394     3     3     8
  395    79    79    84
  396    69    79    84
  397    87    86    91
  398    81    90    95
  399    93    90    95
  400    83    85    90
  401    81    89    94
  402    75    80    85
  403    95    94    98
  404    85    85    89
  405    84    85    89
  406    95    89    93
  407    78    83    87
  408    59    65    69
  409    75    77    81
  410    72    75    79
  411    87    94    98
  412    74    68    72
  413   101    94    98
  414    65    67    71
  415    41    45    49
  416    86    86    90
  417    65    61    65
  418    80    78    82
  419    89    80    83
  420    95    95    98
  421    86    96    99
  422    25    31    34
  423    75    82    85
  424    87    88    91
  425    67    58    61
  426    98    96    99
  427    82    76    79
  428    82    91    94
  429    95    92    95
  430    83    76    79
  431    95    96    99
  432    92    94    97
  433    74    74    77
  434    90    90    92
  435    13     3     5
  436   100    97    99
  437   102    97    99
  438    99    97    99
  439    52    47    49
  440    50    59    61
  441    29    34    36
  442    65    69    71
  443    82    77    79
  444    75    68    70
  445     1     1     3
  446    23    14    16
  447    61    69    71
  448    90    97    99
  449    37    34    36
  450    62    63    65
  451    37    42    44
  452    91    86    88
  453     3    13    15
  454    73    77    79
  455    72    70    71
  456    59    49    50
  457    79    71    72
  458   101    96    97
  459    85    87    88
  460    85    87    88
  461    73    74    75
  462    86    96    97
  463    56    63    64
  464    73    69    70
  465   106    98    99
  466    97    95    96
  467   102    97    98
  468    88    92    93
  469    96    98    99
  470   100    96    97
  471    76    80    80
  472    81    78    78
  473    62    57    57
  474    90    89    89
  475   101    97    97
  476    17    23    23
  477    99    99    99
  478    21    13    13
  479    87    96    96
  480   106    96    96
  481    55    53    53
  482    19    15    15
  483   108   100   100
  484    82    82    82
  485    99   100   100
  486    18    21    21
  487   100    99    99
  488    89    99    99
  489   104   100   100
  490    94    88    88
  491   109    99    99
  492   104    97    97
  493    42    48    48
  494    97   100   100
  495    89    99    99
  496    95    99    99
  497    52    48    48
  498   102    99    99
  499    94   100   100
  100