 1000
    0    13     3    98
    1    14     4    99
    2    14     4    98
    3    14     4    96
    4    15     5    97
    5    13     3    95
    6    19     9    99
    7    16     6    95
    8    13     3    91
    9    18     8    95
   10    17     7    94
   11    18     8    94
   12    23    13    96
   13    18     8    90
   14    20    10    91
   15    13     3    84
   16    12     2    82
   17    22    12    92
   18    15     5    85
   19    20    10    90
   20    24    14    94
   21    24    14    93
   22    11     1    80
   23    28    18    97
   24    22    12    91
   25    13     3    81
   26    18     8    85
   27    28    18    94
   28    16     6    82
   29    29    19    94
   30    24    14    89
   31    30    20    95
   32    25    15    90
   33    16     6    81
   34    18     8    82
   35    14     4    78
   36    35    25    99
   37    19     9    82
   38    15     5    77
   39    17     7    79
   40    24    14    86
   41    25    15    86
   42    34    24    95
   43    25    15    85
   44    35    25    95
   45    20    10    80
   46    14     4    74
   47    13     3    72
   48    22    12    80
   49    26    16    84
   50    28    18    86
   51    32    22    90
   52    40    30    98
   53    22    12    80
   54    19     9    76
   55    18     8    75
   56    41    31    97
   57    22    12    78
   58    38    28    94
   59    20    10    76
   60    18     8    74
   61    42    32    98
   62    20    10    76
   63    23    13    78
   64    31    21    86
   65    15     5    70
   66    27    17    82
   67    41    31    96
   68    34    24    89
   69    16     6    71
   70    45    35    99
   71    16     6    70
   72    23    13    77
   73    21    11    74
   74    16     6    69
   75    16     6    69
   76    13     3    66
   77    28    18    81
   78    24    14    77
   79    16     6    69
   80    34    24    87
   81    25    15    77
   82    11     1    63
   83    40    30    91
   84    32    22    83
   85    37    27    88
   86    32    22    83
   87    27    17    78
   88    43    33    94
   89    32    22    83
   90    31    21    82
   91    26    16    76
   92    21    11    71
   93    34    24    84
   94    30    20    80
   95    16     6    66
   96    47    37    97
   97    25    15    74
   98    38    28    87
   99    15     5    64
  100    31    21    79
  101    24    14    72
  102    50    40    98
  103    38    28    86
  104    40    30    88
  105    22    12    70
  106    36    26    83
  107    49    39    96
  108    52    42    99
  109    30    20    77
  110    29    19    76
  111    40    30    87
  112    19     9    66
  113    45    35    91
  114    46    36    92
  115    30    20    76
  116    47    37    92
  117    38    28    83
  118    52    42    97
  119    44    34    89
  120    39    29    84
  121    30    20    75
  122    51    41    96
  123    44    34    89
  124    21    11    65
  125    14     4    58
  126    14     4    58
  127    31    21    75
  128    29    19    73
  129    23    13    66
  130    50    40    93
  131    44    34    87
  132    29    19    72
  133    57    47    99
  134    43    33    85
  135    39    29    81
  136    46    36    88
  137    51    41    93
  138    57    47    99
  139    38    28    80
  140    11     1    53
  141    26    16    68
  142    53    43    95
  143    56    46    97
  144    40    30    81
  145    33    23    74
  146    46    36    87
  147    50    40    91
  148    58    48    99
  149    28    18    68
  150    56    46    96
  151    55    45    95
  152    18     8    58
  153    30    20    70
  154    58    48    98
  155    27    17    67
  156    42    32    82
  157    24    14    64
  158    46    36    85
  159    57    47    96
  160    30    20    69
  161    56    46    95
  162    52    42    91
  163    21    11    60
  164    28    18    67
  165    26    16    65
  166    58    48    97
  167    32    22    71
  168    34    24    72
  169    19     9    57
  170    57    47    95
  171    37    27    75
  172    36    26    74
  173    61    51    98
  174    53    43    90
  175    26    16    63
  176    52    42    89
  177    44    34    81
  178    61    51    98
  179    61    51    97
  180    59    49    95
  181    54    44    90
  182    26    16    62
  183    46    36    82
  184    13     3    49
  185    36    26    72
  186    28    18    64
  187    50    40    86
  188    24    14    60
  189    34    24    70
  190    23    13    59
  191    57    47    93
  192    30    20    66
  193    19     9    54
  194    63    53    98
  195    52    42    87
  196    61    51    96
  197    47    37    82
  198    14     4    49
  199    46    36    81
  200    24    14    59
  201    13     3    47
  202    58    48    92
  203    31    21    65
  204    59    49    93
  205    55    45    89
  206    43    33    77
  207    37    27    71
  208    19     9    53
  209    25    15    59
  210    12     2    46
  211    57    47    90
  212    58    48    91
  213    34    24    67
  214    16     6    49
  215    12     2    45
  216    63    53    96
  217    40    30    73
  218    45    35    77
  219    64    54    96
  220    48    38    80
  221    59    49    91
  222    30    20    62
  223    53    43    85
  224    58    48    90
  225    22    12    54
  226    40    30    72
  227    15     5    47
  228    16     6    48
  229    37    27    68
  230    50    40    81
  231    23    13    54
  232    36    26    67
  233    65    55    96
  234    32    22    63
  235    51    41    82
  236    65    55    96
  237    17     7    48
  238    34    24    65
  239    25    15    56
  240    44    34    75
  241    62    52    92
  242    51    41    81
  243    67    57    97
  244    29    19    59
  245    63    53    93
  246    32    22    62
  247    59    49    89
  248    42    32    72
  249    45    35    75
  250    28    18    58
  251    65    55    94
  252    52    42    81
  253    25    15    54
  254    57    47    86
  255    68    58    97
  256    13     3    42
  257    30    20    59
  258    67    57    96
  259    40    30    69
  260    22    12    51
  261    70    60    99
  262    21    11    50
  263    65    55    94
  264    28    18    57
  265    32    22    60
  266    30    20    58
  267    28    18    56
  268    65    55    93
  269    68    58    96
  270    67    57    95
  271    58    48    86
  272    52    42    80
  273    41    31    68
  274    68    58    95
  275    31    21    58
  276    69    59    96
  277    33    23    60
  278    29    19    55
  279    68    58    94
  280    60    50    86
  281    46    36    72
  282    51    41    77
  283    72    62    98
  284    37    27    63
  285    51    41    77
  286    42    32    68
  287    71    61    97
  288    45    35    71
  289    73    63    99
  290    65    55    91
  291    50    40    76
  292    56    46    82
  293    24    14    49
  294    26    16    51
  295    22    12    47
  296    65    55    90
  297    34    24    59
  298    37    27    62
  299    51    41    76
  300    47    37    72
  301    42    32    67
  302    74    64    98
  303    63    53    87
  304    60    50    84
  305    44    34    68
  306    25    15    49
  307    24    14    48
  308    68    58    92
  309    65    55    89
  310    47    37    71
  311    41    31    65
  312    27    17    51
  313    38    28    61
  314    45    35    68
  315    75    65    98
  316    42    32    65
  317    12     2    35
  318    67    57    90
  319    63    53    86
  320    68    58    91
  321    38    28    61
  322    61    51    84
  323    74    64    97
  324    55    45    77
  325    74    64    96
  326    19     9    41
  327    40    30    62
  328    44    34    66
  329    69    59    91
  330    50    40    72
  331    53    43    74
  332    60    50    81
  333    75    65    96
  334    77    67    98
  335    44    34    65
  336    63    53    84
  337    63    53    83
  338    37    27    57
  339    40    30    60
  340    74    64    94
  341    23    13    43
  342    70    60    90
  343    68    58    88
  344    66    56    86
  345    26    16    46
  346    26    16    46
  347    32    22    51
  348    30    20    49
  349    77    67    96
  350    65    55    84
  351    25    15    44
  352    74    64    93
  353    79    69    98
  354    49    39    68
  355    52    42    71
  356    27    17    46
  357    79    69    98
  358    56    46    75
  359    29    19    48
  360    48    38    67
  361    53    43    72
  362    78    68    96
  363    73    63    91
  364    46    36    64
  365    60    50    78
  366    25    15    43
  367    31    21    49
  368    43    33    61
  369    51    41    69
  370    81    71    99
  371    16     6    34
  372    37    27    55
  373    73    63    90
  374    33    23    50
  375    63    53    80
  376    52    42    69
  377    28    18    45
  378    31    21    48
  379    56    46    73
  380    50    40    67
  381    78    68    95
  382    71    61    88
  383    53    43    70
  384    12     2    29
  385    80    70    97
  386    75    65    92
  387    67    57    84
  388    28    18    45
  389    29    19    46
  390    50    40    66
  391    73    63    89
  392    71    61    87
  393    73    63    89
  394    63    53    79
  395    51    41    67
  396    73    63    89
  397    72    62    88
  398    81    71    97
  399    53    43    69
  400    83    73    99
  401    52    42    68
  402    12     2    28
  403    29    19    45
  404    68    58    83
  405    47    37    62
  406    73    63    88
  407    84    74    99
  408    59    49    74
  409    64    54    79
  410    28    18    43
  411    31    21    46
  412    23    13    38
  413    43    33    58
  414    67    57    82
  415    44    34    59
  416    58    48    72
  417    58    48    72
  418    66    56    80
  419    69    59    83
  420    85    75    99
  421    84    74    98
  422    68    58    82
  423    63    53    77
  424    61    51    75
  425    66    56    80
  426    71    61    85
  427    85    75    99
  428    41    31    55
  429    64    54    78
  430    54    44    68
  431    15     5    29
  432    21    11    35
  433    80    70    94
  434    79    69    92
  435    71    61    84
  436    38    28    51
  437    76    66    89
  438    72    62    85
  439    39    29    52
  440    50    40    63
  441    45    35    58
  442    71    61    84
  443    33    23    46
  444    45    35    58
  445    14     4    27
  446    74    64    87
  447    42    32    54
  448    45    35    57
  449    40    30    52
  450    81    71    93
  451    65    55    77
  452    70    60    82
  453    52    42    64
  454    84    74    96
  455    50    40    62
  456    75    65    87
  457    31    21    43
  458    16     6    28
  459    75    65    87
  460    76    66    88
  461    81    71    93
  462    61    51    73
  463    61    51    73
  464    24    14    36
  465    71    61    83
  466    40    30    51
  467    63    53    74
  468    35    25    46
  469    71    61    82
  470    14     4    25
  471    86    76    97
  472    36    26    47
  473    33    23    44
  474    75    65    86
  475    72    62    83
  476    78    68    89
  477    79    69    90
  478    84    74    95
  479    11     1    21
  480    69    59    79
  481    49    39    59
  482    89    79    99
  483    69    59    79
  484    52    42    62
  485    61    51    71
  486    27    17    37
  487    75    65    85
  488    83    73    93
  489    88    78    98
  490    85    75    95
  491    29    19    39
  492    52    42    62
  493    47    37    57
  494    54    44    63
  495    84    74    93
  496    70    60    79
  497    83    73    92
  498    80    70    89
  499    87    77    96
  500    59    49    68
  501    15     5    24
  502    80    70    89
  503    56    46    65
  504    61    51    70
  505    90    80    99
  506    70    60    79
  507    71    61    80
  508    66    56    75
  509    71    61    80
  510    32    22    41
  511    67    57    76
  512    90    80    99
  513    84    74    93
  514    19     9    28
  515    77    67    86
  516    72    62    80
  517    19     9    27
  518    30    20    38
  519    45    35    53
  520    85    75    93
  521    71    61    79
  522    67    57    75
  523    38    28    46
  524    73    63    81
  525    26    16    34
  526    34    24    41
  527    33    23    40
  528    30    20    37
  529    92    82    99
  530    54    44    61
  531    84    74    91
  532    71    61    78
  533    36    26    43
  534    29    19    36
  535    68    58    75
  536    92    82    99
  537    91    81    98
  538    83    73    90
  539    24    14    31
  540    70    60    77
  541    91    81    98
  542    62    52    69
  543    80    70    87
  544    66    56    73
  545    92    82    99
  546    15     5    22
  547    92    82    99
  548    68    58    74
  549    50    40    56
  550    85    75    91
  551    69    59    75
  552    90    80    96
  553    86    76    92
  554    44    34    50
  555    61    51    67
  556    22    12    28
  557    79    69    85
  558    61    51    67
  559    60    50    66
  560    81    71    87
  561    43    33    49
  562    15     5    21
  563    88    78    94
  564    19     9    25
  565    76    66    82
  566    60    50    66
  567    63    53    69
  568    85    75    91
  569    35    25    41
  570    20    10    26
  571    70    60    76
  572    47    37    53
  573    69    59    75
  574    66    56    72
  575    67    57    73
  576    33    23    39
  577    12     2    18
  578    50    40    56
  579    73    63    79
  580    43    33    49
  581    51    41    56
  582    33    23    38
  583    93    83    98
  584    62    52    67
  585    64    54    69
  586    32    22    37
  587    60    50    65
  588    82    72    87
  589    80    70    85
  590    85    75    90
  591    94    84    99
  592    79    69    84
  593    62    52    67
  594    89    79    94
  595    83    73    88
  596    31    21    36
  597    73    63    78
  598    60    50    64
  599    91    81    95
  600    16     6    20
  601    93    83    97
  602    30    20    34
  603    81    71    85
  604    88    78    92
  605    68    58    72
  606    18     8    22
  607    87    77    91
  608    58    48    62
  609    87    77    91
  610    87    77    91
  611    76    66    80
  612    96    86    99
  613    23    13    26
  614    37    27    40
  615    53    43    56
  616    58    48    61
  617    85    75    88
  618    92    82    95
  619    51    41    54
  620    27    17    30
  621    29    19    32
  622    65    55    68
  623    44    34    47
  624    96    86    99
  625    90    80    93
  626    39    29    42
  627    94    84    97
  628    75    65    78
  629    15     5    18
  630    55    45    58
  631    65    55    68
  632    74    64    76
  633    75    65    77
  634    27    17    29
  635    21    11    23
  636    89    79    91
  637    52    42    54
  638    39    29    41
  639    44    34    46
  640    53    43    55
  641    71    61    73
  642    43    33    45
  643    72    62    74
  644    86    76    88
  645    40    30    42
  646    11     1    13
  647    95    85    97
  648    92    82    94
  649    94    84    96
  650    44    34    46
  651    52    42    53
  652    43    33    44
  653    89    79    90
  654    56    46    57
  655    32    22    33
  656    80    70    81
  657    92    82    93
  658    97    87    98
  659    93    83    94
  660    59    49    60
  661    18     8    19
  662    96    86    97
  663    56    46    57
  664    91    81    92
  665    83    73    84
  666    84    74    85
  667    66    56    67
  668    25    15    26
  669    94    84    95
  670    34    24    35
  671    31    21    32
  672    57    47    58
  673    32    22    32
  674    93    83    93
  675    96    86    96
  676    91    81    91
  677    82    72    82
  678    96    86    96
  679    91    81    91
  680    63    53    63
  681    89    79    89
  682    98    88    98
  683    24    14    24
  684    65    55    65
  685    83    73    83
  686    60    50    60
  687    84    74    84
  688    61    51    61
  689    24    14    24
  690    56    46    56
  691    88    78    87
  692    88    78    87
  693    98    88    97
  694    71    61    70
  695    91    81    90
  696    95    85    94
  697    96    86    95
  698    86    76    85
  699    45    35    44
  700   100    90    99
  701    98    88    97
  702    99    89    98
  703    37    27    36
  704    96    86    95
  705    60    50    59
  706    95    85    94
  707    89    79    88
  708    37    27    36
  709    71    61    70
  710    64    54    63
  711    49    39    48
  712    46    36    45
  713    98    88    97
  714    89    79    88
  715    97    87    95
  716    78    68    76
  717    94    84    92
  718    65    55    63
  719    43    33    41
  720    96    86    94
  721    97    87    95
  722    99    89    97
  723    85    75    83
  724    38    28    36
  725    82    72    80
  726    67    57    65
  727    21    11    19
  728    78    68    76
  729    38    28    36
  730    40    30    38
  731    77    67    75
  732    97    87    95
  733    89    79    87
  734    40    30    38
  735   100    90    98
  736   101    91    99
  737    92    82    90
  738    34    24    32
  739    98    88    96
  740    91    81    89
  741    69    59    67
  742    46    36    43
  743    28    18    25
  744    95    85    92
  745    60    50    57
  746    73    63    70
  747    37    27    34
  748    31    21    28
  749    77    67    74
  750    60    50    57
  751    64    54    61
  752    79    69    76
  753    29    19    26
  754    59    49    56
  755    54    44    51
  756    97    87    94
  757    12     2     9
  758    93    83    90
  759    83    73    80
  760    48    38    45
  761    94    84    91
  762    63    53    60
  763    85    75    82
  764    86    76    83
  765    97    87    93
  766    46    36    42
  767    98    88    94
  768    99    89    95
  769    69    59    65
  770    91    81    87
  771   100    90    96
  772    88    78    84
  773    35    25    31
  774    20    10    16
  775    99    89    95
  776    90    80    86
  777    97    87    93
  778    44    34    40
  779   100    90    96
  780    73    63    69
  781   102    92    98
  782   102    92    98
  783   103    93    99
  784   103    93    99
  785    98    88    94
  786    71    61    67
  787    97    87    92
  788    93    83    88
  789    21    11    16
  790   102    92    97
  791    80    70    75
  792    75    65    70
  793    86    76    81
  794    91    81    86
  795    91    81    86
  796    81    71    76
  797   102    92    97
  798    50    40    45
  799    63    53    58
  800    85    75    80
  801    70    60    65
  802   102    92    97
  803    96    86    91
  804    60    50    55
  805    79    69    74
  806    50    40    45
  807    38    28    33
  808    66    56    61
  809    81    71    76
  810    98    88    93
  811    97    87    92
  812    71    61    66
  813    16     6    11
  814    60    50    55
  815    55    45    50
  816    95    85    89
  817    92    82    86
  818    84    74    78
  819   104    94    98
  820   105    95    99
  821    84    74    78
  822    99    89    93
  823    16     6    10
  824    14     4     8
  825    77    67    71
  826   103    93    97
  827    28    18    22
  828   102    92    96
  829    99    89    93
  830    99    89    93
  831    22    12    16
  832    91    81    85
  833    32    22    26
  834    23    13    17
  835    50    40    44
  836   102    92    96
  837    99    89    93
  838    93    83    87
  839    97    87    91
  840   105    95    99
  841   102    92    96
  842   101    91    94
  843    94    84    87
  844   106    96    99
  845   105    95    98
  846    98    88    91
  847    30    20    23
  848    90    80    83
  849   101    91    94
  850    62    52    55
  851    88    78    81
  852    26    16    19
  853   106    96    99
  854    31    21    24
  855   105    95    98
  856    93    83    86
  857    79    69    72
  858    55    45    48
  859    23    13    16
  860   104    94    97
  861   103    93    96
  862    76    66    69
  863    15     5     8
  864    72    62    65
  865    74    64    67
  866   104    94    97
  867    84    74    77
  868   100    90    93
  869    93    83    86
  870    12     2     5
  871    83    73    76
  872   105    95    97
  873   107    97    99
  874    89    79    81
  875   105    95    97
  876    56    46    48
  877    98    88    90
  878    89    79    81
  879    77    67    69
  880   100    90    92
  881    65    55    57
  882    87    77    79
  883    91    81    83
  884    14     4     6
  885    99    89    91
  886   104    94    96
  887    93    83    85
  888   105    95    97
  889   107    97    99
  890    53    43    45
  891    83    73    75
  892    97    87    89
  893   100    90    92
  894    66    56    58
  895    95    85    87
  896   107    97    99
  897    93    83    85
  898   106    96    98
  899    89    79    81
  900    78    68    70
  901    52    42    44
  902    78    68    70
  903    43    33    35
  904    93    83    85
  905   105    95    97
  906   107    97    99
  907    83    73    75
  908    69    59    61
  909   106    96    98
  910   102    92    94
  911   100    90    91
  912   106    96    97
  913   107    97    98
  914    36    26    27
  915    30    20    21
  916   104    94    95
  917   107    97    98
  918   108    98    99
  919   104    94    95
  920   101    91    92
  921    91    81    82
  922   105    95    96
  923   108    98    99
  924   100    90    91
  925   106    96    97
  926    99    89    90
  927   105    95    96
  928   101    91    92
  929    14     4     5
  930   103    93    94
  931   108    98    99
  932    99    89    90
  933   104    94    95
  934    50    40    41
  935   107    97    98
  936    75    65    66
  937    57    47    48
  938    77    67    68
  939   107    97    98
  940   107    97    98
  941    29    19    20
  942    64    54    55
  943   108    98    99
  944    83    73    74
  945    47    37    38
  946   108    98    99
  947    94    84    85
  948   105    95    95
  949    43    33    33
  950   109    99    99
  951    94    84    84
  952    75    65    65
  953   110   100   100
  954    93    83    83
  955   109    99    99
  956    59    49    49
  957    50    40    40
  958    58    48    48
  959   110   100   100
  960    67    57    57
  961    92    82    82
  962    79    69    69
  963   103    93    93
  964   109    99    99
  965   110   100   100
  966   109    99    99
  967    72    62    62
  968   109    99    99
  969   109    99    99
  970   109    99    99
  971   110   100   100
  972   109    99    99
  973    21    11    11
  974   109    99    99
  975   107    97    97
  976   109    99    99
  977    70    60    60
  978    87    77    77
  979   109    99    99
  980    26    16    16
  981    87    77    77
  982    84    74    74
  983   100    90    90
  984   109    99    99
  985   110   100   100
  986    64    54    54
  987   108    98    98
  988   101    91    91
  989   107    97    97
  990   106    96    96
  991   107    97    97
  992   108    98    98
  993   108    98    98
  994   109    99    99
  995   109    99    99
  996    27    17    17
  997   109    99    99
  998    53    43    43
  999    81    71    71
  100