Solution value 25213
    1174      789       11      389 *      400 
    1177      873       26      388 
    1197      863       30      385 
    1230      740       27      377 
    1345      426       13      355 
    1358      136        1      353 
    1366      993       34      350 
    1377      457       13      347 
    1432      964       33      337 
    1448      381        5      334 
    1488      671       18      327 
    1604      931       31      309 
    1606      963       22      308 
    1644      829       26      302 
    1658      517       17      299 
    1696      315        3      294 
    1740      947        2      288 
    1763      833       14      284 
    1864      461        4      268 
    1903      669        1      262 
    2000      112        2      247 
    2086      334        5      233 
    2144      966       27      225 
    2234      807       25      214 
    2244      746       15      213 
    2506      908       35      180 
    2536      580       20      177 
    2592      690        8      170 
    2668      983        8      161 
    2983      703       19      130 
    3401      872       32       90 
    3437      548       16       88 
    3454      280        5       86 
    3963       77        3       49 
    4008      581        1       46 
    4077      651       20       41 
    4241      712       15       32 
    4470      905       23       19 
