Solution value 2222
    4126      141       41       40 *       81 
    4241      147       47       33 *       80 
    4314      128       28       29 *       57 
    4337      107        7       28 *       35 
    4356      123       23       27 *       50 
    4404      119       19       25 *       44 
    4432      182       82       24 *      106 
    4468      158       58       22 *       80 
    4470      149       49       22 *       71 
    4471      183       83       22 *      105 
    4480      147       47       21 
    4606      140       40       15 
    4639      139       39       13 
    4802      181       81        6 
    4938      178       78        1 
