Solution value 9948
    3447      909       26       92 *      118 
    3643      700       19       74 *       93 
    3644      880       44       74 *      118 
    3944      907       69       51 *      120 
    4114      974        1       40 *       41 
    4399      848       30       22 *       52 
    4416      909       65       21 *       86 
    4508      435       22       16 *       38 
    4514      829       48       16 *       64 
    4672      639       53        9 *       62 
    4675      847       77        9 *       86 
    4682      583       49        9 *       58 
    4928      488       61        1 *       62 
