Solution value 1513
    4278       61        1       31 *       32 
    4298      241      143       30 *      173 
    4428       61       22       24 *       46 
    4494       50        2       20 *       22 
    4498      105       52       20 *       72 
    4504      175       96       20 *      116 
    4529      129       52       18 *       70 
    4575      163       80       16 *       96 
    4703      361      261        9 *      270 
    4752       71       34        7 *       41 
    4793       96       55        6 *       61 
