Solution value 14353
     902      356       34     2299 *     2333 
     925      267       33     2277 
     931      233       14     2270 
     956      428      113     2221 
     988      466       67     2175 
    1114      355       23     2015 
    1136      434       18     1985 
    1152      699      209     1962 
    1325      404       62     1781 
    1434      499      137     1682 
    1437      231       33     1681 
    1459      475       24     1661 
    1580      422       74     1559 
    1613      449       91     1529 
    1729      315       50     1433 
    1733      388        8     1431 
    1818      343       49     1364 
    1987      436      112     1227 
    2044      425       73     1188 
    2117      282        7     1146 
    2663      633      171      817 
    2837      133       36      732 
    3004      586      108      651 
    3059      655      176      623 
    3179       99       22      557 
    3188      558      162      554 
    3395      567       93      462 
    3689      715      228      353 
    3703      616      140      347 
    3934      569       93      270 
    3994      104       16      241 
    4065      236       14      219 
    4238      450       83      160 
    4778      525      127       36 
