Solution value 167
    3865        9        2        5 *        7 
    4060       15        7        4 *       11 
    4371       10        4        2 *        6 
    4414       16        8        2 *       10 
    4487       16        7        2 *        9 
    4506       11        3        1 *        4 
    4602       13        5        1 *        6 
    4717       28       19        1 *       20 
    4724        5        2        0 
    4871       26       16        0 *       16 
    4909       18        9        0 *        9 
