Solution value 28340
     606      538       38     2660 *     2698 
     616      550       50     2637 
     622      561       61     2629 
     644      510       10     2581 
     670      529       29     2547 
     736      526       26     2463 
     816      528       28     2339 
     838      545       45     2315 
     844      541       41     2308 
     908      559       59     2232 
     923      511       11     2216 
     933      561       61     2205 
     976      557       57     2147 
    1004      520       20     2125 
    1114      514       14     2012 
    1122      509        9     2001 
    1190      507        7     1915 
    1378      563       63     1730 
    1677      512       12     1456 
    1744      580       80     1411 
    1938      555       55     1289 
    1966      565       65     1267 
    1988      516       16     1253 
    2099      548       48     1182 
    2114      534       34     1167 
    2168      561       61     1132 
    2299      511       11     1054 
    2333      538       38     1034 
    2337      524       24     1033 
    2411      566       66      982 
    2536      512       12      912 
    2539      580       80      910 
    2625      558       58      867 
    2696      505        5      829 
    2723      518       18      808 
    2792      550       50      772 
    2867      589       89      726 
    3064      542       42      621 
    3213      574       74      552 
    3250      520       20      534 
    3324      575       75      507 
    3326      588       88      507 
    3358      586       86      490 
    3440      508        8      459 
    3447      581       81      456 
    3689      571       71      355 
    3856      573       73      298 
    3945      571       71      270 
    4128      558       58      212 
    4179      553       53      191 
    4299      527       27      152 
    4382      562       62      128 
