Solution value 2656
    1180       81        2       38 
    1206       77        2       38 
    1212       96        3       38 *       41 
    1267       62        1       36 
    1274       96        1       36 
    1276       83        2       36 
    1365       91        2       34 
    1372       95        1       34 
    1405       71        1       33 
    1464       81        3       33 
    1481       94        2       32 
    1484       98        2       32 
    1567       66        2       31 
    1699       97        2       29 
    1722       72        2       28 
    1730       84        3       28 
    1838       96        1       27 
    2002       32        1       24 
    2090       82        1       23 
    2105       65        1       23 
    2397       92        2       19 
    2477       74        2       18 
    2504       65        2       18 
    2547       76        2       17 
    2555       90        1       17 
    2691       74        2       16 
    3250       81        3       10 
    3410       52        1        9 
    3644       72        1        7 
    3732       45        1        6 
    4473       52        2        1 
    4535       90        2        1 
    4544       91        3        1 
    4757       83        3        0 
