Solution value 163385
     580     1948        9     2751 *     2760 
     607     3219       66     2692 
     612     3054       50     2681 
     620     4958       25     2670 
     648     2279       44     2616 
     650     2354        2     2612 
     692     4716        6     2545 
     706     1459       23     2525 
     714     4616       67     2511 
     812     1695       23     2382 
     824     3238       64     2370 
     829     4249      125     2360 
     849     3097       44     2332 
     924     4118       20     2258 
     955     3887       69     2229 
    1040     2431       71     2130 
    1053     1716       45     2120 
    1064     2417       11     2109 
    1153     2823        3     2038 
    1226     4261       11     1960 
    1279     3871       72     1911 
    1304     3579       87     1890 
    1307     1208       27     1885 
    1373     4756      129     1814 
    1670     3125       82     1553 
    1729     4066        4     1497 
    1854     3167       95     1395 
    1926     4640       37     1349 
    1980     4197       11     1303 
    2047     4244       53     1244 
    2131     1111       22     1187 
    2203     4457       39     1135 
    2209     3504       23     1130 
    2227     2523       69     1116 
    2239     2846       59     1113 
    2308     4516       36     1065 
    2385     1489       33     1029 
    2508     4645       71      938 
    2645      859       20      849 
    2700     4221        6      819 
    2728     3464        9      799 
    2948      995       36      683 
    3103     3172       86      615 
    3360     1538       10      495 
    3612     3052       70      391 
    3937     3771       93      277 
    3977     4759       46      260 
    4075     3140       68      228 
    4539     1870       10       91 
    4560     4793       40       86 
    4691     3272       28       54 
