Solution value 2466
    1556       90        3       32 *       35 
    1584       91        3       31 
    1719       77        2       29 
    1820       88        1       28 
    1907       58        2       26 
    1928       77        2       26 
    2019       87        4       24 
    2036       23        1       24 
    2055       57        2       24 
    2181       40        2       22 
    2195       79        3       22 
    2336       62        1       20 
    2585       84        3       17 
    2668      100        3       16 
    2784       24        1       15 
    2792       53        2       15 
    2808       80        2       15 
    2938       95        1       13 
    3012       99        2       13 
    3106       79        2       12 
    3157       61        2       11 
    3175       87        4       11 
    3414       94        1        9 
    3591       27        1        8 
    3647       98        1        7 
    3738       36        1        6 
    4065       78        1        4 
    4070       88        3        4 
    4310       73        1        3 
    4317       51        2        2 
    4323       98        4        2 
    4338       93        3        2 
    4438       66        1        2 
    4650       73        1        1 
