Solution value 1357
     150       77        2       49 *       51 
     162       95        4       47 
     164       75        2       46 
     171       63        5       45 
     183       54        3       44 
     246       66        1       37 
     254       52        2       36 
     265       84        7       35 
     276       97        3       35 
     282       59        1       34 
     428       98        1       23 
     565       86        2       14 
     591       91        7       13 
     725       76        1        8 
     731       88        3        7 
     732       83        1        7 
     789       31        2        5 
     856       82        4        2 
