Solution value 228
     147       12        2       32 *       34 
     151       18        8       31 
     153       11        1       30 
     168       11        1       28 
     170       12        2       28 
     172       16        6       28 
     207       16        6       23 
     214       24       14       22 
     220       13        3       21 
     230       11        1       20 
     262       18        8       16 
     268       15        5       15 
     293       12        2       12 
     314       15        5       10 
     346       12        2        8 
     433       12        2        2 
