Solution value 936
    3717       70        3        6 *        9 
    3741       64        4        6 *       10 
    3824       62        1        6 *        7 
    3833       92        4        6 *       10 
    4015       90        5        4 *        9 
    4062       72        5        4 *        9 
    4487       83        9        1 *       10 
    4564       80        7        1 *        8 
    4654       88        3        1 *        4 
    4770       86       10        0 *       10 
    4908       64        7        0 *        7 
    4978       85        7        0 *        7 
