Solution value 1140
     195       51        1       43 *       44 
     212       73        2       41 
     247       63        5       37 
     261       84        4       36 
     289       84        3       32 
     404       73        6       24 
     426       69        5       23 
     488       18        1       18 
     512       80        3       17 
     578       40        2       13 
     671       73        1        9 
     690       70        3        8 
     727       57        5        7 
     781       51        1        5 
     897       91        4        2 
     924       77        5        1 
     941       86        6        1 
