Solution value 1144
     144       69        2       52 *       54 
     148       66        2       51 
     182       26        2       47 
     211       46        4       44 
     222       78        1       42 
     241       50        2       41 
     273       71        3       38 
     277       74        5       38 
     293       75        5       36 
     302       51        2       34 
     355       68        1       30 
     365       94        4       29 
     389       62        4       27 
     420       40        1       25 
     421       96        2       25 
     715       28        1        8 
     779       88        6        5 
     921       62        1        1 
