Solution value 321
     321       13        3       29 
     325       13        3       29 *       32 
     336       11        1       28 
     339       12        2       28 
     347       12        2       28 
     350       15        5       28 
     419       15        5       23 
     440       13        3       21 
     455       12        2       21 
     463       12        2       20 
     536       11        1       15 
     564       13        3       14 
     566       13        3       14 
     604       13        3       12 
     633       15        5       11 
     658       11        1        9 
     703       12        2        8 
     739       12        2        6 
     762       11        1        6 
     794       12        2        5 
     815       15        5        4 
     856       11        1        3 
     927       16        6        1 
     958       15        5        0 
     961       13        3        0 
