Solution value 240
     113       11        1       40 *       41 
     132       13        3       36 
     140       16        6       34 
     143       12        2       34 
     149       12        2       33 
     158       13        3       31 
     171       12        2       29 
     194       17        7       27 
     213       14        4       24 
     274       11        1       14 
     279       15        5       13 
     300       11        1       10 
     301       13        3       10 
     322       13        3        9 
     388       16        6        4 
     450       12        2        1 
     469       15        5        0 
     483       14        4        0 
