Solution value 53673
    3246     4801        1      525 *      526 
    3413     3863       31      449 *      480 
    3416     4699      124      449 *      573 
    3442     4333       34      442 *      476 
    3489     3283       65      426 *      491 
    3842     4852      165      289 *      454 
    4210     3740      260      178 *      438 
    4283     4098       66      159 *      225 
    4373      908       26      135 *      161 
    4413     4898       16      124 *      140 
    4449     3378      240      115 
    4559     2835      258       85 
    4572      818      107       83 
    4721     2791      233       49 
    4842     4376      186       25 
