Solution value 12503
    3489      971       54       85 *      139 
    3925      604        7       55 *       62 
    3946      955       51       54 *      105 
    4231      960       18       36 *       54 
    4255      415       19       35 *       54 
    4276      862        7       33 *       40 
    4328      426       11       30 *       41 
    4396      614        6       26 *       32 
    4623      799        2       14 *       16 
    4666      571       60       12 *       72 
    4711      215       23       10 
    4774      955        3        7 
    4778      953      121        7 
    4828      864       56        5 
    4846      712       53        4 
    4862      678       30        3 
    4913      949       91        2 
