Solution value 1237
    3414       94        1        9 *       10 
    3639      100        8        7 *       15 
    3647       98        1        7 *        8 
    4065       78        1        4 *        5 
    4070       88        3        4 *        7 
    4127       95        5        4 *        9 
    4310       73        1        3 *        4 
    4317       51        2        2 *        4 
    4323       98        4        2 *        6 
    4338       93        3        2 *        5 
    4438       66        1        2 *        3 
    4447       78        5        2 *        7 
    4650       73        1        1 *        2 
    4726       63        7        0 *        7 
    4881       89        8        0 *        8 
