Solution value 10507
    3308      815       15      103 *      118 
    3835      604        7       61 *       68 
    4035      752       18       47 *       65 
    4126      776       35       41 *       76 
    4385      995       72       26 *       98 
    4506      969       83       20 *      103 
    4525      986      114       19 *      133 
    4533      614       36       18 *       54 
    4559      581       65       17 *       82 
    4697      449       10       10 *       20 
    4804      790       36        6 *       42 
    4814      964       14        6 *       20 
    4821      738       62        5 *       67 
    4872      474       50        3 *       53 
