Solution value 254
    1272       10        3       37 
    1300       13        4       37 *       41 
    1329       13        4       36 
    1386       10        2       35 
    1414        8        2       35 
    1491       11        3       33 
    1616       10        2       31 
    1637        6        1       30 
    1699       11        1       29 
    2067       11        2       23 
    2132       12        4       22 
    2148       12        2       22 
    2311       10        3       20 
    2398        3        1       19 
    2521        6        2       17 
    2583        7        1       16 
    2830       13        4       14 
    2914        7        1       13 
    3096        9        3       11 
    3245        7        2       10 
    3364       10        3        9 
    3420       11        2        9 
    3695       14        4        7 
    4331       13        3        2 
    4542        4        1        1 
    4657       13        3        1 
