Solution value 11453
    2244      450       90     1095 *     1185 
    2323      732      304     1048 
    2356      275       61     1028 
    2364      777      319     1025 
    2652        1        8      850 
    2794      776      297      773 
    2899      305      121      719 
    3022      797      313      652 
    3057      117       64      632 
    3063      592      107      631 
    3104      318       80      614 
    3173      746      323      575 
    3247      713      213      545 
    3370      613      174      488 
    3406      333      138      470 
    3436      649      240      454 
    3579      394       10      405 
    3745      715      239      340 
    3748      199       70      339 
    3763      426       80      333 
    4110      363      151      206 
    4214      651      295      175 
    4762      511      207       41 
