Solution value 1217
    3643       95        2        7 *        9 
    3702       72        2        7 *        9 
    4086       88        4        4 *        8 
    4164       95        7        4 *       11 
    4222       55        3        3 *        6 
    4247       55        2        3 *        5 
    4279       49        1        3 *        4 
    4287       94        5        3 *        8 
    4319       76        1        3 *        4 
    4376       98        4        2 
    4397       11        2        2 
    4469       53        1        2 *        3 
    4575       48        3        1 
    4609       91        7        1 
    4765       99        8        0 
    4876       77        7        0 
    4913       61        2        0 
