Solution value 538
    1516       12        2       32 
    1531       11        1       32 
    1557       11        1       32 *       33 
    1682       11        1       30 
    1714       12        2       29 
    1817       12        2       27 
    1912       11        1       26 
    1971       12        2       25 
    2031       12        2       24 
    2032       11        1       24 
    2047       11        1       24 
    2226       11        1       22 
    2274       12        2       21 
    2371       11        1       20 
    2452       11        1       19 
    2578       12        2       17 
    2594       11        1       17 
    2608       11        1       17 
    2617       12        2       17 
    2804       12        2       15 
    2845       11        1       14 
    2861       11        1       14 
    2884       12        2       14 
    2896       11        1       14 
    2924       11        1       13 
    3070       12        2       12 
    3119       11        1       12 
    3126       12        2       12 
    3282       12        2       10 
    3476       12        2        9 
    3499       11        1        8 
    3561       11        1        8 
    3595       12        2        8 
    3602       11        1        8 
    3726       11        1        7 
    3829       12        2        6 
    3986       11        1        5 
    4096       12        2        4 
    4347       11        1        3 
    4424       12        2        2 
    4458       12        2        2 
    4608       12        2        1 
    4676       12        2        1 
    4680       11        1        1 
    4812       11        1        0 
    4901       11        1        0 
    4947       11        1        0 
