Solution value 174
    4038       12        3        4 *        7 
    4257       19        9        3 *       12 
    4334       14        5        2 *        7 
    4539       19       11        1 *       12 
    4550       17        8        1 *        9 
    4619       10        3        1 *        4 
    4674       10        3        0 *        3 
    4725       30       20        0 *       20 
    4767       23       14        0 *       14 
    4856        8        7        0 *        7 
    4912       12        5        0 *        5 
