Solution value 9764
    3467      815       10       92 *      102 
    3541      965       43       85 *      128 
    3895      927       66       57 *      123 
    4033      665       36       48 *       84 
    4052      901        7       47 *       54 
    4095      980       22       44 *       66 
    4170      795       65       39 *      104 
    4246      744       64       33 *       97 
    4300      659       51       31 *       82 
    4362      741       35       28 *       63 
    4384      611        9       26 *       35 
    4958      961       58        1 *       59 
