Solution value 7719
    3882      586      117      291 *      408 
    4230     1158      678      176 *      854 
    4543      491       96       92 *      188 
    4622      185       70       70 *      140 
    4716     1397      940       49 *      989 
    4761      432      271       40 *      311 
    4803     1349      924       31 *      955 
    4832      463      162       24 *      186 
    4843      480       74       22 *       96 
    4942     1178      827        6 *      833 
