Solution value 1583
    3937       82        8       55 *       63 
    4456      124       24       23 *       47 
    4482      165       98       21 *      119 
    4569      216      126       16 *      142 
    4621      211      155       14 *      169 
    4736      246      184        8 *      192 
    4832      189       92        5 *       97 
    4884       96       42        3 *       45 
    4885       69       48        3 *       51 
    4945       99       63        1 *       64 
    4963       86        8        0 *        8 
