Solution value 11679
    4059      606      106      225 *      331 
    4142      532       32      202 *      234 
    4347      609      109      143 *      252 
    4381      783      283      135 *      418 
    4482      573       73      110 *      183 
    4503      656      156      103 *      259 
    4522      598       98       95 *      193 
    4649      631      131       65 *      196 
    4653      770      270       63 *      333 
    4697      812      312       53 *      365 
    4728      908      408       48 *      456 
    4777      715      215       35 *      250 
    4877      781      281       18 *      299 
    4891      937      437       15 *      452 
    4941      764      264        8 *      272 
    4987     1004      504        1 *      505 
