Solution value 263
     188       15        5       27 *       32 
     195       14        4       25 
     198       14        4       25 
     207       17        7       24 
     210       13        3       24 
     224       11        1       22 
     251       15        5       19 
     262       15        5       17 
     293       13        3       14 
     318       12        2       12 
     339       14        4       11 
     372       18        8        8 
     376       11        1        7 
     380       12        2        7 
     381       13        3        7 
     391       14        4        6 
     396       15        5        6 
     416       11        1        4 
     467       16        6        1 
