Solution value 237
     152       11        1       33 *       34 
     158       11        1       31 
     164       12        2       31 
     182       11        1       28 
     188       11        1       27 
     192       14        4       27 
     216       16        6       24 
     221       16        6       24 
     281       16        6       15 
     304       12        2       12 
     321       11        1       10 
     324       13        3       10 
     387       14        4        5 
     391       15        5        4 
     409       17        7        3 
     452       19        9        1 
     473       18        8        0 
