Solution value 2259
    1671       76       23      298 *      321 
    1679       53        5      297 
    1740      127       54      288 
    1761       93       21      284 
    1788        1        1      280 
    1838      104       37      272 
    1919      119       44      258 
    1924       65       15      257 
    1966      145       59      249 
    2007       83       20      243 
    2178      147       55      220 
    2512       91       18      180 
    2547       62       16      176 
    2685      128       38      162 
    2810       19        8      149 
    2942       18        4      137 
    3048      136       56      127 
    3320       87       10      102 
    3463      154       62       89 
    4214       94       10       36 
    4332      127       42       30 
    4385      106       43       26 
    4484       91        7       21 
    4631      133       54       14 
