Solution value 151
     134        9        7       33 
     136       11        4       33 *       37 
     140        2        2       32 
     147        7        1       30 
     149       14        8       30 
     159        1        1       28 
     167       10        1       26 
     217       18       10       20 
     219       13        8       19 
     225        9        1       18 
     258        9        1       15 
     350       23       13        7 
     440        9        3        2 
     446        9        3        1 
     471        7        4        0 
