Solution value 7369
    4014     1436      948      246 *     1194 
    4047      598      217      235 *      452 
    4091      511      130      222 *      352 
    4181      592      106      200 *      306 
    4329      280       38      145 *      183 
    4409      333       66      123 *      189 
    4516     1006      666       92 *      758 
    4681      590      289       55 *      344 
    4875      344      262       15 *      277 
    4901      408       94       10 *      104 
    4970     1271      841        3 
