Solution value 5270
     654      101        1      530 *      531 
     660      103        3      529 
     663      102        2      527 
     670      102        2      525 
     750      109        9      500 
     759      101        1      497 
     785      110       10      488 
     796      115       15      485 
     851      106        6      470 
     885      114       14      460 
     920      119       19      451 
     930      117       17      447 
     994      113       13      433 
    1002      116       16      430 
    1039      115       15      421 
    1103      120       20      407 
    1147      109        9      396 
    1188      102        2      389 
    1312      106        6      365 
    1321      101        1      364 
    1419      122       22      345 
    1470      103        3      337 
    1487      122       22      334 
    1683      112       12      298 
    1977      111       11      252 
    2023      107        7      245 
    2050      101        1      242 
    2054      112       12      241 
    2400      107        7      197 
    2485      103        3      188 
    2496      104        4      187 
    2510      101        1      185 
    2576      115       15      178 
    2620      101        1      172 
    2656      122       22      168 
    2705      120       20      162 
    2940      112       12      137 
    3019      122       22      129 
    3255      103        3      108 
    3256      128       28      107 
    3391      108        8       96 
    3442      106        6       92 
    3537      104        4       84 
    3571      108        8       82 
    3617      114       14       78 
    3867      109        9       59 
    4135      109        9       41 
    4291      103        3       31 
