Solution value 52385
    3720     3867       45      347 *      392 
    3812     3003       77      317 *      394 
    3855     4875      309      301 *      610 
    3936     3631      171      275 *      446 
    4076     4470      147      228 *      375 
    4164     4345      249      201 *      450 
    4200     4605      254      190 *      444 
    4250     3345      292      173 *      465 
    4307     1829       51      158 *      209 
    4604     3229      269       78 *      347 
    4767     1383       73       41 *      114 
    4776     3025       86       39 *      125 
    4794     3771      343       34 *      377 
    4809     4122       85       31 *      116 
    4861     2885      115       20 *      135 
