Solution value 13131
    3778      528       28      330 *      358 
    3902      613      113      287 *      400 
    3921      525       25      277 *      302 
    3935      688      188      275 *      463 
    4026      627      127      242 *      369 
    4095      698      198      219 *      417 
    4133      529       29      206 *      235 
    4174      502        2      193 *      195 
    4220      529       29      182 *      211 
    4307      768      268      155 *      423 
    4321      611      111      152 
    4337      574       74      147 
    4401      656      156      130 
    4474      677      177      110 
    4487      517       17      107 
    4552      535       35       87 
    4588      540       40       81 
    4591      701      201       80 
    4592      783      283       80 
    4858      736      236       20 
    4861      794      294       20 
