Solution value 274
    1948       11        2       25 *       27 
    2107        9        2       23 
    2163       12        3       22 
    2171       16        6       22 
    2245        6        1       21 
    2322       11        2       20 
    2331       12        3       20 
    2418        6        1       19 
    2445       15        5       19 
    2517        8        3       18 
    2527       11        1       17 
    2582        8        3       17 
    2640        9        1       16 
    2750        7        1       15 
    2873       16        6       14 
    3228       13        3       11 
    3487        9        3        8 
    3554       13        3        8 
    3688       15        5        7 
    3760       14        5        6 
    3812       14        5        6 
    3865        9        2        5 
    4182        5        1        3 
    4326        4        1        2 
    4371       10        4        2 
    4506       11        3        1 
