Solution value 8892
    3746      679      220      335 *      555 
    3934      569       93      270 *      363 
    4238      450       83      160 *      243 
    4539     1092      673       87 *      760 
    4715      259      114       51 *      165 
    4719      627      203       50 *      253 
    4770      881      525       38 *      563 
    4778      525      127       36 *      163 
    4800      903      416       33 *      449 
    4810      542      202       32 *      234 
    4819      649      289       30 
    4826      908      589       28 
    4885      808      364       17 
