Solution value 156
      99        8        1       44 
     103       18        8       44 *       52 
     106       11        1       43 
     134        4        1       37 
     141       17        7       36 
     153        8        3       33 
     154       10        1       33 
     163        8        2       31 
     165        6        1       31 
     317       17        9       11 
     381       15        6        6 
     435       13        3        2 
     478       21       13        0 
