Solution value 138987
    1199     3736        7     1987 
    1200     4872        1     1987 *     1988 
    1230      577       13     1954 
    1234     1908       75     1951 
    1245     4125      119     1944 
    1246     2680       20     1944 
    1259     4103        5     1931 
    1269     2584       87     1917 
    1285     1390       49     1897 
    1292     4690      168     1888 
    1304     2461       53     1881 
    1415     3520       19     1778 
    1436     4694       68     1762 
    1542     4483       83     1662 
    1594     4555       24     1609 
    1616     4372      175     1587 
    1642     4516      181     1570 
    1673     2807       54     1544 
    1684     2935      100     1534 
    1767     2718      101     1469 
    1849     3470      137     1404 
    1938     4615       41     1346 
    1998     4179      152     1302 
    2001     3620      134     1301 
    2194     3100        1     1168 
    2320     1880       31     1085 
    2684     4633       18      847 
    2686     1312       22      845 
    2825     1491       80      765 
    2895     4584      110      726 
    2944     4450       45      700 
    2996     3398       17      673 
    3112     3586      118      612 
    3265     3742       94      538 
    3720     3867       45      347 
    3812     3003       77      317 
    4076     4470      147      228 
    4307     1829       51      158 
    4776     3025       86       39 
    4809     4122       85       31 
    4861     2885      115       20 
