Solution value 184
     821       11        1        4 *        5 
     827       15        5        4 *        9 
     855       17        7        3 *       10 
     859       18        8        3 *       11 
     866       12        2        3 *        5 
     869       16        6        3 *        9 
     887       11        1        2 *        3 
     899       17        7        2 *        9 
     931       27       17        1 *       18 
     941       14        4        1 *        5 
     945       26       16        0 *       16 
