Solution value 10140
    3447      909       26       92 *      118 
    3643      700       19       74 *       93 
    3706      735       29       69 *       98 
    3899      440       10       54 *       64 
    3963      327        1       49 *       50 
    4114      974        1       40 *       41 
    4399      848       30       22 *       52 
    4416      909       65       21 *       86 
    4508      435       22       16 
    4514      829       48       16 *       64 
    4517      477       50       16 *       66 
    4672      639       53        9 
    4675      847       77        9 
    4682      583       49        9 
    4928      488       61        1 
