Solution value 2367
    1341       95        2       36 
    1349       61        1       36 *       37 
    1394       94        1       35 
    1421       52        1       34 
    1516       90        3       32 
    1803      100        1       28 
    1982       78        3       25 
    2027       81        3       24 
    2060       88        1       24 
    2119       98        3       23 
    2148       98        4       23 
    2162       44        2       23 
    2273       22        1       21 
    2326       65        3       20 
    2461       56        2       19 
    2551       79        3       18 
    2553       22        1       18 
    2615       92        2       17 
    2797       21        1       15 
    2957       66        1       13 
    3064       53        1       12 
    3085       77        1       12 
    3175       82        1       11 
    3372       94        1       10 
    3389       69        3        9 
    3733       83        2        7 
    4168       22        1        4 
    4184       92        3        4 
    4368       92        2        2 
    4543       49        2        1 
    4571       96        2        1 
    4650       45        2        1 
    4812       68        3        0 
    4882       43        1        0 
