Solution value 186
     749       12        2        7 *        9 
     821       11        1        4 *        5 
     827       15        5        4 *        9 
     852       22       12        3 *       15 
     855       17        7        3 *       10 
     859       18        8        3 *       11 
     866       12        2        3 *        5 
     869       16        6        3 *        9 
     887       11        1        2 
     896       21       11        2 *       13 
     899       17        7        2 *        9 
     941       14        4        1 
