Solution value 236
    4062       12        2        4 *        6 
    4073       12        2        4 *        6 
    4109       12        2        4 *        6 
    4117       12        2        4 *        6 
    4181       12        2        3 *        5 
    4206       12        2        3 *        5 
    4277       15        5        3 *        8 
    4397       11        1        2 *        3 
    4403       14        4        2 *        6 
    4422       11        1        2 *        3 
    4521       15        5        1 *        6 
    4609       19        9        1 *       10 
    4617       15        5        1 *        6 
    4711       18        8        0 *        8 
    4824       13        3        0 *        3 
    4939       14        4        0 *        4 
    4966       19        9        0 *        9 
