Solution value 304
    1653       12        2       30 *       32 
    1734        3        1       29 
    1740       10        1       29 
    1761       16        6       28 
    1822        9        2       27 
    1861       11        4       27 
    1902        8        2       26 
    2082        7        1       23 
    2145        3        1       22 
    2205       14        4       22 
    2207        7        2       22 
    2260        7        2       21 
    2331        6        1       20 
    2364        9        1       20 
    2544       12        2       18 
    2613       12        3       17 
    2702        9        1       16 
    2784        5        1       15 
    2814       14        4       15 
    3225       12        2       11 
    3237        9        1       11 
    3240       11        3       10 
    3373        9        2        9 
    3382        5        1        9 
    3405       11        2        9 
    3480       13        4        8 
    3548       13        4        8 
    3554        9        1        8 
    3572       14        4        8 
    3757       11        1        6 
    3816       13        4        6 
