Solution value 1301
    3745       92        6        6 *       12 
    3875       78        1        5 *        6 
    3910       77        2        5 *        7 
    4108       67        3        4 *        7 
    4136       88        6        3 *        9 
    4190       89        7        3 *       10 
    4299      100        6        2 *        8 
    4337       83        5        2 *        7 
    4343       50        1        2 *        3 
    4472       83        2        2 *        4 
    4608       88        8        1 
    4637       38        1        1 
    4696       82        5        1 
    4810       97        2        0 
    4907       90        6        0 
    4967       26        2        0 
    4997       73        2        0 
