Solution value 28374
    1563      553       53     1626 *     1679 
    1588      510       10     1590 
    1745      574       74     1458 
    1792      581       81     1430 
    1799      553       53     1429 
    1803      573       73     1425 
    1833      600      100     1399 
    1968      628      128     1299 
    2017      563       63     1269 
    2080      575       75     1226 
    2145      573       73     1179 
    2233      620      120     1116 
    2311      603      103     1066 
    2342      591       91     1050 
    2427      509        9     1008 
    2440      551       51      998 
    2494      601      101      966 
    2546      609      109      933 
    2550      594       94      931 
    2560      605      105      924 
    2687      585       85      850 
    2703      525       25      842 
    2726      523       23      832 
    2853      513       13      760 
    2914      553       53      722 
    2978      609      109      691 
    3064      551       51      651 
    3142      524       24      608 
    3166      598       98      597 
    3329      594       94      524 
    3390      523       23      500 
    3453      525       25      472 
    3496      557       57      456 
    3509      627      127      451 
    3522      587       87      444 
    3542      547       47      433 
    3624      504        4      404 
    3661      615      115      386 
    3840      538       38      317 
    3855      519       19      311 
    3869      547       47      307 
    3871      555       55      307 
    4103      536       36      221 
    4106      583       83      220 
    4169      555       55      204 
    4331      619      119      156 
    4342      561       61      154 
    4636      604      104       79 
    4677      548       48       70 
    4712      583       83       61 
