Solution value 5817
     807      112       12      483 *      495 
     810      105        5      482 
     875      102        2      462 
     906      110       10      451 
     943      117       17      442 
    1018      105        5      428 
    1092      111       11      412 
    1096      115       15      411 
    1124      101        1      405 
    1183      105        5      393 
    1278      117       17      372 
    1316      120       20      365 
    1328      102        2      363 
    1342      118       18      360 
    1497      111       11      327 
    1529      108        8      321 
    1620      112       12      306 
    1634      112       12      304 
    1784      104        4      276 
    1802      113       13      273 
    1846      115       15      267 
    1853      109        9      265 
    2029      121       21      240 
    2138      114       14      224 
    2188      106        6      219 
    2223      110       10      215 
    2321      101        1      204 
    2457      118       18      184 
    2610      117       17      166 
    2748      110       10      152 
    2763      101        1      151 
    2812      104        4      145 
    2876      115       15      138 
    2893      101        1      136 
    2914      107        7      134 
    2939      104        4      131 
    3063      118       18      117 
    3118      116       16      112 
    3126      109        9      111 
    3149      102        2      109 
    3233      105        5      103 
    3239      104        4      102 
    3250      108        8      101 
    3434      102        2       86 
    3588      102        2       75 
    3787      120       20       61 
    3878      119       19       53 
    4051      109        9       43 
    4226      111       11       33 
    4465      102        2       19 
    4630      113       13       11 
    4746      112       12        7 
    4787      112       12        5 
