Solution value 166130
    1087     4998       75     2097 *     2172 
    1097     4069       67     2078 
    1220     4963      140     1947 
    1280     2897       55     1893 
    1371     2582       67     1801 
    1431     3950       59     1751 
    1459     3755       31     1728 
    1482     1996       20     1709 
    1491     4825      102     1698 
    1520     4152      116     1664 
    1641     2061       55     1564 
    1661     2417       27     1546 
    1667     4733       37     1540 
    1689     3353       96     1523 
    1691      324        7     1520 
    1886     3823       78     1367 
    1928     2196       12     1337 
    1992     2430       38     1296 
    2024     4234       69     1270 
    2044     4221       61     1251 
    2117     2784       45     1202 
    2137     1831       34     1195 
    2214     4158      139     1138 
    2222     4561      128     1131 
    2308     1600       10     1075 
    2351     1081        1     1053 
    2410     3212       45     1019 
    2426     3460       78     1007 
    2466     4459        8      987 
    2578     4732       12      919 
    2656     3934       17      871 
    2702     3746       80      848 
    2731     4868      156      827 
    2803     3967       52      791 
    2909     3532       79      731 
    3023     4770       24      672 
    3174     3212       39      599 
    3185     4295       40      594 
    3721     4926        4      362 
    3812     4515      137      324 
    3872     3566       77      300 
    4107     3341       93      221 
    4207     3106       15      189 
    4300      424       12      157 
    4353     1845       26      146 
    4373     2901       91      140 
    4690     4550      157       59 
    4788     1924       47       37 
    4845     2851       41       24 
