Solution value 5354
     602      106        6      546 *      552 
     622      107        7      542 
     664      110       10      529 
     685      118       18      522 
     701      114       14      518 
     733      104        4      509 
     759      102        2      498 
     766      117       17      496 
     800      102        2      483 
     812      101        1      479 
     858      113       13      468 
     888      108        8      458 
     930      103        3      450 
     945      110       10      447 
    1029      112       12      427 
    1034      118       18      427 
    1118      105        5      409 
    1211      118       18      387 
    1280      119       19      371 
    1295      112       12      369 
    1358      107        7      357 
    1465      111       11      337 
    1521      104        4      327 
    1550      104        4      319 
    1609      109        9      309 
    1639      111       11      305 
    1696      118       18      295 
    1916      104        4      262 
    1977      108        8      254 
    2025      104        4      247 
    2250      103        3      219 
    2622      115       15      174 
    2740      105        5      159 
    2798      110       10      153 
    3213      103        3      111 
    3263      112       12      107 
    3323      108        8      101 
    3389      114       14       96 
    3432      109        9       92 
    3532      108        8       82 
    3850      119       19       60 
    3999      110       10       49 
    4257      101        1       34 
    4314      108        8       30 
    4321      102        2       30 
    4423      118       18       24 
    4581      117       17       16 
    4807      102        2        6 
    4910      111       11        2 
