Solution value 58008
    3612     3052       70      391 *      461 
    3937     3771       93      277 *      370 
    3977     4759       46      260 *      306 
    4075     3140       68      228 *      296 
    4133     3716      250      208 *      458 
    4274     2378      125      169 *      294 
    4367     4346      334      146 *      480 
    4399     3526      210      136 *      346 
    4419     3921      209      129 *      338 
    4442     3287      330      122 *      452 
    4469     2871      283      113 
    4539     1870       10       91 
    4560     4793       40       86 
    4561     3648      217       86 
    4616     3843      396       73 
    4691     3272       28       54 
    4838     1815      219       22 
