Solution value 2650
    1476       87        6      333 *      339 
    1568      113       15      314 
    1618      112       20      305 
    1745       80       25      286 
    1851       42       11      271 
    1897       53       12      262 
    1932      103        4      256 
    1947       56        9      254 
    1990       47        7      248 
    2200       81       22      222 
    2203      105       37      222 
    2215      156       62      221 
    2281       38        9      215 
    2286      104       25      214 
    2327       54       19      209 
    2434       98       35      196 
    2445      109       25      194 
    2475       82        8      190 
    2483      103       28      189 
    2637       72        7      172 
    2689      104       28      167 
    3110      119       28      120 
    3458       99       37       93 
    4038      109       40       49 
    4130       82       22       42 
    4406      138       46       25 
    4544      131       37       18 
    4837       86       34        5 
    4950       87        9        1 
