Solution value 475
    1375       11        1       35 
    1392       12        2       35 *       37 
    1450       11        1       34 
    1473       12        2       34 
    1476       11        1       33 
    1656       11        1       30 
    1697       11        1       29 
    1701       12        2       29 
    1726       12        2       29 
    1734       11        1       29 
    1774       12        2       28 
    1853       12        2       27 
    1859       11        1       27 
    1883       11        1       26 
    2158       11        1       23 
    2204       11        1       22 
    2205       12        2       22 
    2298       12        2       21 
    2411       12        2       20 
    2456       11        1       19 
    2519       12        2       18 
    2527       11        1       18 
    2534       12        2       18 
    2580       13        3       18 
    2709       11        1       16 
    2737       11        1       16 
    2877       11        1       14 
    2888       11        1       14 
    2977       11        1       13 
    3081       11        1       12 
    3090       12        2       12 
    3094       12        2       12 
    3111       11        1       12 
    3150       12        2       11 
    3251       13        3       10 
    3277       13        3       10 
    3433       12        2        9 
    3942       12        2        5 
    4150       12        2        3 
    4210       12        2        3 
    4281       11        1        3 
