Solution value 28417
     984      851        6      457 *      463 
    1011      761       24      450 
    1022      921       18      448 
    1048      911       20      442 
    1092      289        3      434 
    1141      473        1      422 
    1149      992       33      419 
    1154      592       10      418 
    1161      752       13      415 
    1226      907        8      402 
    1315      339        2      382 
    1318      141        5      382 
    1319      210        4      382 
    1320      555       12      381 
    1354      529       19      373 
    1410      153        1      360 
    1417      756       12      359 
    1473      345        7      350 
    1587      758        5      325 
    1605      160        1      323 
    1606      622        7      323 
    1648      980        1      315 
    1707      767       27      304 
    1882      503       11      275 
    1892      803       21      273 
    2003      240        6      256 
    2068      397        1      248 
    2255      875       24      221 
    2262      935       24      220 
    2270      672        6      219 
    2349      975       32      210 
    2359      532       16      208 
    2396      522       14      204 
    2546      943        7      185 
    2785      945       32      159 
    2818      771       19      156 
    2833      830        7      154 
    3066      282        5      129 
    3467      815       10       92 
    3769      501       19       67 
    4052      901        7       47 
    4095      980       22       44 
    4117      355        4       42 
    4203      265        7       36 
    4384      611        9       26 
