Solution value 10441
    3317      757       13       95 *      108 
    3435      991       41       86 *      127 
    3679      983       39       69 *      108 
    3907      579       19       55 *       74 
    3924      683       10       54 *       64 
    4069      672       21       44 *       65 
    4241      955       34       34 *       68 
    4300      957       85       30 *      115 
    4471      883       40       20 *       60 
    4496      448        1       19 *       20 
    4601      421       34       13 *       47 
    4617      514       19       13 *       32 
    4642      694       35       12 *       47 
    4665      549       11       11 *       22 
    4890      355       39        3 *       42 
