Solution value 274
     273       11        1       36 
     276       11        1       36 *       37 
     292       13        3       34 
     304       11        1       33 
     388       11        1       26 
     432       14        4       22 
     448       11        1       21 
     479       15        5       19 
     491       14        4       18 
     526       15        5       17 
     534       15        5       17 
     549       13        3       16 
     557       12        2       15 
     578       15        5       14 
     638       12        2       12 
     644       11        1       11 
     656       14        4       11 
     739       11        1        7 
     756       18        8        6 
     785       11        1        5 
     789       16        6        5 
