Solution value 1548
    3973       94       32       52 *       84 
    4278       61        1       31 *       32 
    4298      241      143       30 *      173 
    4428       61       22       24 *       46 
    4433      146       91       23 *      114 
    4452       43        5       22 *       27 
    4494       50        2       20 *       22 
    4498      105       52       20 *       72 
    4504      175       96       20 *      116 
    4529      129       52       18 *       70 
    4575      163       80       16 
    4752       71       34        7 
    4793       96       55        6 
    4852      113       75        3 
