Solution value 2331
    3853      109        9       59 *       68 
    3995      124       24       49 *       73 
    4123      138       38       41 *       79 
    4130      108        8       40 *       48 
    4183      128       28       37 *       65 
    4207      138       38       36 *       74 
    4232      111       11       34 *       45 
    4360      136       36       27 *       63 
    4428      138       38       24 *       62 
    4455      119       19       22 *       41 
    4512      176       76       18 
    4527      184       84       17 
    4574      185       85       15 
    4577      125       25       15 
    4639      136       36       12 
    4658      118       18       10 
    4728      158       58        8 
