Solution value 958
    3369       94        2        9 *       11 
    3418       92        1        9 *       10 
    3472       98        1        8 *        9 
    3483       90        3        8 *       11 
    3960       82        4        5 *        9 
    4225       63        3        3 *        6 
    4251       60        2        3 *        5 
    4308       71        4        3 *        7 
    4391       80        8        2 *       10 
    4638       30        1        1 *        2 
    4659       50        3        1 *        4 
    4662       90        7        1 *        8 
    4875       58        8        0 *        8 
