Solution value 277
    2034       12        5       24 
    2038       13        4       24 
    2039       11        2       24 
    2043        9        2       24 
    2071        8        3       24 
    2074       10        3       24 *       27 
    2117        7        1       23 
    2147        7        1       22 
    2311       14        5       20 
    2321       11        1       20 
    2407       11        2       19 
    2421       11        3       19 
    2452       10        1       19 
    2518       14        5       18 
    2621        6        3       17 
    2875       14        6       14 
    2973       13        4       13 
    3053       10        4       12 
    3080       13        3       12 
    3183        3        1       11 
    3263       16        6       10 
    3330        5        2        9 
    3346        7        1        9 
    3384       12        4        9 
    3681       11        1        6 
    4404       10        1        2 
    4477        9        2        1 
