Solution value 8222
    3974      752      270      244 *      514 
    4229      378      102      161 *      263 
    4244      855      380      158 *      538 
    4416     1071      682      116 *      798 
    4435      579      363      112 *      475 
    4503     1007      530       95 *      625 
    4536      876      503       88 *      591 
    4701      688      244       48 *      292 
    4716      922      428       45 *      473 
    4915      721      319       10 *      329 
    4958      373       37        4 *       41 
