Solution value 12688
    2059      442      121     1222 *     1343 
    2068      544      161     1214 
    2141      270       84     1164 
    2161      376       76     1153 
    2243      457       47     1091 
    2271      643      213     1075 
    2428      546       84      989 
    2773      316      128      794 
    2813      459      133      772 
    2838      493      164      755 
    3099      452       32      628 
    3163      595      240      595 
    3354      212       65      500 
    3454      693      260      456 
    3514      626      206      432 
    3640      355       49      377 
    3677      720      275      363 
    3687      261      103      359 
    3795      424       63      325 
    3812      634      204      319 
    3983      416      129      262 
    4006      451       44      254 
    4067      103       45      240 
    4261      489      191      178 
    4265      736      289      177 
    4563      248       64       85 
    4681      727      301       59 
