Solution value 27616
     527      506        6     2884 *     2890 
     529      546       46     2881 
     562      537       37     2815 
     594      574       74     2747 
     624      554       54     2702 
     627      537       37     2696 
     633      582       82     2690 
     637      529       29     2684 
     645      527       27     2672 
     730      580       80     2541 
     735      525       25     2536 
     786      552       52     2464 
     799      532       32     2451 
     813      526       26     2429 
     832      569       69     2409 
     869      541       41     2356 
     925      520       20     2268 
    1003      513       13     2157 
    1074      503        3     2078 
    1079      527       27     2072 
    1131      557       57     2017 
    1157      565       65     1980 
    1179      575       75     1958 
    1289      552       52     1859 
    1290      575       75     1859 
    1327      509        9     1812 
    1408      511       11     1736 
    1409      502        2     1734 
    1429      501        1     1707 
    1663      528       28     1499 
    1757      568       68     1436 
    1845      542       42     1368 
    1849      548       48     1366 
    1886      522       22     1333 
    2023      507        7     1242 
    2024      590       90     1239 
    2099      513       13     1187 
    2121      590       90     1166 
    2144      580       80     1152 
    2265      549       49     1080 
    2311      585       85     1046 
    2453      544       44      956 
    2543      515       15      905 
    2737      525       25      801 
    2830      524       24      746 
    2986      520       20      664 
    3209      526       26      550 
    3360      562       62      489 
    3714      551       51      342 
    3940      568       68      263 
    4142      532       32      202 
