Solution value 255
    4062       12        2        4 *        6 
    4072       11        1        4 *        5 
    4073       12        2        4 *        6 
    4109       12        2        4 *        6 
    4117       12        2        4 *        6 
    4150       17        7        3 
    4179       16        6        3 
    4181       12        2        3 
    4204       15        5        3 *        8 
    4206       12        2        3 *        5 
    4234       15        5        3 *        8 
    4277       15        5        3 *        8 
    4332       15        5        3 *        8 
    4397       11        1        2 
    4403       14        4        2 
    4422       11        1        2 
    4521       15        5        1 
    4617       15        5        1 
    4824       13        3        0 
