Solution value 28133
     600      950       23      547 *      570 
     611      619       13      543 
     615      366        7      543 
     645      227        5      535 
     655      990       23      534 
     687      321        8      524 
     690      496        2      520 
     696      966        9      519 
     720      587       14      511 
     735      773        1      508 
     893      448        4      468 
     942      264        3      455 
     997      463        7      438 
    1001      993       19      438 
    1039      465       11      428 
    1061      357        8      423 
    1096      223        2      415 
    1191      929       18      390 
    1241      727        8      380 
    1367      750       13      356 
    1493      888       25      333 
    1510      946       10      329 
    1529      864       15      324 
    1661      249        6      298 
    1688      527        4      294 
    1878      218        1      266 
    1909      218        3      262 
    1915      858        9      261 
    2011      823       23      246 
    2049      792        5      241 
    2194      872       13      220 
    2441      696       20      187 
    2482      826       17      183 
    2516      697        5      179 
    2632      383        9      165 
    2856      859        9      145 
    2864      713        9      145 
    2924      899       17      138 
    2966      654       10      134 
    3075      894       13      123 
    3108      741        8      119 
    3845      529        8       61 
    4195      183        5       37 
    4602      495        1       16 
    4792      395       10        6 
