Solution value 1204
    3733       77        4        7 *       11 
    3805       94        5        6 *       11 
    3855       68        1        6 *        7 
    4178       81        2        3 *        5 
    4250       87        3        3 *        6 
    4330       72        3        2 *        5 
    4498       98       10        1 
    4587       83        1        1 *        2 
    4629       64        2        1 *        3 
    4674       92        9        1 *       10 
    4676       91       11        1 *       12 
    4806       11        1        0 
    4917       99        8        0 
    4929       27        2        0 
    4945       72        5        0 
    4968       88        2        0 
