Solution value 251
    1550        9        2       32 
    1564       10        2       32 
    1565        8        2       32 *       34 
    1632        5        1       31 
    1670       13        3       30 
    1863       12        2       27 
    2041       14        4       25 
    2049       11        4       24 
    2051       14        4       24 
    2099       14        4       24 
    2121       13        5       23 
    2125        9        1       23 
    2298       11        3       21 
    2318       16        6       21 
    2567        3        1       17 
    2788       16        6       15 
    3027       10        3       12 
    3107       11        3       12 
    3152        8        1       11 
    3571       13        4        8 
    3584       11        3        8 
    3837       11        3        6 
    4138        9        1        4 
