Solution value 175
     255       14        6       34 *       40 
     281       17        7       33 
     329        4        1       30 
     334       15        5       29 
     339       11        5       29 
     346        9        4       28 
     370       16        8       27 
     393       13        4       25 
     403       12        5       24 
     415       11        1       23 
     416        9        2       23 
     419       10        4       23 
     745       16        6        7 
     853       15        7        3 
     896        3        1        2 
