Solution value 999
      40       99        4       60 *       64 
      47       31        2       59 
      63       72        1       54 
      64       89        3       54 
      92       97        4       49 
      93       99        6       49 
     155       90        2       35 
     196       82        4       28 
     244       93        4       21 
     251        6        1       20 
     253       80        7       20 
     314      100        1       13 
     358       61        1        7 
