Solution value 292
    3986       11        1        5 *        6 
    4096       12        2        4 *        6 
    4194       13        3        3 *        6 
    4276       15        5        3 *        8 
    4347       11        1        3 *        4 
    4361       17        7        2 
    4389       16        6        2 
    4403       13        3        2 *        5 
    4424       12        2        2 *        4 
    4458       12        2        2 *        4 
    4471       18        8        2 *       10 
    4476       14        4        2 *        6 
    4608       12        2        1 
    4676       12        2        1 
    4677       13        3        1 
    4680       11        1        1 
    4724       18        8        0 
    4812       11        1        0 
    4867       13        3        0 
    4870       16        6        0 
    4901       11        1        0 
    4947       11        1        0 
