Solution value 289
    2238       14        5       20 
    2286       14        5       20 
    2287       13        5       20 *       25 
    2351       11        4       19 
    2549       11        2       17 
    2605       10        2       16 
    2641        5        2       16 
    2654       12        4       16 
    2843        6        1       14 
    2972        4        1       13 
    2981       15        6       13 
    3002        6        2       12 
    3165       13        3       11 
    3317       13        5        9 
    3331       11        2        9 
    3366        8        3        9 
    3624       11        1        7 
    3700       16        6        7 
    3889        9        2        5 
    3923       16        7        5 
    3968       11        2        5 
    4027       12        3        4 
    4205        9        2        3 
    4546        9        1        1 
    4654       10        1        1 
    4805       12        2        0 
    4988        8        1        0 
