Solution value 12883
     892      379       34     2324 *     2358 
     898      297       36     2317 
     919      368       79     2296 
     972      267       40     2229 
    1011      258       77     2184 
    1085      658      201     2091 
    1176      664      177     1993 
    1178      484       18     1985 
    1183      571      173     1981 
    1212      500       76     1947 
    1230      290        4     1928 
    1307      467       17     1839 
    1377      334       18     1778 
    1461      567      132     1697 
    1477      371       56     1680 
    1481      332       60     1677 
    1554      625      161     1610 
    1686      517      119     1497 
    1770      465       88     1416 
    1801      370       71     1401 
    1811      664      200     1393 
    2128      367       36     1140 
    2367       78       26      977 
    2431      422      149      943 
    2554      314       45      879 
    2583      536      179      863 
    2888       53       10      705 
    3740      226        9      325 
    4229      378      102      161 
    4701      688      244       48 
    4958      373       37        4 
