Solution value 140596
    1420     3353       19     1730 *     1749 
    1438     3183       54     1714 
    1505     3285      125     1655 
    1545     4544       71     1616 
    1548     1942       22     1612 
    1551     1775       68     1610 
    1561     4452       85     1602 
    1677     2976       68     1499 
    1736     3251       71     1445 
    1756     4472      178     1433 
    1918     2053       77     1316 
    1940     2953       24     1302 
    2041     4869      141     1224 
    2046     4850       42     1219 
    2099      947       37     1182 
    2284     2620       78     1067 
    2311     3124       52     1050 
    2427     4807       51      990 
    2524     3791       22      936 
    2535     4283       25      929 
    2599     2883       33      897 
    2642     2645       82      872 
    2675     3597      133      854 
    2680     4403      147      853 
    2804     2999       94      781 
    2812     4798      144      776 
    2958     3899      147      703 
    3165     4624      171      602 
    3598     1861       29      409 
    3665     4814       79      383 
    3743     2820       39      356 
    3791     1046       26      339 
    3832     4547       86      325 
    3997     3050       17      258 
    4079     1212       22      233 
    4185     4604      146      200 
    4194     2772       38      197 
    4198     2940      116      195 
    4392     1204       36      136 
    4526     4801      138       96 
    4595     3927      142       79 
    4933     3620       95       11 
