Solution value 1351
    3555       65        2        7 *        9 
    3696       92        2        6 *        8 
    3758       93        2        6 *        8 
    3815       90        4        6 *       10 
    4061       86        3        4 *        7 
    4107       88        6        4 *       10 
    4134       84        1        3 *        4 
    4155       73        2        3 *        5 
    4219       89        3        3 *        6 
    4319       68        5        2 
    4329       89        6        2 
    4340       46        1        2 
    4377       79        3        2 
    4423       64        1        2 *        3 
    4580       76        4        1 
    4703       71        4        0 
    4766       98        7        0 
