Solution value 170
     347       14        4       29 *       33 
     381       12        2       26 
     410       11        6       23 
     413       12        7       23 
     416        4        1       23 
     435        9        1       22 
     469        8        4       19 
     572        5        2       13 
     650       14        5       10 
     655       12        4        9 
     758       21       12        6 
     903       13        4        1 
     928       23       14        1 
     981       12        5        0 
