Solution value 2101
    4041      110       10       48 *       58 
    4292      134       34       33 *       67 
    4323      121       21       32 *       53 
    4439      111       11       25 *       36 
    4637      129       29       15 *       44 
    4727      201      101       10 *      111 
    4738      213      113       10 *      123 
    4781      229      129        7 *      136 
    4837      234      134        5 *      139 
    4859      206      106        4 *      110 
    4879      104        4        3 *        7 
    4915      183       83        2 *       85 
    4934      126       26        1 *       27 
