Solution value 150
     251       19        9       36 *       45 
     252       12        4       35 
     263       10        1       35 
     347       15        9       27 
     360        9        5       26 
     365       11        4       26 
     373       10        2       25 
     374        9        4       25 
     379        8        3       24 
     469       19       10       19 
     518        1        1       17 
     613       10        5       11 
     689       17        7        8 
