Solution value 267
     445       14        4       23 *       27 
     458       16        6       22 
     470       14        4       21 
     479       11        1       20 
     501       15        5       19 
     546       15        5       17 
     562       15        5       16 
     577       12        2       16 
     600       16        6       14 
     629       15        5       13 
     646       11        1       12 
     757       12        2        7 
     813       16        6        5 
     823       16        6        4 
     824       14        4        4 
     863       15        5        3 
     870       12        2        3 
     884       14        4        2 
     929       14        4        1 
