Solution value 32583
     505      951       12      585 *      597 
     538      929        9      574 
     587      805        5      558 
     621      955        7      546 
     674      854        4      528 
     693      920       21      522 
     727      733        4      514 
     771      625       11      502 
     836      999       18      483 
     916      452       10      464 
     917      843        1      463 
     964      845       17      452 
     987      913       10      446 
    1054      913        8      429 
    1204      472        3      396 
    1260      792        7      384 
    1276      990       22      380 
    1328      996       19      370 
    1336      887        6      369 
    1402      138        2      356 
    1413      968       10      354 
    1454       67        1      342 
    1589      948        4      316 
    1603      586       13      314 
    1676      491        9      301 
    1998      742       12      251 
    2010      767       12      249 
    2378      973        6      198 
    2593      776       10      173 
    2726      404       10      159 
    2744      944        9      157 
    2768      895       15      155 
    2799      788        2      151 
    2824      387        5      149 
    2831      389        5      148 
    2972      849       19      134 
    3348      658       11       98 
    3564      913        5       81 
    3627      660       14       77 
    3667      875       20       74 
    3794      291        6       63 
    3874      941       12       56 
    4488      564        3       20 
    4960      695        6        0 
