Solution value 246
     102       14        4       44 
     103       11        1       44 *       45 
     118       14        4       40 
     124       15        5       40 
     141       13        3       38 
     145       14        4       37 
     155       14        4       33 
     158       16        6       33 
     162       13        3       32 
     167       11        1       32 
     208       12        2       25 
     216       15        5       25 
     277       12        2       16 
     279       12        2       15 
     281       12        2       15 
     311       11        1       12 
     327       14        4       11 
     344       11        1        9 
     349       12        2        8 
