Solution value 10862
    3756      986       53       62 *      115 
    4008      581        1       46 *       47 
    4077      651       20       41 *       61 
    4145      779       33       38 *       71 
    4241      712       15       32 *       47 
    4246      626       46       32 *       78 
    4431      587       40       21 *       61 
    4470      905       23       19 *       42 
    4540      879       69       16 *       85 
    4587      905      104       14 *      118 
    4647      979       52       11 
    4851      814       77        4 
    4862      650       50        3 
    4987      808       79        0 
