Solution value 13117
    4051      540       40      227 *      267 
    4131      620      120      198 *      318 
    4191      571       71      181 *      252 
    4239      522       22      164 *      186 
    4245      533       33      163 *      196 
    4276      710      210      156 *      366 
    4312      526       26      147 *      173 
    4325      671      171      143 *      314 
    4337      534       34      138 *      172 
    4576      681      181       82 *      263 
    4675      805      305       58 *      363 
    4751      898      398       41 *      439 
    4788      558       58       32 *       90 
    4803      633      133       30 *      163 
    4824      534       34       27 *       61 
    4827      643      143       26 *      169 
    4838      593       93       24 *      117 
    4852      933      433       21 *      454 
    4903      872      372       13 *      385 
    4997      740      240        0 *      240 
