Solution value 1542
    3943      156       58       53 *      111 
    4472      169       70       22 *       92 
    4616      100       44       15 *       59 
    4625      133       74       14 *       88 
    4747      251      163        9 *      172 
    4783       80       30        7 *       37 
    4841       75       41        5 *       46 
    4862      188      120        4 *      124 
    4890       43       34        3 *       37 
    4951      317      221        1 *      222 
    4976       30        4        0 
