Solution value 985
     105       96        5       42 *       47 
     121       82        8       38 
     145       95        2       34 
     148       73        7       34 
     149       63        6       34 
     155       60        2       33 
     164       89        5       32 
     166       78        8       31 
     184       85        3       28 
     224       64        5       21 
     257       98        1       17 
     325       34        3       10 
     331       30        1        9 
     377       25        1        5 
     449       13        1        1 
