Solution value 3078
    4040      103        3       44 *       47 
    4083      112       12       41 *       53 
    4148      118       18       38 *       56 
    4214      101        1       34 *       35 
    4277      139       39       31 *       70 
    4323      160       60       29 *       89 
    4328      118       18       28 *       46 
    4337      112       12       28 *       40 
    4370      126       26       26 *       52 
    4439      143       43       23 *       66 
    4446      120       20       22 
    4468      160       60       22 
    4520      138       38       19 
    4528      106        6       19 
    4550      146       46       17 
    4628      149       49       14 
    4670      109        9       12 
    4694      107        7       11 
    4764      145       45        8 
    4788      137       37        7 
    4812      102        2        6 
    4831      154       54        5 
    4918      149       49        2 
    4975      124       24        0 
