Solution value 28376
    1061      514       14     2124 *     2138 
    1074      532       32     2110 
    1098      553       53     2081 
    1134      520       20     2039 
    1201      502        2     1966 
    1223      537       37     1949 
    1257      504        4     1910 
    1283      501        1     1884 
    1306      540       40     1863 
    1357      519       19     1813 
    1404      529       29     1764 
    1443      568       68     1718 
    1566      549       49     1609 
    1597      620      120     1583 
    1638      560       60     1551 
    1652      549       49     1538 
    1713      548       48     1490 
    1781      639      139     1432 
    1785      543       43     1431 
    1886      616      116     1354 
    1890      566       66     1348 
    1968      579       79     1285 
    1986      625      125     1270 
    2130      613      113     1169 
    2365      640      140     1028 
    2520      536       36      937 
    2535      537       37      925 
    2561      605      105      912 
    2572      516       16      904 
    2642      510       10      860 
    2697      509        9      828 
    2747      518       18      800 
    2922      518       18      704 
    2952      620      120      689 
    2977      590       90      676 
    3045      557       57      646 
    3217      588       88      571 
    3221      515       15      568 
    3300      579       79      529 
    3453      504        4      462 
    3467      514       14      458 
    3530      549       49      430 
    3639      566       66      395 
    3758      520       20      347 
    3823      607      107      322 
    3923      634      134      284 
    3936      550       50      280 
    4380      548       48      138 
    4390      570       70      133 
    4393      627      127      131 
    4807      523       23       28 
