Solution value 183
     254       13        4       37 
     257       17        8       37 
     258       14        4       37 *       41 
     283        1        1       34 
     288       17        8       34 
     289       18        8       34 
     321        7        3       31 
     382        5        2       27 
     398       15        6       26 
     589       10        2       13 
     601        4        1       12 
     646        6        1       10 
     804        9        1        4 
     826       15        6        4 
     857       11        2        3 
     875       10        1        2 
     893       11        5        1 
