Solution value 1197
     164       85        1       27 *       28 
     181       93        5       25 
     187       43        6       24 
     188       35        2       24 
     189       91        4       24 
     202       92       11       22 
     210       75        4       22 
     224       83        5       21 
     229       73        2       20 
     239       85        3       17 
     243       72        5       17 
     280       87        5       13 
     352       31        3        8 
     410       61        2        4 
     489       92        5        0 
     490       99       10        0 
