Solution value 2579
    1555       63        1      325 *      326 
    1582       88        9      319 
    1586      131       43      319 
    1593       24        9      317 
    1626       97       25      312 
    1785       81       11      282 
    1843      117       40      273 
    1966       35        4      255 
    1991      120       24      251 
    2004      114       37      249 
    2036       74       25      245 
    2093       81       25      237 
    2139       65        8      231 
    2316      106       19      208 
    2636       80       13      169 
    2788       91       12      151 
    2886       60       14      140 
    2981      121       43      131 
    3112       98       28      119 
    3296       95       16      104 
    3398      146       54       95 
    3477       61        2       90 
    3582       81       24       82 
    3749        1        2       67 
    3973      135       39       50 
    4004      111       43       49 
    4668      126       41       11 
    4690       40       11       10 
    4803      137       53        6 
