Solution value 1136
      74       91        1       63 *       64 
      88       75        1       59 
     120       84        1       54 
     122       48        1       54 
     187      100        6       44 
     206       85        2       42 
     221       19        1       41 
     306       58        2       33 
     552       69        4       16 
     634       36        1       12 
     672       68        1       10 
     695       90        3        8 
     775      100        5        5 
     864       78        5        2 
     914       70        1        1 
     999       65        2        0 
