Solution value 13085
    3855      519       19      311 *      330 
    3869      547       47      307 *      354 
    3871      555       55      307 *      362 
    4018      643      143      252 *      395 
    4085      638      138      225 *      363 
    4103      536       36      221 *      257 
    4106      583       83      220 *      303 
    4169      555       55      204 *      259 
    4207      679      179      190 *      369 
    4252      703      203      175 *      378 
    4331      619      119      156 
    4342      561       61      154 
    4379      724      224      142 
    4487      636      136      114 
    4506      842      342      109 
    4557      649      149       96 
    4636      604      104       79 
    4672      711      211       71 
    4677      548       48       70 
    4712      583       83       61 
    4923      650      150       12 
