Solution value 170
     251        7        1       38 *       39 
     272       14        6       36 
     281        9        3       35 
     308        7        2       32 
     313        7        3       32 
     340       11        2       30 
     408        7        3       25 
     411       10        5       25 
     442       16        8       23 
     520       10        2       18 
     521       16        8       18 
     547        8        1       16 
     563       13        4       15 
     578        9        3       15 
     699       19        9        8 
     709        7        2        8 
