Solution value 500
    1636       12        2       30 
    1663       11        1       30 *       31 
    1688       12        2       29 
    1726       12        2       29 
    1823       12        2       27 
    1833       11        1       27 
    1875       11        1       26 
    2004       12        2       24 
    2058       12        2       23 
    2134       12        2       23 
    2336       12        2       20 
    2361       11        1       20 
    2366       12        2       20 
    2408       11        1       19 
    2527       13        3       17 
    2673       11        1       16 
    2688       11        1       16 
    2721       11        1       15 
    2761       11        1       15 
    2771       11        1       15 
    2799       13        3       14 
    2847       11        1       14 
    2860       12        2       14 
    2987       12        2       12 
    3066       13        3       12 
    3092       12        2       12 
    3227       12        2       10 
    3233       12        2       10 
    3286       11        1       10 
    3317       11        1       10 
    3343       11        1       10 
    3503       12        2        8 
    3614       11        1        7 
    3622       12        2        7 
    3644       11        1        7 
    3675       12        2        7 
    4054       11        1        4 
    4113       11        1        4 
    4232       12        2        3 
    4431       12        2        2 
    4493       11        1        1 
    4818       13        3        0 
    4911       11        1        0 
