Solution value 67727
    3587     4850      102      403 *      505 
    3695     4516       95      368 *      463 
    3841     4665       51      313 *      364 
    3885     4267       96      300 *      396 
    3920     4287        7      288 *      295 
    3939     3790       10      281 *      291 
    4012     3357       86      257 *      343 
    4196     3806       37      193 *      230 
    4280     4119      262      167 *      429 
    4381     4641       89      142 *      231 
    4401     4509       21      137 *      158 
    4601     2273      131       83 *      214 
    4711     4155       75       57 *      132 
    4764     2109      192       44 *      236 
    4831     4762       84       28 *      112 
    4840     3086      262       27 *      289 
    4842     4535      277       27 *      304 
