Solution value 2104
     693       56        2       52 
     700       90        2       52 *       54 
     744       97        1       51 
     746       84        1       51 
     806       60        1       49 
     859       99        2       48 
     865       98        1       47 
     887       26        1       47 
     895      100        2       47 
     911       92        3       46 
     919       80        2       46 
    1030       98        3       43 
    1185       82        3       40 
    1258       40        1       38 
    1278       51        1       38 
    1318       48        1       37 
    1511       97        2       33 
    1541       71        2       33 
    1605       42        1       32 
    1798       86        1       28 
    2509       76        2       18 
    2607      100        1       17 
    2841       67        2       14 
    3166       65        1       11 
    3238       87        3       10 
    3570       62        2        7 
    3824       62        1        6 
    4654       88        3        1 
