Solution value 33433
     784      955        5      496 *      501 
     806      713       11      492 
     812      635       18      490 
     838      713       12      483 
     843      891        8      483 
     887      467        1      472 
     903      223        7      467 
    1043      536        2      433 
    1075      712        8      427 
    1094      794        9      424 
    1252      191        2      387 
    1283      846       13      380 
    1312      812       10      375 
    1349      579       16      367 
    1360      299        3      365 
    1412      957       23      354 
    1429      731        7      349 
    1435      707       14      349 
    1475      751       15      341 
    1478      902        5      340 
    1552      855       19      326 
    1553      765       12      326 
    1639      540        1      312 
    1679      722        3      305 
    1685      435        8      304 
    1730      921       22      297 
    1816      968       28      281 
    1913      988        6      267 
    1933      501       14      263 
    2152      571        6      230 
    2183      793        6      226 
    2215      456        4      224 
    2308      483        6      211 
    2540      930       17      184 
    2543      387        6      183 
    2559      717       14      181 
    2607      716       15      175 
    2670      729        2      167 
    2697      987       16      163 
    2752      817        9      157 
    2866      883        7      144 
    3136      634       11      117 
    3308      815       15      103 
    3686      637       19       72 
    3835      604        7       61 
    4035      752       18       47 
    4697      449       10       10 
    4814      964       14        6 
