Solution value 214
     195       12        2       26 *       28 
     199       12        2       25 
     215       15        5       23 
     227       17        7       22 
     281       17        7       15 
     286       16        6       14 
     301       14        4       13 
     307       13        3       12 
     325       14        4       10 
     334       17        7       10 
     392       17        7        5 
     428       17        7        2 
     429       15        5        2 
     486       18        8        0 
