Solution value 180
     377       13        5       25 *       30 
     395       14        4       24 
     432        9        4       22 
     443       17        7       21 
     456        8        2       20 
     519       14        6       16 
     530        6        1       15 
     596       11        6       12 
     688       19       12        8 
     730       17        9        6 
     782       14        6        5 
     795       10        2        4 
     820       16        7        3 
     949       12        4        0 
