Solution value 177
    3624       11        1        7 *        8 
    3968       11        2        5 *        7 
    4027       12        3        4 *        7 
    4199       23       13        3 *       16 
    4205        9        2        3 *        5 
    4266       23       14        3 *       17 
    4410       20       11        2 *       13 
    4546        9        1        1 *        2 
    4622       26       16        1 *       17 
    4654       10        1        1 *        2 
    4805       12        2        0 *        2 
    4934        2        2        0 *        2 
    4973        1        1        0 *        1 
    4988        8        1        0 *        1 
