Solution value 247
     294       11        1       33 
     299       12        2       33 *       35 
     317       12        2       31 
     356       16        6       28 
     376       14        4       27 
     380       14        4       27 
     385       13        3       26 
     448       17        7       22 
     532       12        2       17 
     566       14        4       15 
     585       13        3       14 
     599       13        3       13 
     643       12        2       11 
     653       11        1       11 
     750       17        7        7 
     800       17        7        5 
     890       15        5        2 
     977       14        4        0 
