Solution value 492
    1181       11        1       38 
    1192       11        1       38 *       39 
    1226       11        1       37 
    1263       11        1       36 
    1282       11        1       36 
    1337       11        1       35 
    1346       12        2       35 
    1347       11        1       35 
    1379       12        2       34 
    1398       12        2       34 
    1432       11        1       33 
    1454       12        2       33 
    1455       14        4       33 
    1569       11        1       31 
    1738       11        1       28 
    1756       11        1       28 
    1757       12        2       28 
    1787       11        1       27 
    1816       12        2       27 
    1904       11        1       25 
    2155       11        1       22 
    2230       12        2       21 
    2273       11        1       21 
    2339       11        1       20 
    2385       11        1       19 
    2432       11        1       19 
    2599       11        1       17 
    2633       11        1       16 
    2763       12        2       15 
    2809       11        1       14 
    2991       12        2       12 
    3104       12        2       11 
    3110       11        1       11 
    3383       11        1        9 
    3398       12        2        9 
    3638       11        1        7 
    3696       12        2        7 
    3782       12        2        6 
    3850       11        1        5 
    4135       12        2        4 
    4522       13        3        1 
    4678       11        1        1 
    4995       11        1        0 
