Solution value 9518
    3812      944       45       63 *      108 
    3831      967       62       61 *      123 
    3845      529        8       61 *       69 
    3878      955       53       59 *      112 
    4069      821       42       45 *       87 
    4134      933       73       42 *      115 
    4182      783       26       39 *       65 
    4261      897       83       34 *      117 
    4602      495        1       16 *       17 
    4746      851       69        8 *       77 
    4792      395       10        6 *       16 
    4857      948       83        4 *       87 
