Solution value 1340
     167       98        1       47 *       48 
     175       86        4       46 
     176       40        2       45 
     209       55        4       42 
     232       57        4       39 
     241       35        1       38 
     243       99        6       38 
     249       64        2       38 
     254       85        5       37 
     264       91        5       37 
     282       58        3       35 
     348       83        3       29 
     382       91        1       26 
     441       93        3       22 
     631       72        3       12 
     644       93        3       11 
     789       77        1        6 
     992       63        2        0 
