Solution value 146551
    1478     4212      107     1736 *     1843 
    1503     4496       66     1717 
    1537     1464       66     1685 
    1608     4746       15     1610 
    1651     4081       13     1563 
    1724     4961      139     1495 
    1765     4589       81     1466 
    1860     4757      174     1398 
    1929     4076      112     1345 
    1985     3153       84     1305 
    1997     4925      177     1293 
    2049     3520       19     1260 
    2081     2325       82     1240 
    2150     3917       42     1183 
    2280     3557       52     1070 
    2305     2141       49     1055 
    2497     2428       62      935 
    2499     2624      105      933 
    2503     4166      117      931 
    2579     1143        3      889 
    2606      880       21      876 
    2607     3777       66      876 
    2628     3742       17      866 
    2640     3779       76      859 
    2785     3498       78      790 
    2809     4094      137      777 
    2869     1669       17      746 
    2941     2263       64      704 
    3027     4791      171      664 
    3059     3945      146      647 
    3066     4672       25      643 
    3077     3023        3      638 
    3100     2737       52      625 
    3197     1697       49      583 
    3228     3848      128      569 
    3260     4386       36      556 
    3449     1878       49      473 
    3470     4975      145      464 
    3653     2816      107      387 
    3695     4455      135      369 
    4005      908       38      259 
    4379     3016       22      141 
    4531     4421      116       98 
