Solution value 1585
    4157      111       57       39 *       96 
    4214       94       10       36 *       46 
    4332      127       42       30 *       72 
    4385      106       43       26 *       69 
    4413      179       92       25 *      117 
    4477      243      144       22 *      166 
    4484       91        7       21 *       28 
    4631      133       54       14 *       68 
    4673      137       85       12 *       97 
    4790      217      136        7 *      143 
    4826       78       64        5 
    4931       69       34        1 
