Solution value 979
      76       67        1       47 *       48 
      86       83        2       44 
      88       65        3       44 
     101       95        4       42 
     131       50        4       34 
     174       31        1       28 
     204       63        3       24 
     287       82        2       15 
     288       75        5       15 
     324       64        5       12 
     350       82        5       10 
     387       94        7        5 
     393       91        8        5 
     432       37        3        3 
