Solution value 2781
    1957      110       20      254 *      274 
    2063      113       45      238 
    2163       68       19      225 
    2181      118       20      222 
    2193      146       60      221 
    2339       67       11      202 
    2420      140       56      191 
    2467      152       61      185 
    2547       85       20      176 
    2609      136       39      170 
    2616      154       56      169 
    2753       90       34      154 
    2810      149       57      149 
    2929       54        7      136 
    3086      127       30      120 
    3179       32        5      112 
    3320      120       45      100 
    3342      122       24       98 
    3350      101        6       98 
    3405      116       44       94 
    3415       63        2       93 
    3539      110       13       83 
    3821      116       31       63 
    3937       82        8       55 
    4456      124       24       23 
    4963       86        8        0 
