Solution value 1564
    4270      171       99       33 *      132 
    4280      168       89       32 *      121 
    4406      138       46       25 *       71 
    4468      209      110       21 *      131 
    4544      131       37       18 *       55 
    4588      221      154       15 *      169 
    4837       86       34        5 *       39 
    4922      221      166        2 *      168 
    4950       87        9        1 *       10 
    4967      132      104        0 *      104 
