Solution value 11625
    3945      571       71      270 *      341 
    4128      558       58      212 *      270 
    4179      553       53      191 *      244 
    4260      662      162      163 *      325 
    4299      527       27      152 *      179 
    4382      562       62      128 *      190 
    4609      638      138       73 *      211 
    4652      899      399       60 *      459 
    4659      726      226       59 *      285 
    4685      868      368       53 *      421 
    4708      994      494       49 
    4737      843      343       43 
    4797      641      141       32 
    4820      960      460       27 
    4835      718      218       25 
    4837      905      405       25 
