Solution value 226
     151       11        1       34 *       35 
     159       11        1       33 
     161       16        6       32 
     166       12        2       32 
     171       12        2       30 
     172       19        9       30 
     178       15        5       29 
     188       11        1       28 
     194       15        5       27 
     201       14        4       26 
     202       14        4       26 
     220       13        3       24 
     335       15        5       12 
     350       16        6       10 
     397       17        7        6 
     412       15        5        4 
