Solution value 30962
    1241      895        9      386 *      395 
    1336      967       25      367 
    1361      858        3      362 
    1365      894        6      361 
    1400      304        7      354 
    1413      498       11      350 
    1433      362        1      349 
    1480      696        9      341 
    1494      971       27      339 
    1508      660       17      338 
    1553      591       25      330 
    1578      864       18      324 
    1678      460        6      305 
    1698      670       16      303 
    1713      975        2      301 
    1760      599       11      292 
    1787      704        5      289 
    1853      939       16      280 
    1910      574       18      271 
    2011      536       12      256 
    2033      886       25      253 
    2120      412        8      239 
    2226      545       19      225 
    2238      767       24      223 
    2245      762       24      222 
    2327      653       13      212 
    2363      554        5      207 
    2380      871        2      205 
    2398      990       22      203 
    2650      748       25      172 
    2843      834       27      155 
    2844      747       15      154 
    2942      771       30      143 
    3155      631       15      121 
    3178      774        2      118 
    3244      899       11      112 
    3447      909       26       92 
    3555      529       12       82 
    3643      700       19       74 
    3743      374        4       66 
    3899      440       10       54 
    3963      327        1       49 
    4114      974        1       40 
    4399      848       30       22 
