Solution value 2286
    4133      109        9       39 *       48 
    4223      145       45       34 *       79 
    4250      145       45       32 *       77 
    4298      154       54       30 *       84 
    4334      157       57       28 *       85 
    4369      139       39       25 *       64 
    4418      120       20       22 *       42 
    4434      129       29       21 *       50 
    4506      111       11       18 *       29 
    4533      144       44       17 *       61 
    4611      167       67       14 *       81 
    4652      137       37       12 *       49 
    4718      114       14        9 *       23 
    4829      142       42        5 *       47 
    4898      165       65        2 *       67 
    4920      208      108        1 *      109 
