Solution value 11460
    4380      548       48      138 *      186 
    4390      570       70      133 *      203 
    4393      627      127      131 *      258 
    4495      923      423      103 *      526 
    4506      717      217      102 *      319 
    4516      689      189       99 *      288 
    4523      876      376       98 *      474 
    4583      658      158       83 *      241 
    4667      870      370       63 *      433 
    4807      523       23       28 *       51 
    4836     1121      621       23 *      644 
    4874      748      248       17 *      265 
    4902      758      258       12 *      270 
    4956      674      174        4 *      178 
    4991     1158      658        0 *      658 
