Solution value 289
    1546       10        1       31 
    1575       12        4       31 
    1576       11        4       31 *       35 
    1607       12        4       30 
    1772       10        1       28 
    1931       12        2       25 
    2021        9        2       24 
    2132       10        2       23 
    2248        6        2       21 
    2282       11        2       20 
    2317       11        2       20 
    2344       12        2       20 
    2434        9        1       19 
    2455        9        3       18 
    2496       14        5       18 
    2754        6        1       15 
    2767       11        2       14 
    2801        6        1       14 
    3004       11        3       12 
    3076       11        3       12 
    3122       10        3       11 
    3299        9        1       10 
    3320       12        2       10 
    3483       12        4        8 
    3945        7        3        5 
    4011       14        4        4 
    4423       11        3        2 
    4993       11        2        0 
