Solution value 2626
    3807      101        1       63 *       64 
    3938      121       21       55 *       76 
    4021      101        1       49 *       50 
    4191      109        9       38 *       47 
    4231      136       36       36 *       72 
    4234      147       47       35 *       82 
    4307      141       41       31 *       72 
    4455      142       42       23 *       65 
    4462      111       11       22 *       33 
    4466      120       20       22 *       42 
    4486      116       16       21 
    4495      166       66       20 
    4545      137       37       18 
    4699      116       16       11 
    4766      115       15        8 
    4778      115       15        8 
    4785      181       81        7 
    4822      140       40        6 
    4932      148       48        1 
    4980      163       63        0 
