Solution value 31431
    1144      903       21      405 *      426 
    1195      948       24      395 
    1213      850       12      390 
    1231      854        3      387 
    1232      916       20      387 
    1386      916       27      354 
    1430      452        6      345 
    1590      379        4      312 
    1685      662       24      298 
    1723      991       10      291 
    1741      774        2      289 
    1755      888        9      287 
    1774      994       30      284 
    1809      958       32      279 
    1840      831        9      274 
    1857      320        3      272 
    1918      822       12      263 
    1927      317        7      261 
    1978      699       11      253 
    2076      937       10      240 
    2186      770       27      227 
    2253      693        2      219 
    2265      316        6      216 
    2283      550       20      214 
    2480      816        8      188 
    2566      927       19      179 
    2628      928       16      172 
    2776      824       12      156 
    2813      734       25      152 
    2873      135        3      145 
    3143      829       25      116 
    3186      701       15      112 
    3255      753       14      106 
    3281      520       16      104 
    3402      850       30       94 
    3484      759        1       86 
    3533      745       12       82 
    3775      577       22       64 
    3790      324        2       63 
    3798      737       12       63 
    4128      466       14       39 
    4222      373        5       34 
    4478      803       11       21 
    4970      890        2        0 
