Solution value 1163
     113       80        3       54 *       57 
     115       76        2       53 
     127       98        2       50 
     144       46        3       47 
     171       95        2       44 
     173       73        1       44 
     181       75        4       43 
     198       89        1       41 
     251       50        3       36 
     325       59        3       29 
     365       53        4       26 
     379       48        4       25 
     497       24        1       18 
     534       67        2       16 
     724       78        5        7 
     799       79        3        4 
     868       73        3        2 
