Solution value 5556
     984      102        2      444 *      446 
     997      113       13      441 
    1032      114       14      436 
    1043      121       21      433 
    1059      104        4      431 
    1067      121       21      428 
    1068      108        8      428 
    1089      114       14      426 
    1255      123       23      386 
    1258      117       17      385 
    1262      113       13      384 
    1291      119       19      378 
    1304      106        6      377 
    1499      106        6      339 
    1501      120       20      339 
    1515      103        3      336 
    1551      107        7      331 
    1587      103        3      324 
    1618      103        3      320 
    1758      102        2      299 
    1769      117       17      298 
    1858      102        2      285 
    1908      103        3      276 
    2076      116       16      249 
    2122      105        5      243 
    2297      116       16      221 
    2380      121       21      210 
    2446      119       19      202 
    2459      102        2      200 
    2609      119       19      181 
    2614      114       14      181 
    2633      107        7      178 
    2722      118       18      167 
    2743      107        7      165 
    2919      110       10      145 
    2969      112       12      140 
    3054      112       12      130 
    3067      117       17      128 
    3105      106        6      123 
    3166      113       13      117 
    3257      119       19      107 
    3369      117       17       98 
    3438      105        5       92 
    3439      108        8       92 
    3468      110       10       90 
    3557      108        8       83 
    3583      105        5       80 
    3634      103        3       76 
    4337      107        7       28 
    4404      119       19       25 
