Solution value 280
    4194       13        3        3 *        6 
    4347       11        1        3 *        4 
    4389       16        6        2 *        8 
    4403       13        3        2 *        5 
    4424       12        2        2 *        4 
    4458       12        2        2 *        4 
    4476       14        4        2 *        6 
    4608       12        2        1 *        3 
    4676       12        2        1 *        3 
    4677       13        3        1 *        4 
    4680       11        1        1 *        2 
    4724       18        8        0 *        8 
    4812       11        1        0 *        1 
    4867       13        3        0 *        3 
    4870       16        6        0 *        6 
    4885       20       10        0 *       10 
    4901       11        1        0 *        1 
    4926       21       11        0 *       11 
    4947       11        1        0 *        1 
    4965       20       10        0 *       10 
