Solution value 12155
    3940      568       68      263 *      331 
    4059      606      106      225 *      331 
    4084      593       93      219 *      312 
    4116      600      100      211 *      311 
    4142      532       32      202 *      234 
    4219      760      260      183 *      443 
    4313      804      304      153 *      457 
    4347      609      109      143 *      252 
    4381      783      283      135 *      418 
    4482      573       73      110 *      183 
    4503      656      156      103 
    4522      598       98       95 
    4649      631      131       65 
    4653      770      270       63 
    4697      812      312       53 
    4777      715      215       35 
    4877      781      281       18 
    4941      764      264        8 
