Solution value 300
     320       13        3       30 
     324       11        1       30 *       31 
     377       11        1       26 
     381       14        4       25 
     391       12        2       25 
     426       15        5       22 
     429       18        8       22 
     430       11        1       22 
     442       13        3       21 
     447       14        4       21 
     529       12        2       17 
     541       15        5       16 
     579       12        2       13 
     624       14        4       11 
     651       12        2       11 
     691       11        1        9 
     719       14        4        8 
     737       13        3        7 
     796       14        4        5 
     808       15        5        5 
     821       13        3        4 
     835       11        1        4 
     993       12        2        0 
