Solution value 188
    4069       12        2        4 *        6 
    4170       10        3        3 *        6 
    4177       14        6        3 *        9 
    4479       12        4        1 *        5 
    4610       16        8        1 *        9 
    4675       18        8        1 *        9 
    4777        9        1        0 
    4794       15       10        0 
    4803       18        8        0 *        8 
    4847       29       19        0 *       19 
    4882       19       11        0 *       11 
    4920       16        7        0 *        7 
