Solution value 290
    4253       11        1        3 *        4 
    4334       15        5        2 *        7 
    4410       13        3        2 *        5 
    4423       14        4        2 *        6 
    4439       11        1        2 *        3 
    4453       15        5        2 *        7 
    4464       15        5        2 *        7 
    4519       11        1        1 *        2 
    4527       11        1        1 *        2 
    4546       11        1        1 *        2 
    4562       11        1        1 *        2 
    4589       17        7        1 *        8 
    4733       18        8        0 *        8 
    4741       13        3        0 *        3 
    4856       16        6        0 *        6 
    4873       11        1        0 *        1 
    4897       13        3        0 *        3 
    4903       18        8        0 *        8 
    4948       19        9        0 *        9 
    4967       12        2        0 *        2 
    4974       15        5        0 *        5 
