Solution value 2118
    4100      119       19       42 *       61 
    4406      171       71       24 *       95 
    4451      116       16       22 *       38 
    4465      159       59       21 *       80 
    4475      124       24       20 *       44 
    4598      133       33       14 *       47 
    4620      151       51       13 *       64 
    4755      199       99        7 *      106 
    4772      198       98        7 *      105 
    4797      140       40        6 *       46 
    4819      233      133        5 *      138 
    4943      157       57        1 *       58 
    4972      218      118        0 *      118 
