Solution value 10494
    3467      815       10       92 *      102 
    3541      965       43       85 *      128 
    3998      529       25       51 *       76 
    4033      665       36       48 *       84 
    4052      901        7       47 *       54 
    4095      980       22       44 *       66 
    4114      464       27       43 *       70 
    4117      355        4       42 *       46 
    4170      795       65       39 *      104 
    4203      265        7       36 *       43 
    4246      744       64       33 
    4300      659       51       31 
    4362      741       35       28 
    4384      611        9       26 
    4958      961       58        1 
    4982       44        9        0 
