Solution value 11888
    4021      534       34      244 *      278 
    4117      671      171      214 *      385 
    4216      715      215      183 *      398 
    4468      503        3      112 *      115 
    4473      663      163      111 *      274 
    4499      701      201      103 *      304 
    4501      833      333      103 *      436 
    4509      612      112       99 *      211 
    4545      645      145       90 *      235 
    4571      836      336       84 *      420 
    4681      890      390       58 *      448 
    4724     1082      582       47 *      629 
    4730      547       47       46 *       93 
    4788      632      132       34 *      166 
    4804      534       34       31 *       65 
    4816      856      356       27 *      383 
    4833      634      134       24 *      158 
