Solution value 243
    4056       12        2        4 *        6 
    4194       11        1        3 *        4 
    4314       17        7        2 *        9 
    4445       16        6        2 *        8 
    4470       12        2        2 *        4 
    4494       13        3        2 *        5 
    4525       13        3        1 *        4 
    4561       12        2        1 *        3 
    4716       21       11        0 *       11 
    4765       17        7        0 *        7 
    4785       19        9        0 *        9 
    4810       22       12        0 *       12 
    4834       12        2        0 *        2 
    4855       16        6        0 *        6 
    4906       13        3        0 *        3 
    4922       17        7        0 *        7 
