Solution value 2605
    1520       65        1       32 
    1526       71        2       32 *       34 
    1602       74        3       31 
    1632       44        1       30 
    1658       49        2       30 
    1674       69        2       30 
    1763       38        1       28 
    1813       26        1       28 
    1930       75        1       26 
    1964       89        4       26 
    2029       51        1       25 
    2254       74        2       22 
    2303       73        2       21 
    2527       66        1       19 
    2564       89        1       18 
    2593       79        1       18 
    2830       92        1       15 
    2858       80        2       15 
    2933       77        3       14 
    2939       56        2       14 
    3005       85        3       13 
    3052       30        1       13 
    3063       58        1       13 
    3084       56        2       13 
    3197       46        1       11 
    3224       39        1       11 
    3335       94        2       10 
    3337       82        2       10 
    3473       78        2        9 
    3483       28        1        9 
    3502       78        2        9 
    3604       35        1        8 
    3643       95        2        7 
    3702       72        2        7 
    4247       55        2        3 
    4279       49        1        3 
    4319       76        1        3 
    4376       98        4        2 
    4469       53        1        2 
    4913       61        2        0 
