Solution value 1453
     330       89        2       31 *       33 
     367       64        5       28 
     398       44        3       25 
     427       72        6       23 
     438       67        5       23 
     465       75        1       21 
     479       44        2       20 
     490      100        3       20 
     533       37        1       17 
     564       99        9       15 
     617       74        1       12 
     662       86        6       10 
     668       91        1       10 
     723       86        7        8 
     747       55        1        7 
     753       69        5        7 
     784       62        1        5 
     804       65        3        5 
     812       88        4        4 
     930       22        1        0 
     967       64        2        0 
