Solution value 11256
    4128      558       58      212 *      270 
    4179      553       53      191 *      244 
    4299      527       27      152 *      179 
    4382      562       62      128 *      190 
    4413      900      400      121 *      521 
    4609      638      138       73 *      211 
    4652      899      399       60 *      459 
    4659      726      226       59 *      285 
    4685      868      368       53 *      421 
    4737      843      343       43 *      386 
    4759      958      458       39 *      497 
    4797      641      141       32 *      173 
    4820      960      460       27 *      487 
    4835      718      218       25 *      243 
    4837      905      405       25 *      430 
