Solution value 1583
    4214       94       10       36 *       46 
    4332      127       42       30 *       72 
    4385      106       43       26 *       69 
    4413      179       92       25 *      117 
    4477      243      144       22 *      166 
    4484       91        7       21 *       28 
    4631      133       54       14 *       68 
    4673      137       85       12 *       97 
    4756       45       37        8 *       45 
    4790      217      136        7 *      143 
    4877      142      109        3 *      112 
    4931       69       34        1 *       35 
