Solution value 2772
    1490       97       21      332 *      353 
    1493       32        3      331 
    1501       90       10      330 
    1522       81       18      327 
    1618       95       14      308 
    1630      121       47      306 
    1685       95       13      296 
    1712       85       37      291 
    1744       66       18      287 
    1817       38       16      274 
    1857       45       11      268 
    1925      117       17      255 
    2033       93       13      239 
    2226      159       61      216 
    2291       36       14      208 
    2317       78       10      205 
    2451      137       50      190 
    2473      157       63      187 
    2558      122       26      180 
    2997       98        7      137 
    3162      110       36      120 
    3583       89       21       82 
    3673      103       23       75 
    3711       43        6       73 
    3886      136       44       59 
    4014       82        1       51 
    4049       88       18       49 
    4056       40       14       48 
    4083       41        6       46 
    4266       78        2       35 
    4808      120       28        6 
