Solution value 232
     354       15        5       28 *       33 
     369       16        6       27 
     384       16        6       26 
     459       11        1       21 
     478       18        8       19 
     479       13        3       19 
     532       16        6       16 
     549       16        6       15 
     629       11        1       11 
     660       11        1       10 
     673       15        5        9 
     738       15        5        6 
     777       16        6        5 
     850       15        5        3 
     875       14        4        2 
     909       14        4        1 
