Solution value 5376
    1048      105        5      424 *      429 
    1063      105        5      421 
    1079      102        2      415 
    1225      111       11      383 
    1275      105        5      374 
    1295      122       22      370 
    1308      117       17      367 
    1321      113       13      365 
    1395      105        5      351 
    1397      116       16      350 
    1492      119       19      331 
    1556      119       19      320 
    1588      114       14      314 
    1767      114       14      285 
    1785      109        9      283 
    1800      119       19      280 
    1851      119       19      273 
    1871      101        1      271 
    1906      112       12      266 
    1911      117       17      265 
    1995      115       15      253 
    2114      119       19      236 
    2149      101        1      231 
    2371      101        1      202 
    2393      120       20      199 
    2515      105        5      184 
    2540      110       10      180 
    2567      105        5      177 
    2574      116       16      176 
    2592      114       14      174 
    2600      119       19      173 
    2746      106        6      157 
    2856      115       15      147 
    2864      112       12      146 
    2867      101        1      145 
    2870      118       18      145 
    3196      107        7      113 
    3273      117       17      107 
    3329      109        9      103 
    3447      107        7       92 
    3473      122       22       90 
    3522      108        8       86 
    3611      114       14       78 
    3644      120       20       75 
    4041      110       10       48 
    4439      111       11       25 
    4879      104        4        3 
    4934      126       26        1 
