Solution value 158
     111        9        2       38 *       40 
     130       12        2       35 
     140       25       15       33 
     141       11        5       33 
     155        8        1       30 
     158        6        4       30 
     166       13        4       28 
     185       17        8       25 
     194       12        5       24 
     298        8        4       11 
     313       13        4       10 
     335        9        1        8 
     440       15        7        2 
