Solution value 48420
    3260     4386       36      556 *      592 
    3470     4975      145      464 *      609 
    3695     4455      135      369 *      504 
    3727     4720      209      354 *      563 
    3893     3130      227      297 *      524 
    3957     3395      172      273 *      445 
    4379     3016       22      141 *      163 
    4498     3423      255      108 *      363 
    4531     4421      116       98 *      214 
    4579     2389      139       87 *      226 
    4584     4794      435       86 
    4719     2089      173       52 
    4950     3227      177        5 
