Solution value 2398
    4129      150       50       39 *       89 
    4133      109        9       39 *       48 
    4223      145       45       34 *       79 
    4250      145       45       32 *       77 
    4298      154       54       30 *       84 
    4334      157       57       28 *       85 
    4369      139       39       25 *       64 
    4396      170       70       24 *       94 
    4418      120       20       22 *       42 
    4434      129       29       21 *       50 
    4506      111       11       18 
    4533      144       44       17 
    4611      167       67       14 
    4652      137       37       12 
    4718      114       14        9 
    4829      142       42        5 
    4898      165       65        2 
