Solution value 802
     110       28        1       37 
     112       32        1       37 *       38 
     122       67        5       36 
     138       85        6       33 
     139       72        6       33 
     146       93        5       32 
     157       56        5       30 
     163       86       11       29 
     226       57        6       21 
     227       22        1       21 
     325       57        6       11 
     359       13        1        7 
     476       91        8        0 
     495       43        1        0 
