Solution value 30279
     608      505        5     2721 *     2726 
     628      512       12     2674 
     642      522       22     2658 
     659      538       38     2624 
     678      560       60     2593 
     692      554       54     2563 
     766      524       24     2470 
     788      535       35     2438 
     850      508        8     2331 
     876      530       30     2295 
     912      524       24     2239 
     928      523       23     2216 
     931      512       12     2215 
    1145      519       19     2015 
    1281      504        4     1870 
    1327      534       34     1828 
    1342      513       13     1814 
    1468      563       63     1695 
    1488      554       54     1680 
    1548      545       45     1634 
    1554      566       66     1625 
    1561      585       85     1618 
    1562      580       80     1617 
    1666      503        3     1527 
    1726      552       52     1479 
    1745      569       69     1464 
    1812      534       34     1408 
    1932      539       39     1315 
    1944      533       33     1308 
    2110      586       86     1180 
    2165      541       41     1145 
    2246      553       53     1097 
    2426      530       30      980 
    2434      536       36      974 
    2483      536       36      946 
    2524      592       92      915 
    2745      577       77      805 
    2772      569       69      791 
    2837      535       35      761 
    2884      518       18      739 
    2925      552       52      720 
    2993      521       21      680 
    3008      580       80      670 
    3337      524       24      509 
    3452      560       60      459 
    3676      515       15      372 
    3683      538       38      368 
    3863      558       58      298 
    4051      540       40      227 
    4191      571       71      181 
    4239      522       22      164 
    4245      533       33      163 
    4312      526       26      147 
    4337      534       34      138 
    4788      558       58       32 
    4824      534       34       27 
