Solution value 50755
    3865     3916      195      312 *      507 
    3874     3764      151      310 *      461 
    3887     3364       85      304 *      389 
    3964     3338      113      277 *      390 
    4082     4428      301      234 *      535 
    4148     4619       54      214 *      268 
    4224     1067       27      192 *      219 
    4259     2489       45      178 *      223 
    4506     3961      334      109 *      443 
    4530     3635      277      103 *      380 
    4571     4198      426       91 
    4591     2120      128       87 
    4663     1184       10       69 
    4665     4951      476       68 
    4750     3721      104       50 
