Solution value 11027
    3435      991       41       86 *      127 
    3679      983       39       69 *      108 
    3787      510       14       63 *       77 
    3907      579       19       55 *       74 
    3924      683       10       54 *       64 
    3936      401        8       53 *       61 
    4069      672       21       44 *       65 
    4240      432       28       34 *       62 
    4241      955       34       34 *       68 
    4300      957       85       30 *      115 
    4471      883       40       20 
    4496      448        1       19 
    4601      421       34       13 
    4617      514       19       13 
    4642      694       35       12 
    4665      549       11       11 
    4890      355       39        3 
