Solution value 11701
    4137      529       29      201 *      230 
    4265      664      164      158 *      322 
    4266      554       54      157 *      211 
    4412      841      341      115 *      456 
    4453      718      218      106 *      324 
    4549      685      185       84 *      269 
    4598      772      272       75 *      347 
    4609      866      366       72 *      438 
    4617      546       46       69 *      115 
    4636      870      370       65 *      435 
    4706      535       35       51 *       86 
    4731      804      304       45 *      349 
    4748      749      249       42 *      291 
    4861      884      384       22 *      406 
    4870      902      402       21 *      423 
    4970      782      282        5 *      287 
