Solution value 240
     203       11        1       40 
     206       13        3       40 *       43 
     216       13        3       38 
     223       12        2       38 
     238       14        4       36 
     241       11        1       36 
     248       11        1       35 
     277       13        3       33 
     297       19        9       32 
     344       16        6       28 
     346       12        2       28 
     404       16        6       24 
     449       16        6       21 
     470       12        2       19 
     542       13        3       15 
     885       12        2        2 
     900       14        4        1 
     969       12        2        0 
