Solution value 57526
    3544     4877      202      431 *      633 
    3665     4814       79      383 *      462 
    3743     2820       39      356 *      395 
    3832     4547       86      325 *      411 
    3997     3050       17      258 *      275 
    4092     2839      131      230 *      361 
    4118     3280      157      221 *      378 
    4185     4604      146      200 *      346 
    4194     2772       38      197 *      235 
    4198     2940      116      195 *      311 
    4484     4197      173      108 *      281 
    4515     4438      210       98 *      308 
    4526     4801      138       96 *      234 
    4595     3927      142       79 *      221 
    4933     3620       95       11 *      106 
