Solution value 1299
    3696       92        2        6 *        8 
    3758       93        2        6 *        8 
    4061       86        3        4 *        7 
    4134       84        1        3 *        4 
    4155       73        2        3 *        5 
    4219       89        3        3 *        6 
    4319       68        5        2 *        7 
    4329       89        6        2 *        8 
    4340       46        1        2 *        3 
    4377       79        3        2 *        5 
    4423       64        1        2 *        3 
    4580       76        4        1 *        5 
    4623       91        9        1 *       10 
    4703       71        4        0 *        4 
    4766       98        7        0 *        7 
    4778      100       10        0 *       10 
