Solution value 1010
     147       87        4       33 *       37 
     149       86        9       32 
     150       99        6       32 
     152       40        2       31 
     162       20        1       30 
     172       23        2       28 
     179       84        4       27 
     209       53        4       23 
     213       94        9       23 
     214       77       10       23 
     220       76        2       22 
     228       43        3       21 
     306       89        2       11 
     323       27        2       10 
     343       62        4        8 
     495       50        3        0 
