Solution value 48179
    3865     3916      195      312 *      507 
    3887     3364       85      304 *      389 
    4082     4428      301      234 *      535 
    4148     4619       54      214 *      268 
    4259     2489       45      178 *      223 
    4506     3961      334      109 *      443 
    4530     3635      277      103 *      380 
    4571     4198      426       91 *      517 
    4591     2120      128       87 *      215 
    4663     1184       10       69 *       79 
    4665     4951      476       68 *      544 
    4734     3896      442       54 *      496 
    4750     3721      104       50 *      154 
    4790     1697      208       39 *      247 
