Solution value 11751
    4106      583       83      220 *      303 
    4169      555       55      204 *      259 
    4331      619      119      156 *      275 
    4342      561       61      154 *      215 
    4379      724      224      142 *      366 
    4487      636      136      114 *      250 
    4506      842      342      109 *      451 
    4557      649      149       96 *      245 
    4625      828      328       81 *      409 
    4636      604      104       79 *      183 
    4648      837      337       76 *      413 
    4658      833      333       73 *      406 
    4672      711      211       71 *      282 
    4677      548       48       70 *      118 
    4712      583       83       61 *      144 
    4923      650      150       12 *      162 
    4966      988      488        5 *      493 
