Solution value 12434
    2223      478      105     1065 *     1170 
    2271      430       77     1040 
    2511      441      158      904 
    2578      559      222      861 
    2687      653      257      809 
    2766      848      376      768 
    2789      532      159      755 
    2867      108       38      711 
    2868      709      264      711 
    2932      357      191      678 
    3089      334       33      600 
    3107      826      379      592 
    3367      449      119      478 
    3427      269       46      453 
    3629      221        2      376 
    3661      758      287      366 
    3710      638      278      351 
    3756      773      290      336 
    3838      412       14      300 
    3859        1        3      288 
    3956      198       35      253 
    4234      597      113      167 
    4295      703      282      150 
    4564      492       13       85 
    4938      648      182        8 
