Solution value 26904
     716      569       69     2596 *     2665 
     717      505        5     2595 
     722      571       71     2588 
     738      582       82     2568 
     765      510       10     2516 
     795      505        5     2476 
     812      531       31     2458 
     816      512       12     2451 
     834      519       19     2428 
     865      544       44     2391 
     896      561       61     2353 
     923      508        8     2323 
    1004      576       76     2240 
    1048      546       46     2174 
    1089      600      100     2127 
    1126      561       61     2081 
    1212      551       51     1982 
    1278      549       49     1914 
    1337      528       28     1860 
    1374      582       82     1833 
    1402      567       67     1802 
    1404      577       77     1800 
    1419      536       36     1779 
    1496      559       59     1695 
    1578      586       86     1613 
    1663      503        3     1531 
    1720      540       40     1495 
    1727      504        4     1489 
    1817      531       31     1423 
    1853      572       72     1392 
    2092      517       17     1200 
    2200      510       10     1121 
    2286      529       29     1060 
    2344      547       47     1029 
    2378      587       87     1002 
    2398      554       54      987 
    2510      555       55      922 
    2550      585       85      896 
    2642      540       40      844 
    2746      544       44      793 
    2823      545       45      753 
    3035      579       79      643 
    3346      553       53      492 
    3502      575       75      427 
    3986      536       36      254 
    4287      581       81      158 
    4655      515       15       67 
    4749      584       84       46 
    4795      583       83       37 
