Solution value 24946
     751      525       25     2554 *     2579 
     761      515       15     2542 
     783      532       32     2506 
     827      576       76     2444 
     856      530       30     2403 
     875      543       43     2380 
     937      502        2     2305 
    1041      541       41     2168 
    1103      516       16     2107 
    1104      516       16     2105 
    1144      540       40     2061 
    1184      607      107     2007 
    1223      566       66     1968 
    1310      514       14     1859 
    1370      546       46     1810 
    1449      525       25     1738 
    1519      571       71     1675 
    1612      556       56     1580 
    1832      505        5     1369 
    1855      579       79     1350 
    1968      503        3     1278 
    2149      569       69     1158 
    2220      538       38     1109 
    2249      550       50     1096 
    2392      525       25     1006 
    2412      541       41      995 
    2417      611      111      992 
    2445      505        5      974 
    2527      531       31      936 
    2635      567       67      871 
    2696      598       98      843 
    2749      518       18      814 
    2858      606      106      761 
    2944      597       97      707 
    2987      610      110      679 
    3071      600      100      634 
    3101      610      110      615 
    3254      649      149      542 
    3511      596       96      429 
    3966      587       87      267 
    4021      534       34      244 
    4468      503        3      112 
    4509      612      112       99 
    4730      547       47       46 
    4804      534       34       31 
