Solution value 3158
    1424       87       25      343 *      368 
    1436       78        6      341 
    1460      128       41      337 
    1551       32        4      319 
    1624      101        5      307 
    1642       67        3      304 
    1701       55       17      295 
    1810       94        9      277 
    1885      122       36      265 
    1901      100        3      262 
    1934      105       25      255 
    1944      130       32      253 
    1975      135       42      248 
    2205       65        3      219 
    2232       45        6      215 
    2240      111       26      215 
    2281       90        3      211 
    2340      128       34      204 
    2445       41        9      192 
    2460      116       26      191 
    2607       88        2      176 
    2842      130       30      151 
    2863      106       35      149 
    3030      103       35      132 
    3084      117       34      126 
    3128       19        1      121 
    3146      120       22      120 
    3195      108       30      116 
    3274       61        6      109 
    3506       76       25       88 
    3881       91       20       58 
    3973       94       32       52 
    4278       61        1       31 
    4428       61       22       24 
    4452       43        5       22 
    4494       50        2       20 
