Solution value 129920
     456     4719       11     3036 *     3047 
     477     4858       80     3003 
     528     4574       66     2909 
     535     2824        7     2905 
     574     4772       64     2829 
     666      753       22     2671 
     729     4298        2     2575 
     738     4620       47     2557 
     744     2940       90     2548 
     784     2822       31     2481 
     828     4113       16     2428 
     863     4745       32     2376 
    1018     4797      150     2170 
    1227     4925       38     1946 
    1245     4423      150     1936 
    1262     1263       10     1915 
    1266     3242       13     1909 
    1314     2652       47     1861 
    1374     4293      139     1810 
    1405     2786       50     1781 
    1519     3102       66     1682 
    1524     2393       87     1674 
    1615     4793       10     1582 
    1803     2400       81     1419 
    1819      992       13     1406 
    1848     3518       55     1388 
    1893     2670       57     1357 
    1896      481        8     1356 
    2272     4164      113     1087 
    2528      980       16      938 
    2687     4316        5      844 
    2724     3304       47      824 
    2853     2764        4      754 
    3044     3180        9      658 
    3887     3364       85      304 
    4148     4619       54      214 
    4224     1067       27      192 
    4259     2489       45      178 
    4663     1184       10       69 
    4750     3721      104       50 
