Solution value 11128
    3484      759        1       86 *       87 
    3533      745       12       82 *       94 
    3775      577       22       64 *       86 
    3798      737       12       63 *       75 
    4084      655       27       42 *       69 
    4087      996       50       42 *       92 
    4128      466       14       39 *       53 
    4222      373        5       34 *       39 
    4321      889       75       28 *      103 
    4329      434       53       28 *       81 
    4346      825       51       27 
    4413      255       17       24 
    4478      803       11       21 
    4826      796       55        5 
    4908      928       83        2 
    4970      890        2        0 
