Solution value 4874
    1037      110       10      426 *      436 
    1046      117       17      425 
    1080      104        4      418 
    1086      118       18      417 
    1138      119       19      404 
    1139      117       17      404 
    1189      115       15      392 
    1197      108        8      391 
    1364      117       17      358 
    1368      121       21      357 
    1381      114       14      354 
    1599      112       12      312 
    1614      102        2      308 
    1697      101        1      293 
    1778      108        8      284 
    1893      110       10      268 
    1922      124       24      263 
    1957      101        1      257 
    2055      110       10      243 
    2177      110       10      225 
    2182      124       24      224 
    2240      104        4      216 
    2249      109        9      215 
    2415      104        4      195 
    2428      114       14      193 
    2460      101        1      189 
    2607      125       25      172 
    2639      123       23      169 
    2747      107        7      157 
    2782      104        4      153 
    2793      125       25      152 
    2850      102        2      145 
    2873      110       10      143 
    3245      101        1      108 
    3420      108        8       93 
    3425      127       27       92 
    3544      123       23       81 
    3587      132       32       79 
    3590      121       21       78 
    3682      113       13       70 
    4100      119       19       42 
    4451      116       16       22 
    4475      124       24       20 
