Solution value 2625
    3878      119       19       53 *       72 
    4051      109        9       43 *       52 
    4142      126       26       37 *       63 
    4226      111       11       33 *       44 
    4384      152       52       24 *       76 
    4441      157       57       21 *       78 
    4465      102        2       19 *       21 
    4577      121       21       14 *       35 
    4597      162       62       13 *       75 
    4621      186       86       12 *       98 
    4630      113       13       11 
    4674      160       60        9 
    4679      145       45        9 
    4714      226      126        8 
    4746      112       12        7 
    4787      112       12        5 
    4818      141       41        4 
    4827      138       38        4 
    4833      133       33        4 
