Solution value 826
     668       91        1       10 *       11 
     723       86        7        8 *       15 
     747       55        1        7 *        8 
     753       69        5        7 *       12 
     784       62        1        5 *        6 
     804       65        3        5 *        8 
     812       88        4        4 *        8 
     824       50        4        3 *        7 
     915       34        3        1 *        4 
     927       96       10        1 *       11 
     930       22        1        0 *        1 
     967       64        2        0 *        2 
     969       44        7        0 *        7 
