Solution value 280
    4034       12        2        4 *        6 
    4048       12        2        4 *        6 
    4061       11        1        4 *        5 
    4145       13        3        3 *        6 
    4161       13        3        3 *        6 
    4177       11        1        3 *        4 
    4224       11        1        3 *        4 
    4317       12        2        2 
    4352       11        1        2 
    4394       15        5        2 
    4413       18        8        2 
    4434       15        5        2 
    4451       14        4        2 *        6 
    4457       17        7        2 *        9 
    4486       15        5        2 *        7 
    4603       11        1        1 
    4619       17        7        1 
    4693       15        5        1 
    4707       12        2        0 
    4734       11        1        0 
    4785       14        4        0 
