Solution value 2371
     776       65        2       48 
     778       63        2       48 
     815       77        1       48 *       49 
     819       95        1       47 
     864       72        1       46 
     905       80        1       45 
     984       48        1       43 
    1028       91        3       42 
    1078       61        2       41 
    1185       84        3       39 
    1266       96        2       37 
    1317       96        1       36 
    1357       76        2       35 
    1631       73        2       31 
    1716       59        1       29 
    1780       80        2       28 
    2053       74        1       24 
    2247       76        1       21 
    2398       62        2       20 
    2534       34        1       18 
    2779       41        1       15 
    2844       99        1       14 
    2898       27        1       13 
    2993       58        2       12 
    3136       86        2       11 
    3225       45        1       10 
    3258       57        1       10 
    3875       78        1        5 
    3910       77        2        5 
    4343       50        1        2 
    4472       83        2        2 
    4637       38        1        1 
    4810       97        2        0 
    4997       73        2        0 
