Solution value 1104
      93       30        2       44 *       46 
      96       99        1       43 
     125       77        3       35 
     132      100        9       34 
     146       65        5       32 
     164       86        5       29 
     191       74        4       25 
     205       90        4       23 
     256       25        1       18 
     321       72        3       10 
     358       89        6        7 
     409       93        5        3 
     460       43        1        1 
     468       69        3        0 
     491       92        3        0 
