Solution value 2533
     945      122       31      446 *      477 
     963       87       11      442 
     999       82       23      433 
    1044       60        1      420 
    1048      120       30      420 
    1067      105       14      414 
    1158      123       39      394 
    1188      107       15      384 
    1195       56       15      382 
    1293       82        9      365 
    1576      103        7      315 
    1692       42        5      297 
    1738       20        4      290 
    1811       99       20      282 
    1855       57        6      272 
    1963       73       20      257 
    2212      110       34      219 
    2258      121       33      214 
    2307       69        7      207 
    2418      100       29      193 
    2514      108       31      181 
    2580       63       11      173 
    2681      113       16      161 
    2932       98       30      136 
    2982       76       17      132 
    3023       36        7      129 
    3341      128       39       98 
    3710      143       45       68 
    4976       30        4        0 
