Solution value 274
    1148       10        1       40 *       41 
    1202        8        2       39 
    1330       10        1       37 
    1334        4        1       37 
    1337       12        2       36 
    1396       12        3       35 
    1610        9        3       31 
    1616       12        4       31 
    1678        7        2       30 
    1817        4        1       28 
    1872        8        1       27 
    1918       15        5       26 
    2178       12        2       22 
    2195        5        1       22 
    2212       14        4       22 
    2317       12        2       21 
    2351        8        1       20 
    2364       10        2       20 
    2519        9        1       18 
    2691       10        1       16 
    2952        8        1       13 
    3112        8        1       11 
    3440       12        4        8 
    3889       12        4        5 
    4069       12        2        4 
    4170       10        3        3 
    4479       12        4        1 
    4777        9        1        0 
