Solution value 192
     739       12        2        6 *        8 
     762       11        1        6 *        7 
     794       12        2        5 *        7 
     856       11        1        3 *        4 
     878       24       14        2 *       16 
     881       20       10        2 *       12 
     884       19        9        2 *       11 
     915       19        9        1 *       10 
     927       16        6        1 *        7 
     958       15        5        0 
     961       13        3        0 
     972       20       10        0 *       10 
