Solution value 272
    1646       11        1       30 *       31 
    1714       13        4       29 
    1734        9        3       28 
    1740        9        1       28 
    1834       11        3       27 
    1845       13        5       26 
    1886        3        1       26 
    1999        5        1       24 
    2018        7        1       24 
    2119       11        3       22 
    2209       10        2       21 
    2217        9        1       21 
    2294       11        3       20 
    2366        6        2       19 
    2606        8        3       16 
    2728       10        1       15 
    2734        8        2       15 
    2912       11        3       13 
    2947       14        4       13 
    3019       12        2       12 
    3042        3        1       12 
    3392        9        3        9 
    3517        7        1        8 
    3572       14        4        7 
    3721        2        1        6 
    4038       12        3        4 
    4334       14        5        2 
    4619       10        3        1 
    4674       10        3        0 
