Solution value 225
     138       16        6       35 
     141       14        4       35 *       39 
     147       11        1       33 
     190       15        5       25 
     192       14        4       25 
     197       14        4       24 
     200       18        8       23 
     227       17        7       20 
     229       18        8       20 
     257       13        3       17 
     263       13        3       16 
     265       14        4       16 
     291       14        4       14 
     350       12        2        7 
     443       11        1        2 
     453       11        1        2 
