Solution value 1224
    3381       81        1        9 *       10 
    3614       80        4        7 *       11 
    3685       93        2        7 *        9 
    3735       75        4        6 *       10 
    3800       88        2        6 *        8 
    4052       72        1        4 *        5 
    4231       92        8        3 *       11 
    4395       74        1        2 *        3 
    4435       86        2        2 *        4 
    4535       92        6        1 *        7 
    4540       92        7        1 *        8 
    4622       37        2        1 *        3 
    4692       55        2        0 *        2 
    4779       97        6        0 *        6 
    4797       78        1        0 *        1 
    4869       32        2        0 *        2 
