Solution value 234
     265       12        2       36 *       38 
     291       13        3       34 
     300       16        6       33 
     302       12        2       33 
     339       11        1       30 
     341       14        4       30 
     471       14        4       20 
     523       13        3       17 
     525       16        6       17 
     527       15        5       17 
     590       13        3       14 
     599       15        5       13 
     635       13        3       11 
     654       14        4       10 
     666       16        6        9 
     702       13        3        8 
     882       14        4        2 
