Solution value 5931
     900      107        7      469 *      476 
     910      114       14      467 
     943      111       11      459 
     952      104        4      457 
    1008      106        6      442 
    1013      116       16      440 
    1035      103        3      435 
    1049      115       15      432 
    1076      111       11      425 
    1116      113       13      417 
    1133      113       13      413 
    1134      104        4      413 
    1158      109        9      409 
    1272      112       12      384 
    1363      117       17      364 
    1394      109        9      357 
    1512      110       10      335 
    1587      101        1      321 
    1635      112       12      314 
    1732      104        4      297 
    1769      115       15      290 
    1809      116       16      283 
    1966      110       10      261 
    1969      105        5      260 
    1975      102        2      259 
    2018      105        5      254 
    2024      114       14      253 
    2087      106        6      242 
    2363      105        5      206 
    2380      120       20      204 
    2390      119       19      203 
    2401      105        5      201 
    2483      106        6      192 
    2857      107        7      150 
    2976      104        4      137 
    3016      115       15      132 
    3086      103        3      124 
    3213      101        1      112 
    3236      105        5      110 
    3283      115       15      107 
    3345      114       14      102 
    3395      110       10       97 
    3444      115       15       92 
    3556      116       16       83 
    3570      103        3       82 
    3807      101        1       63 
    4021      101        1       49 
    4191      109        9       38 
    4462      111       11       22 
    4466      120       20       22 
    4486      116       16       21 
    4699      116       16       11 
    4766      115       15        8 
    4778      115       15        8 
