Solution value 11252
    3275      983        4      105 *      109 
    3681      745       13       72 *       85 
    3771      950       65       66 *      131 
    3919      667       10       55 *       65 
    4103      276        5       43 *       48 
    4190      756       24       37 *       61 
    4192      512       14       37 *       51 
    4215      652       21       36 *       57 
    4276      690       65       32 *       97 
    4282      957       30       31 *       61 
    4324      984       57       28 
    4409      821       60       24 
    4431      408       42       22 
    4434      103       10       22 
    4456      869       40       21 
    4639      879       24       12 
