Solution value 261
    4061       11        1        4 *        5 
    4161       13        3        3 *        6 
    4177       11        1        3 *        4 
    4224       11        1        3 *        4 
    4317       12        2        2 *        4 
    4352       11        1        2 *        3 
    4394       15        5        2 *        7 
    4434       15        5        2 *        7 
    4451       14        4        2 *        6 
    4486       15        5        2 *        7 
    4587       17        7        1 *        8 
    4603       11        1        1 *        2 
    4619       17        7        1 *        8 
    4693       15        5        1 *        6 
    4707       12        2        0 *        2 
    4734       11        1        0 *        1 
    4785       14        4        0 *        4 
    4843       19        9        0 *        9 
    4996       17        7        0 *        7 
