Solution value 12811
    1123      430       30     2157 *     2187 
    1186      729      237     2091 
    1222      279       30     2050 
    1328      422       64     1926 
    1334      507       57     1921 
    1411      471       81     1837 
    1507      103       12     1735 
    1518      531      157     1725 
    1524      456      174     1720 
    1585      488       37     1651 
    1605      484       50     1634 
    1670      477      183     1566 
    1747      262       76     1498 
    1769      459      153     1477 
    1964      676      234     1330 
    2092      219       46     1223 
    2292      209       72     1101 
    2307      360       50     1092 
    2317      110       23     1085 
    2318      670      214     1085 
    2342      587      186     1068 
    2381      503       13     1043 
    2631      186       25      879 
    2704      234       19      839 
    2772      375       33      799 
    3211      487      108      585 
    3256      332       19      561 
    3287      464       99      546 
    3592      407       93      413 
    3703      371       90      374 
    3734      523      178      363 
