Solution value 1568
    3973      135       39       50 *       89 
    4177      117       52       38 *       90 
    4443      212      135       23 *      158 
    4520      153      106       19 *      125 
    4613      188       94       14 *      108 
    4668      126       41       11 *       52 
    4689      304      206       10 *      216 
    4690       40       11       10 *       21 
    4803      137       53        6 *       59 
    4959      156       80        1 *       81 
