Solution value 50797
    3970     4504      341      265 *      606 
    4193     4150      158      199 *      357 
    4223     4273      338      189 *      527 
    4247     3706        5      179 *      184 
    4263     4570      462      174 *      636 
    4439     4826      593      117 *      710 
    4481     3639      383      108 *      491 
    4485     1415        3      106 *      109 
    4488     3606       23      106 *      129 
    4523     2924      246       98 *      344 
    4614     2511       10       70 
    4653     4254      334       62 
    4693     2480      311       53 
    4808      511       34       28 
    4829     3428      158       24 
