Solution value 156529
    1082     4103      101     2055 *     2156 
    1097     4377       22     2040 
    1098     4674       73     2038 
    1107     4286      112     2025 
    1114     4665       30     2018 
    1211     4824      161     1914 
    1226     4502      153     1905 
    1234     4712      109     1898 
    1235     4026       97     1898 
    1243     1891       66     1891 
    1260     2536       16     1873 
    1264     2964       17     1869 
    1289     1340       37     1851 
    1308     2702       54     1836 
    1373     2154       68     1775 
    1413     3316       26     1734 
    1440     2086       18     1709 
    1476     4868       28     1673 
    1593     3683       60     1566 
    1727     3132      127     1457 
    1774     3891       52     1420 
    1896     3837      143     1325 
    2123     2064       52     1164 
    2263     4063       66     1072 
    2425     4933      122      968 
    2437     3295       65      959 
    2614     3702       96      846 
    2629     4825       19      836 
    2759     4065       16      767 
    2849     3330      135      719 
    2858     1188        4      715 
    2956     3011      108      660 
    3153     1691       53      562 
    3246     4801        1      525 
    3413     3863       31      449 
    3416     4699      124      449 
    3442     4333       34      442 
    3489     3283       65      426 
    3492     1293        5      425 
    3511     2029       37      417 
    3592     2736       65      382 
    3842     4852      165      289 
    4283     4098       66      159 
    4373      908       26      135 
    4413     4898       16      124 
