Solution value 2348
    4038      125       25       47 *       72 
    4257      101        1       34 *       35 
    4288      139       39       31 *       70 
    4314      108        8       30 *       38 
    4321      102        2       30 *       32 
    4330      156       56       29 *       85 
    4423      118       18       24 *       42 
    4486      139       39       21 *       60 
    4492      153       53       20 *       73 
    4520      166       66       19 *       85 
    4581      117       17       16 *       33 
    4584      146       46       16 *       62 
    4663      196       96       13 *      109 
    4760      161       61        8 *       69 
    4807      102        2        6 *        8 
    4877      208      108        3 *      111 
    4910      111       11        2 *       13 
