Solution value 442
    1759       12        2       28 
    1763       12        2       28 *       30 
    1809       12        2       27 
    1857       12        2       26 
    1920       13        3       25 
    2039       11        1       24 
    2336       11        1       20 
    2352       13        3       20 
    2455       11        1       18 
    2470       12        2       18 
    2509       13        3       18 
    2574       13        3       17 
    2595       11        1       17 
    2632       13        3       16 
    2670       12        2       16 
    2713       11        1       15 
    2836       12        2       14 
    2858       12        2       14 
    2876       12        2       14 
    2885       13        3       14 
    2927       11        1       13 
    3113       11        1       11 
    3134       11        1       11 
    3186       13        3       11 
    3390       13        3        9 
    3491       12        2        8 
    3752       12        2        6 
    4062       12        2        4 
    4072       11        1        4 
    4073       12        2        4 
    4109       12        2        4 
    4117       12        2        4 
    4181       12        2        3 
    4206       12        2        3 
    4397       11        1        2 
    4422       11        1        2 
    4824       13        3        0 
