Solution value 2506
    4191      109        9       38 *       47 
    4231      136       36       36 *       72 
    4307      141       41       31 *       72 
    4455      142       42       23 *       65 
    4462      111       11       22 *       33 
    4466      120       20       22 *       42 
    4486      116       16       21 *       37 
    4495      166       66       20 *       86 
    4545      137       37       18 *       55 
    4554      171       71       18 *       89 
    4699      116       16       11 *       27 
    4766      115       15        8 *       23 
    4778      115       15        8 *       23 
    4785      181       81        7 *       88 
    4822      140       40        6 *       46 
    4908      179       79        2 *       81 
    4932      148       48        1 *       49 
    4980      163       63        0 *       63 
