Solution value 7431
    4006      451       44      254 *      298 
    4147      859      485      215 *      700 
    4180     1258      765      199 *      964 
    4261      489      191      178 *      369 
    4265      736      289      177 *      466 
    4453      737      453      116 *      569 
    4558      829      471       85 *      556 
    4563      248       64       85 *      149 
    4667        1       12       62 *       74 
    4673      698      292       60 *      352 
    4681      727      301       59 
    4892      398      201       17 
