Solution value 13847
     931      180       10     2312 *     2322 
     961      648      149     2261 
     975      661      186     2249 
    1010      359       14     2202 
    1021      494        2     2189 
    1033      464      123     2172 
    1102      524       45     2098 
    1152      344       44     2050 
    1174      484      107     2019 
    1231      499       72     1964 
    1241      578      119     1955 
    1259      266        4     1931 
    1393      321       69     1786 
    1488      534      150     1684 
    1502      563      148     1675 
    1587      217       21     1614 
    1767      579      117     1457 
    1812      442       15     1421 
    2059      217       72     1252 
    2492      654      177      966 
    2568      478      116      921 
    2677      609      132      850 
    2693      645      147      843 
    3622      590      127      391 
    3797      373       86      325 
    4091      511      130      222 
    4181      592      106      200 
    4329      280       38      145 
    4409      333       66      123 
    4901      408       94       10 
