Solution value 12483
    3966      587       87      267 *      354 
    4021      534       34      244 *      278 
    4117      671      171      214 *      385 
    4350      809      309      144 *      453 
    4454      996      496      114 *      610 
    4468      503        3      112 *      115 
    4473      663      163      111 *      274 
    4499      701      201      103 *      304 
    4501      833      333      103 *      436 
    4509      612      112       99 *      211 
    4545      645      145       90 
    4571      836      336       84 
    4681      890      390       58 
    4730      547       47       46 
    4788      632      132       34 
    4804      534       34       31 
    4816      856      356       27 
    4833      634      134       24 
