Solution value 2621
     928       91        1       44 *       45 
     960       89        1       43 
    1019       98        3       42 
    1043       62        2       42 
    1065       64        2       41 
    1068       82        1       41 
    1153       92        3       39 
    1170       84        2       39 
    1236       94        3       38 
    1354       87        1       35 
    1416       96        2       34 
    1549       72        2       32 
    1587       63        1       31 
    1633       87        2       30 
    1879       97        2       26 
    2381       75        2       19 
    2441       96        3       18 
    2645       96        1       16 
    2796       69        2       14 
    2938       66        2       13 
    2991       60        1       12 
    3004       78        2       12 
    3035       85        2       12 
    3126       55        1       11 
    3260       60        1       10 
    3381       81        1        9 
    3470       51        1        8 
    3685       93        2        7 
    3800       88        2        6 
    4052       72        1        4 
    4395       74        1        2 
    4435       86        2        2 
    4797       78        1        0 
