Solution value 2532
    3999      110       10       49 *       59 
    4038      125       25       47 *       72 
    4052      143       43       46 *       89 
    4112      149       49       42 *       91 
    4257      101        1       34 *       35 
    4288      139       39       31 *       70 
    4314      108        8       30 *       38 
    4321      102        2       30 *       32 
    4330      156       56       29 *       85 
    4423      118       18       24 *       42 
    4486      139       39       21 
    4492      153       53       20 
    4520      166       66       19 
    4552      186       86       18 
    4581      117       17       16 
    4584      146       46       16 
    4760      161       61        8 
    4807      102        2        6 
    4910      111       11        2 
