Solution value 12107
    3992      599       99      255 *      354 
    4137      529       29      201 *      230 
    4265      664      164      158 *      322 
    4266      554       54      157 *      211 
    4293      757      257      149 *      406 
    4382      793      293      124 *      417 
    4453      718      218      106 *      324 
    4549      685      185       84 *      269 
    4598      772      272       75 *      347 
    4609      866      366       72 *      438 
    4617      546       46       69 
    4636      870      370       65 
    4706      535       35       51 
    4731      804      304       45 
    4748      749      249       42 
    4861      884      384       22 
    4970      782      282        5 
