Solution value 175256
    1004     3745        5     2189 *     2194 
    1040     4158       53     2140 
    1043     4661       34     2132 
    1068     4656       91     2102 
    1074     2251       44     2097 
    1088     3946      120     2078 
    1106     4377       45     2062 
    1114     3301       13     2052 
    1151     4524       56     2015 
    1202     4699      122     1967 
    1308     2015       49     1870 
    1373     4243       38     1798 
    1433     3831      104     1726 
    1458     1496       23     1708 
    1555     4678       97     1613 
    1721     3821       92     1479 
    1785     3622       99     1417 
    1854     3743       24     1363 
    1869     2260       44     1353 
    1978     4391      103     1292 
    1986      755       28     1286 
    2038     2381       62     1246 
    2088     4830      152     1211 
    2173     4196       11     1156 
    2176     4163       58     1153 
    2305     4561       93     1070 
    2321     3787       54     1061 
    2500     4128       62      943 
    2666     2861       16      858 
    2705     4984        3      841 
    3058     3729       39      646 
    3537     3805      122      426 
    3587     4850      102      403 
    3695     4516       95      368 
    3753     2034       21      343 
    3841     4665       51      313 
    3885     4267       96      300 
    3920     4287        7      288 
    3939     3790       10      281 
    4012     3357       86      257 
    4073     3019       81      234 
    4196     3806       37      193 
    4381     4641       89      142 
    4401     4509       21      137 
    4711     4155       75       57 
    4831     4762       84       28 
