Solution value 5771
    1497      101        1      329 *      330 
    1522      110       10      325 
    1532      113       13      323 
    1558      110       10      319 
    1596      106        6      310 
    1604      115       15      309 
    1662      105        5      300 
    1687      119       19      296 
    1732      115       15      288 
    1766      118       18      283 
    1873      119       19      266 
    1925      118       18      260 
    2033      114       14      245 
    2086      113       13      237 
    2201      110       10      223 
    2279      119       19      214 
    2297      117       17      213 
    2309      122       22      212 
    2318      104        4      211 
    2385      107        7      200 
    2438      108        8      193 
    2528      118       18      184 
    2612      119       19      174 
    2900      118       18      142 
    2956      110       10      136 
    2964      124       24      135 
    3041      122       22      126 
    3165      102        2      114 
    3174      120       20      113 
    3238      118       18      107 
    3272      101        1      104 
    3476      117       17       85 
    3507      121       21       82 
    3544      108        8       79 
    3673      121       21       70 
    3696      118       18       68 
    3721      115       15       66 
    3835      130       30       59 
    3909      107        7       52 
    3927      111       11       51 
    4040      103        3       44 
    4083      112       12       41 
    4148      118       18       38 
    4214      101        1       34 
    4328      118       18       28 
    4337      112       12       28 
    4446      120       20       22 
    4528      106        6       19 
    4670      109        9       12 
    4694      107        7       11 
    4812      102        2        6 
