Solution value 11748
    3921      525       25      277 *      302 
    4095      698      198      219 *      417 
    4133      529       29      206 *      235 
    4174      502        2      193 *      195 
    4220      529       29      182 *      211 
    4307      768      268      155 *      423 
    4321      611      111      152 *      263 
    4337      574       74      147 *      221 
    4401      656      156      130 *      286 
    4474      677      177      110 *      287 
    4487      517       17      107 *      124 
    4552      535       35       87 *      122 
    4588      540       40       81 *      121 
    4591      701      201       80 *      281 
    4592      783      283       80 *      363 
    4858      736      236       20 *      256 
    4861      794      294       20 *      314 
    4980     1073      573        1 *      574 
