Solution value 2551
    1472       53        5      348 *      353 
    1486      124       27      345 
    1572      102       35      331 
    1640      123       23      316 
    1729      102       17      301 
    1843       68        3      285 
    1895       73       29      278 
    1897      103       22      278 
    1999       58        4      260 
    2013      133       52      258 
    2034      128       54      255 
    2046      143       55      252 
    2056       77       13      251 
    2167       78       26      235 
    2280      104       25      220 
    2350       75       15      210 
    2399      115       19      203 
    2568       22        7      183 
    2580       84       28      182 
    2670       74       10      172 
    2707       44       18      169 
    3059       62        6      132 
    3394       81       23       98 
    3763       54       12       68 
    3823       30       12       64 
    3918       55        7       56 
    4000       73       27       50 
    4165       51        3       40 
    4492      137       38       21 
    4597      125       37       15 
