Solution value 2346
    1183       60        1       38 *       39 
    1259       73        2       37 
    1308       35        1       36 
    1362      100        2       35 
    1386       64        2       34 
    1426       97        3       33 
    1440       58        1       33 
    1447       76        3       33 
    1735       92        3       28 
    1768       69        2       28 
    1855       43        1       27 
    1868       88        3       26 
    1928       71        3       25 
    1944       90        3       25 
    2348       80        2       20 
    2595       86        1       17 
    2806       78        2       14 
    2964       91        1       13 
    3050       79        1       12 
    3199       51        2       11 
    3555       65        2        7 
    3571       44        1        7 
    3696       92        2        6 
    3703       50        2        6 
    3758       93        2        6 
    4061       86        3        4 
    4134       84        1        3 
    4155       73        2        3 
    4219       89        3        3 
    4340       46        1        2 
    4377       79        3        2 
    4423       64        1        2 
