Solution value 2530
    4051      109        9       43 *       52 
    4142      126       26       37 *       63 
    4226      111       11       33 *       44 
    4384      152       52       24 *       76 
    4441      157       57       21 *       78 
    4465      102        2       19 *       21 
    4577      121       21       14 *       35 
    4597      162       62       13 *       75 
    4630      113       13       11 *       24 
    4674      160       60        9 *       69 
    4679      145       45        9 *       54 
    4714      226      126        8 *      134 
    4746      112       12        7 *       19 
    4787      112       12        5 *       17 
    4818      141       41        4 *       45 
    4827      138       38        4 *       42 
    4833      133       33        4 *       37 
    4945      210      110        1 *      111 
