Solution value 248
    4054       11        1        4 *        5 
    4113       11        1        4 *        5 
    4232       12        2        3 *        5 
    4360       15        5        2 *        7 
    4379       13        3        2 *        5 
    4431       12        2        2 *        4 
    4493       11        1        1 *        2 
    4536       13        3        1 *        4 
    4623       17        7        1 *        8 
    4658       19        9        1 *       10 
    4683       17        7        1 *        8 
    4757       23       13        0 *       13 
    4818       13        3        0 *        3 
    4862       18        8        0 *        8 
    4911       11        1        0 *        1 
    4940       14        4        0 *        4 
    4993       18        8        0 *        8 
