Solution value 192
     762       11        1        6 *        7 
     773       17        7        5 *       12 
     794       12        2        5 *        7 
     851       19        9        3 *       12 
     856       11        1        3 *        4 
     881       20       10        2 *       12 
     884       19        9        2 *       11 
     915       19        9        1 *       10 
     927       16        6        1 *        7 
     958       15        5        0 *        5 
     961       13        3        0 *        3 
     972       20       10        0 *       10 
