Solution value 256
    3996       11        1        4 *        5 
    4217       12        2        3 *        5 
    4356       17        7        2 *        9 
    4447       11        1        2 *        3 
    4469       15        5        1 *        6 
    4569       13        3        1 *        4 
    4627       11        1        1 *        2 
    4718       17        7        0 *        7 
    4782       11        1        0 *        1 
    4826       19        9        0 *        9 
    4829       16        6        0 *        6 
    4840       20       10        0 *       10 
    4850       20       10        0 *       10 
    4851       14        4        0 *        4 
    4919       18        8        0 *        8 
    4961       15        5        0 *        5 
    4994       16        6        0 *        6 
