Solution value 434
    1891       11        1       26 *       27 
    1959       11        1       25 
    2112       11        1       23 
    2168       13        3       22 
    2172       13        3       22 
    2231       12        2       21 
    2244       13        3       21 
    2509       11        1       18 
    2527       12        2       17 
    2631       11        1       16 
    2645       13        3       16 
    2666       11        1       16 
    2700       11        1       16 
    2868       11        1       14 
    2921       13        3       13 
    2944       13        3       13 
    2997       13        3       13 
    3231       11        1       10 
    3344       13        3        9 
    3415       11        1        9 
    3508       12        2        8 
    3541       12        2        8 
    3595       12        2        7 
    3623       13        3        7 
    3652       11        1        7 
    3862       12        2        5 
    4037       12        2        4 
    4082       12        2        4 
    4184       12        2        3 
    4209       13        3        3 
    4408       13        3        2 
    4463       13        3        2 
    4466       12        2        2 
    4496       13        3        1 
    4562       13        3        1 
    4834       11        1        0 
