Solution value 1423
     126       72        2       52 
     127       97        1       52 
     128       74        3       52 
     129       30        1       52 *       53 
     169       98        5       47 
     189       74        3       45 
     203       90        1       43 
     225       45        1       40 
     341       89        4       29 
     371       96        5       27 
     381       69        1       26 
     435       95        2       21 
     439       83        1       21 
     449       33        3       20 
     475       68        3       19 
     483       86        5       18 
     555       77        2       14 
     777       79        3        5 
     873       68        2        2 
