Solution value 264
    3850       11        1        5 *        6 
    4059       14        4        4 *        8 
    4135       12        2        4 *        6 
    4169       14        4        3 *        7 
    4298       13        3        3 *        6 
    4300       13        3        3 *        6 
    4511       14        4        1 
    4512       19        9        1 
    4522       13        3        1 
    4543       15        5        1 
    4585       16        6        1 *        7 
    4619       16        6        1 *        7 
    4676       13        3        1 *        4 
    4678       11        1        1 *        2 
    4707       18        8        0 
    4760       13        3        0 
    4853       14        4        0 
    4861       14        4        0 
    4995       11        1        0 
