Solution value 7412
    4006      451       44      254 *      298 
    4180     1258      765      199 *      964 
    4261      489      191      178 *      369 
    4265      736      289      177 *      466 
    4453      737      453      116 *      569 
    4558      829      471       85 *      556 
    4563      248       64       85 *      149 
    4631      841      611       70 *      681 
    4673      698      292       60 *      352 
    4681      727      301       59 *      360 
    4892      398      201       17 *      218 
