Solution value 14038
    3863      558       58      298 *      356 
    4051      540       40      227 *      267 
    4076      589       89      216 *      305 
    4088      652      152      211 *      363 
    4131      620      120      198 *      318 
    4191      571       71      181 *      252 
    4239      522       22      164 *      186 
    4245      533       33      163 *      196 
    4276      710      210      156 *      366 
    4312      526       26      147 *      173 
    4325      671      171      143 
    4337      534       34      138 
    4576      681      181       82 
    4591      980      480       80 
    4675      805      305       58 
    4690      845      345       56 
    4788      558       58       32 
    4803      633      133       30 
    4824      534       34       27 
    4827      643      143       26 
    4838      593       93       24 
    4997      740      240        0 
