Solution value 13932
     658      415       19     2563 *     2582 
     723      367       79     2467 
     745      552       85     2447 
     759      513       35     2425 
     781      299       61     2394 
     810      386       62     2362 
     898      243       30     2247 
     918      443       74     2228 
     952      534       84     2192 
    1063      314       72     2079 
    1238      524       99     1914 
    1261      485       25     1880 
    1463      225       58     1659 
    1519      476       58     1600 
    1596      599      141     1534 
    1691      270       26     1454 
    1713      393      106     1441 
    1833      401       35     1356 
    1834      572      110     1356 
    2023      489       46     1223 
    2077      598      185     1191 
    2389      284       72      982 
    2597      469       60      847 
    2813      606      182      735 
    2855      555      131      716 
    2905        1        1      691 
    2906      273       58      689 
    3038      183       41      626 
    3118      512       31      588 
    3273      556      161      511 
    3334      205       42      488 
    3355      151        1      482 
    3616      474        5      384 
    3690      565      159      357 
