Solution value 491
    1225       11        1       39 *       40 
    1255       11        1       38 
    1303       11        1       37 
    1304       11        1       37 
    1346       12        2       36 
    1408       11        1       35 
    1458       11        1       34 
    1486       11        1       33 
    1524       12        2       33 
    1557       11        1       32 
    1570       11        1       32 
    1671       12        2       30 
    1711       11        1       29 
    1731       12        2       29 
    1846       11        1       27 
    1887       11        1       27 
    1889       12        2       26 
    1940       11        1       26 
    2078       12        2       24 
    2350       12        2       20 
    2658       12        2       16 
    2661       12        2       16 
    2675       11        1       16 
    2792       11        1       15 
    2857       11        1       14 
    2961       11        1       13 
    2983       11        1       13 
    2988       11        1       13 
    3114       11        1       12 
    3259       12        2       10 
    3565       12        2        8 
    3662       12        2        7 
    4110       12        2        4 
    4253       11        1        3 
    4439       11        1        2 
    4519       11        1        1 
    4527       11        1        1 
    4546       11        1        1 
    4562       11        1        1 
    4741       13        3        0 
    4873       11        1        0 
    4897       13        3        0 
    4967       12        2        0 
