Solution value 1072
     259       97        3       36 *       39 
     260       46        1       35 
     313       26        1       31 
     316       70        6       30 
     335       91        8       29 
     346       61        5       28 
     375       58        4       25 
     431       95        4       22 
     447       70        6       20 
     464       80        3       19 
     530       64        4       15 
     559       84        5       14 
     603       92        5       12 
     605       26        2       12 
     645       92        5       10 
     909       20        2        1 
