Solution value 58547
    3721     4926        4      362 *      366 
    3812     4515      137      324 *      461 
    3872     3566       77      300 *      377 
    3932     4161      152      275 *      427 
    4107     3341       93      221 *      314 
    4133     3463      160      212 *      372 
    4169     3535      146      201 *      347 
    4207     3106       15      189 *      204 
    4300      424       12      157 *      169 
    4305     4360      210      156 *      366 
    4367     4289      331      142 *      473 
    4373     2901       91      140 *      231 
    4572     3010      144       88 *      232 
    4690     4550      157       59 *      216 
    4788     1924       47       37 *       84 
    4800     3625      260       34 *      294 
    4845     2851       41       24 *       65 
