Solution value 11953
    3923      634      134      284 *      418 
    3936      550       50      280 *      330 
    4301      714      214      157 *      371 
    4380      548       48      138 *      186 
    4390      570       70      133 *      203 
    4393      627      127      131 *      258 
    4484      901      401      104 *      505 
    4492      896      396      104 *      500 
    4506      717      217      102 *      319 
    4516      689      189       99 *      288 
    4523      876      376       98 
    4583      658      158       83 
    4667      870      370       63 
    4807      523       23       28 
    4874      748      248       17 
    4902      758      258       12 
    4956      674      174        4 
