Solution value 2198
    4130      108        8       40 *       48 
    4183      128       28       37 *       65 
    4207      138       38       36 *       74 
    4232      111       11       34 *       45 
    4360      136       36       27 *       63 
    4428      138       38       24 *       62 
    4455      119       19       22 *       41 
    4512      176       76       18 *       94 
    4577      125       25       15 *       40 
    4610      196       96       13 *      109 
    4639      136       36       12 *       48 
    4658      118       18       10 *       28 
    4728      158       58        8 *       66 
    4806      191       91        5 *       96 
    4976      220      120        0 *      120 
