Solution value 441
    1724       11        1       29 *       30 
    1750       11        1       28 
    1767       11        1       28 
    1993       12        2       24 
    2034       12        2       23 
    2038       11        1       23 
    2089       12        2       23 
    2189       12        2       21 
    2320       11        1       20 
    2607       11        1       16 
    2642       13        3       15 
    2690       12        2       15 
    2767       12        2       14 
    2805       13        3       14 
    2846       13        3       13 
    2907       12        2       13 
    3019       12        2       12 
    3045       12        2       12 
    3205       13        3       10 
    3251       11        1       10 
    3271       11        1       10 
    3291       11        1        9 
    3297       13        3        9 
    3320       13        3        9 
    3322       12        2        9 
    3673       11        1        6 
    3674       11        1        6 
    3682       12        2        6 
    3742       12        2        6 
    4056       12        2        4 
    4194       11        1        3 
    4470       12        2        2 
    4494       13        3        2 
    4525       13        3        1 
    4561       12        2        1 
    4834       12        2        0 
    4906       13        3        0 
