Solution value 10658
    3835      604        7       61 *       68 
    3879      683       35       58 *       93 
    4035      752       18       47 *       65 
    4126      776       35       41 *       76 
    4385      995       72       26 *       98 
    4506      969       83       20 *      103 
    4525      986      114       19 *      133 
    4533      614       36       18 *       54 
    4543      864      104       18 *      122 
    4697      449       10       10 *       20 
    4804      790       36        6 
    4814      964       14        6 
    4821      738       62        5 
    4872      474       50        3 
