Solution value 10281
    3908      502        2      272 *      274 
    4031      600      100      233 *      333 
    4313      796      296      155 *      451 
    4496      915      415      106 *      521 
    4502      692      192      105 *      297 
    4547      644      144       92 *      236 
    4676      885      385       57 *      442 
    4690     1075      575       54 *      629 
    4717      847      347       48 *      395 
    4815      987      487       28 *      515 
    4832      612      112       26 *      138 
    4836      647      147       25 *      172 
    4900     1079      579       15 *      594 
