Solution value 1211
     181       82        1       42 *       43 
     192       63        3       41 
     194       60        2       41 
     200        8        1       40 
     291       49        1       31 
     293       61        1       31 
     336       56        5       28 
     358       83        4       26 
     485       56        2       17 
     514       46        3       15 
     518       81        5       15 
     526       52        3       15 
     556       50        2       13 
     583       66        1       12 
     598       12        1       11 
     623       57        5       11 
     693       86        7        8 
     695       87        2        8 
     753       70        2        5 
     871       86        7        2 
