Solution value 1573
    3766      142       46       67 *      113 
    3871      102       18       59 *       77 
    4176      153       66       39 *      105 
    4235      116       25       36 *       61 
    4417      181       82       25 *      107 
    4423       97       12       25 *       37 
    4453       63        3       23 *       26 
    4531      208      113       19 *      132 
    4630      145       84       14 *       98 
    4832      124       47        5 *       52 
    4923      242      178        2 
