Solution value 295
    4000       14        4        4 *        8 
    4110       12        2        4 *        6 
    4253       11        1        3 *        4 
    4334       15        5        2 *        7 
    4348       16        6        2 *        8 
    4410       13        3        2 *        5 
    4423       14        4        2 *        6 
    4439       11        1        2 *        3 
    4453       15        5        2 *        7 
    4464       15        5        2 *        7 
    4519       11        1        1 
    4527       11        1        1 
    4546       11        1        1 
    4562       11        1        1 
    4589       17        7        1 
    4733       18        8        0 
    4741       13        3        0 
    4856       16        6        0 
    4873       11        1        0 
    4897       13        3        0 
    4967       12        2        0 
    4974       15        5        0 
