Solution value 2444
    4135      109        9       41 *       50 
    4291      103        3       31 *       34 
    4477      156       56       23 *       79 
    4483      139       39       22 *       61 
    4487      142       42       22 *       64 
    4607      165       65       16 *       81 
    4624      186       86       15 *      101 
    4643      187       87       14 *      101 
    4657      135       35       14 *       49 
    4684      141       41       12 *       53 
    4774      138       38        8 *       46 
    4795      136       36        7 *       43 
    4797      134       34        7 *       41 
    4803      161       61        7 *       68 
    4817      123       23        6 *       29 
    4836      151       51        5 *       56 
    4853      138       38        5 *       43 
