Solution value 62987
    3544     4877      202      431 *      633 
    3665     4814       79      383 *      462 
    3743     2820       39      356 *      395 
    3832     4547       86      325 *      411 
    3997     3050       17      258 *      275 
    4092     2839      131      230 *      361 
    4118     3280      157      221 *      378 
    4123     1526      120      220 *      340 
    4185     4604      146      200 *      346 
    4194     2772       38      197 *      235 
    4198     2940      116      195 
    4392     1204       36      136 
    4408     2731      234      130 
    4484     4197      173      108 
    4515     4438      210       98 
    4526     4801      138       96 
    4595     3927      142       79 
    4933     3620       95       11 
