Solution value 13423
    1291      379      120     1916 *     2036 
    1307      590      107     1893 
    1366      586      101     1822 
    1434      467      128     1763 
    1481      623      136     1713 
    1496      685      198     1699 
    1504      476       88     1692 
    1532      639      225     1662 
    1634      456       93     1583 
    1664      435       46     1564 
    1783      469       95     1463 
    1884      546      109     1377 
    1936      387       83     1329 
    2112      582      152     1190 
    2190      626      223     1128 
    2235      386        1     1103 
    2250      438       81     1091 
    2457      345       93      964 
    2686      550      108      827 
    2936      335       58      709 
    3402      285       61      480 
    3666      338       81      371 
    3721      348      102      348 
    3807      247       75      318 
    3882      586      117      291 
    4543      491       96       92 
    4622      185       70       70 
    4832      463      162       24 
    4843      480       74       22 
