Solution value 255
    4037       12        2        4 *        6 
    4082       12        2        4 *        6 
    4184       12        2        3 *        5 
    4209       13        3        3 *        6 
    4408       13        3        2 *        5 
    4463       13        3        2 *        5 
    4466       12        2        2 *        4 
    4470       17        7        1 *        8 
    4491       16        6        1 *        7 
    4496       13        3        1 *        4 
    4543       14        4        1 *        5 
    4562       13        3        1 *        4 
    4689       20       10        0 *       10 
    4730       16        6        0 *        6 
    4778       18        8        0 *        8 
    4834       11        1        0 *        1 
    4886       16        6        0 *        6 
    4975       14        4        0 *        4 
