Solution value 246
    4056       12        2        4 *        6 
    4159       15        5        3 *        8 
    4194       11        1        3 *        4 
    4224       14        4        3 *        7 
    4314       17        7        2 *        9 
    4422       17        7        2 *        9 
    4445       16        6        2 *        8 
    4470       12        2        2 *        4 
    4494       13        3        2 *        5 
    4525       13        3        1 
    4561       12        2        1 *        3 
    4765       17        7        0 
    4785       19        9        0 
    4834       12        2        0 
    4855       16        6        0 
    4906       13        3        0 
    4922       17        7        0 
