Solution value 47784
    3470     4975      145      464 *      609 
    3695     4455      135      369 *      504 
    3727     4720      209      354 *      563 
    3957     3395      172      273 *      445 
    4379     3016       22      141 *      163 
    4409     4878      512      135 *      647 
    4498     3423      255      108 *      363 
    4531     4421      116       98 *      214 
    4579     2389      139       87 *      226 
    4584     4794      435       86 *      521 
    4719     2089      173       52 *      225 
    4900     2002      303       13 *      316 
    4950     3227      177        5 *      182 
