Solution value 1042
     119       48        3       41 *       44 
     130       62        4       38 
     139       75        3       36 
     147       34        2       35 
     157       86        9       33 
     167       56        6       31 
     172       80        5       31 
     210       92        3       23 
     221       82        5       21 
     268       62        4       17 
     273       72        5       16 
     279       57        5       16 
     283       86        2       16 
     303       89        2       13 
     499       61        1        0 
