Solution value 10793
    3484      759        1       86 *       87 
    3533      745       12       82 *       94 
    3798      737       12       63 *       75 
    4084      655       27       42 *       69 
    4087      996       50       42 *       92 
    4128      466       14       39 *       53 
    4222      373        5       34 *       39 
    4321      889       75       28 *      103 
    4346      825       51       27 *       78 
    4478      803       11       21 *       32 
    4661      931      116       12 *      128 
    4826      796       55        5 *       60 
    4908      928       83        2 *       85 
    4970      890        2        0 *        2 
