Solution value 256
    3996       11        1        4 *        5 
    4015       12        2        4 *        6 
    4066       13        3        4 *        7 
    4217       12        2        3 *        5 
    4342       16        6        2 *        8 
    4447       11        1        2 *        3 
    4454       16        6        2 *        8 
    4469       15        5        1 *        6 
    4569       13        3        1 *        4 
    4627       11        1        1 *        2 
    4718       17        7        0 
    4782       11        1        0 
    4826       19        9        0 
    4829       16        6        0 
    4851       14        4        0 
    4919       18        8        0 
    4961       15        5        0 
    4994       16        6        0 
