Solution value 27765
     968      516       16     2235 *     2251 
     969      552       52     2233 
     984      552       52     2207 
    1092      543       43     2090 
    1131      586       86     2043 
    1150      552       52     2021 
    1197      546       46     1971 
    1198      562       62     1968 
    1199      603      103     1966 
    1219      535       35     1948 
    1228      578       78     1935 
    1231      556       56     1929 
    1456      592       92     1725 
    1508      522       22     1684 
    1674      544       44     1531 
    1762      556       56     1471 
    1792      563       63     1446 
    1813      605      105     1432 
    1913      532       32     1350 
    1969      559       59     1307 
    2024      560       60     1264 
    2037      516       16     1254 
    2117      589       89     1200 
    2208      632      132     1139 
    2222      613      113     1129 
    2258      529       29     1102 
    2344      502        2     1044 
    2391      509        9     1017 
    2500      575       75      945 
    2528      531       31      930 
    2555      584       84      916 
    2588      597       97      895 
    2825      505        5      764 
    3091      601      101      628 
    3095      559       59      626 
    3229      530       30      561 
    3281      564       64      533 
    3477      582       82      443 
    3716      582       82      351 
    3742      559       59      341 
    3778      528       28      330 
    3902      613      113      287 
    3921      525       25      277 
    4133      529       29      206 
    4174      502        2      193 
    4220      529       29      182 
    4337      574       74      147 
    4487      517       17      107 
    4552      535       35       87 
    4588      540       40       81 
