Solution value 2912
    1671       67        5      306 *      311 
    1711       79       28      299 
    1739       97        2      295 
    1798      123       32      287 
    1905       97       13      266 
    1917      116       50      265 
    1925       31       11      264 
    1988       25        2      255 
    1995      136       48      254 
    2016      153       63      250 
    2169      113       43      228 
    2236       83       12      221 
    2241       72       22      220 
    2244       87        7      220 
    2248      120       20      220 
    2407       84        4      198 
    2507       95       31      185 
    2517       95        4      185 
    2927       75        4      140 
    2988       93       12      134 
    3182      119       34      114 
    3428      157       58       93 
    3497       69       10       89 
    3529       22        3       86 
    3766      142       46       67 
    3871      102       18       59 
    3924       60       24       56 
    4235      116       25       36 
    4423       97       12       25 
    4453       63        3       23 
    4832      124       47        5 
