Solution value 2143
    4314      128       28       29 *       57 
    4337      107        7       28 *       35 
    4356      123       23       27 *       50 
    4404      119       19       25 *       44 
    4468      158       58       22 *       80 
    4470      149       49       22 *       71 
    4471      183       83       22 *      105 
    4480      147       47       21 *       68 
    4495      175       75       21 *       96 
    4606      140       40       15 *       55 
    4639      139       39       13 *       52 
    4802      181       81        6 *       87 
    4938      178       78        1 *       79 
    4970      216      116        0 *      116 
