Solution value 13504
    1529      410       80     1655 *     1735 
    1600      416      117     1597 
    1619      459       15     1585 
    1741      692      192     1466 
    1756      427      112     1452 
    1907      568       97     1315 
    1949      704      255     1278 
    1959        1        2     1270 
    2101      525      146     1163 
    2123      330      113     1148 
    2161        1        7     1126 
    2188      669      225     1110 
    2263      428      100     1063 
    2311      642      188     1036 
    2523      368       60      918 
    2555      420      140      890 
    2593      424      123      869 
    2604       80       14      861 
    2689      132       42      812 
    2731      354       66      796 
    2853      548      104      739 
    2883      293        2      726 
    3017      629      181      656 
    3184      545      135      576 
    3270      287       63      531 
    3271      233       58      531 
    3466      284       46      445 
    3567      497       61      406 
    3617      506       87      389 
    4040      701      249      223 
    4366      364       99      131 
    4669      567      163       63 
