Solution value 278
    1713        6        2       29 *       31 
    1769       12        2       28 
    1792        9        1       28 
    1799       13        3       28 
    1837       12        3       27 
    2262        7        2       21 
    2319        6        2       20 
    2359       10        3       20 
    2411        6        2       19 
    2436       13        3       19 
    2438       11        3       19 
    2478       16        6       18 
    2500       10        3       18 
    2706        7        1       16 
    2785        5        2       15 
    2983       10        3       12 
    2991       12        3       12 
    3003        8        2       12 
    3177       10        2       10 
    3237        9        1       10 
    3611        6        2        7 
    3639        8        3        7 
    3653        5        1        7 
    3847        6        2        5 
    3916       12        4        5 
    4062        8        1        4 
    4133       11        4        3 
    4346       11        1        2 
    4383       11        3        2 
    4977        8        1        0 
