Solution value 2758
    4040      103        3       44 *       47 
    4083      112       12       41 *       53 
    4148      118       18       38 *       56 
    4214      101        1       34 *       35 
    4277      139       39       31 *       70 
    4328      118       18       28 *       46 
    4337      112       12       28 *       40 
    4370      126       26       26 *       52 
    4439      143       43       23 *       66 
    4446      120       20       22 *       42 
    4520      138       38       19 *       57 
    4528      106        6       19 *       25 
    4550      146       46       17 *       63 
    4628      149       49       14 *       63 
    4670      109        9       12 *       21 
    4694      107        7       11 *       18 
    4764      145       45        8 *       53 
    4788      137       37        7 *       44 
    4812      102        2        6 *        8 
    4831      154       54        5 *       59 
    4918      149       49        2 *       51 
    4975      124       24        0 *       24 
