Solution value 10453
    3818      510       10      307 *      317 
    3908      502        2      272 *      274 
    4000      627      127      242 *      369 
    4024      650      150      235 *      385 
    4031      600      100      233 *      333 
    4103      720      220      212 *      432 
    4220      806      306      175 *      481 
    4313      796      296      155 *      451 
    4496      915      415      106 *      521 
    4502      692      192      105 *      297 
    4547      644      144       92 
    4676      885      385       57 
    4717      847      347       48 
    4832      612      112       26 
    4836      647      147       25 
