Solution value 149086
     437     3340       44     3037 *     3081 
     447     1250        1     3015 
     459     2666       17     3002 
     491     4956      112     2950 
     536     4770       24     2845 
     541     3773        7     2842 
     543     2934       85     2834 
     562     4989      129     2810 
     564     3894        9     2810 
     631     3716       58     2697 
     681     4017       14     2612 
     700     3869       39     2589 
     725     2023       55     2548 
     819     4394       72     2406 
     870     2018        6     2334 
     920     4684       83     2247 
    1005     3373       14     2156 
    1113     3340       89     2019 
    1226     3332       32     1885 
    1244     2811       37     1862 
    1253     1661       26     1852 
    1313     4596       14     1802 
    1349     4121       34     1767 
    1415     3633       30     1711 
    1457     4609        9     1678 
    1591     1965       19     1572 
    1595     4377      129     1569 
    1634     1801        6     1548 
    1787     2161       48     1413 
    1807     2925       67     1398 
    1916     2046       36     1320 
    1978     4530      107     1269 
    2015     2533       52     1247 
    2142     1826       39     1162 
    2449     3328       46      983 
    2496     4381      105      948 
    2556     4828      132      904 
    2592     4403       34      886 
    2635     4689       22      863 
    2833     1185       26      752 
    3196     2101       11      583 
    4247     3706        5      179 
    4485     1415        3      106 
    4488     3606       23      106 
    4614     2511       10       70 
