Solution value 25774
     418      936       20      614 *      634 
     426      852        2      612 
     429      915       10      610 
     487      624       10      589 
     526      765       10      572 
     530      929       23      571 
     547      834       21      566 
     574      331        5      556 
     650      847        4      533 
     669      834       11      528 
     737      940       18      507 
     784      733        9      493 
     848      944       19      474 
     889      994       21      461 
     891      548       13      461 
     951      468        6      444 
    1087      847        8      417 
    1137      613       10      404 
    1274      216        2      371 
    1390      244        3      342 
    1486      826        9      323 
    1573      964       18      308 
    2069      765       17      230 
    2098      704       19      227 
    2109      684        8      225 
    2355      797        6      196 
    2381      802        6      193 
    2527      505        6      176 
    2584      973        4      170 
    2722      649       12      157 
    2840      853       13      143 
    3317      757       13       95 
    3924      683       10       54 
    3936      401        8       53 
    4496      448        1       19 
    4665      549       11       11 
