Solution value 5406
     761      101        1      494 *      495 
     826      101        1      477 
     848      104        4      472 
     882      109        9      462 
     883      103        3      462 
     890      105        5      461 
     895      103        3      460 
    1002      101        1      435 
    1043      112       12      427 
    1054      109        9      425 
    1065      119       19      421 
    1122      108        8      410 
    1172      119       19      398 
    1178      116       16      397 
    1261      113       13      378 
    1406      120       20      348 
    1469      102        2      336 
    1543      113       13      323 
    1563      117       17      319 
    1708      114       14      295 
    1782      101        1      281 
    1788      107        7      280 
    1791      101        1      279 
    1997      103        3      249 
    2042      119       19      240 
    2103      112       12      232 
    2110      120       20      231 
    2356      108        8      201 
    2359      119       19      201 
    2447      107        7      190 
    2586      109        9      175 
    2715      105        5      161 
    2899      108        8      141 
    2965      112       12      136 
    3084      108        8      123 
    3134      114       14      118 
    3145      107        7      117 
    3401      119       19       94 
    3437      112       12       92 
    3608      113       13       77 
    3627      106        6       76 
    3715      114       14       68 
    3730      108        8       67 
    3835      120       20       59 
    3853      109        9       59 
    4130      108        8       40 
    4232      111       11       34 
    4455      119       19       22 
    4658      118       18       10 
