Solution value 2434
     954      114       32      460 *      492 
     971       80        3      456 
    1015      140       45      445 
    1066       78       12      433 
    1113      126       30      425 
    1155       24        6      418 
    1183       96        5      412 
    1255        6        2      398 
    1313      118       26      384 
    1498       67        2      350 
    1663       88       23      321 
    1782      111       21      300 
    1801      117       32      298 
    1864       16        6      288 
    1923      128       33      278 
    2132       33        8      244 
    2398      107       10      209 
    2631       87       21      180 
    2682      134       44      174 
    2807       30        6      158 
    2940      123       26      144 
    3147       15        1      123 
    3190      101        8      119 
    3384      101       12      102 
    3622      128       43       80 
    3856       85       22       61 
    4128      145       48       43 
    4385       36       11       27 
