Solution value 2582
     875       74        1       45 
     879       95        1       45 *       46 
     929       97        3       43 
     930       60        1       43 
     990       98        2       42 
    1148       92        1       38 
    1186       30        1       37 
    1198       89        2       37 
    1221       56        1       37 
    1298       34        1       35 
    1400       98        2       33 
    1436       85        1       33 
    1476       69        2       32 
    1673       99        1       29 
    1757       52        1       28 
    1761       67        1       28 
    1826      100        3       27 
    2036       75        1       24 
    2084       35        1       23 
    2206       95        3       21 
    2366       92        2       19 
    2437       91        3       18 
    2590       50        1       17 
    2882       69        1       14 
    3110       94        2       11 
    3161       88        2       11 
    3166       93        3       11 
    3369       94        2        9 
    3418       92        1        9 
    3472       98        1        8 
    3483       90        3        8 
    3565       41        1        7 
    4251       60        2        3 
    4638       30        1        1 
