Solution value 260
    3862       12        2        5 *        7 
    4037       12        2        4 *        6 
    4082       12        2        4 *        6 
    4169       15        5        3 *        8 
    4184       12        2        3 *        5 
    4209       13        3        3 *        6 
    4408       13        3        2 *        5 
    4436       16        6        2 *        8 
    4463       13        3        2 *        5 
    4466       12        2        2 *        4 
    4470       17        7        1 
    4491       16        6        1 
    4496       13        3        1 
    4543       14        4        1 
    4562       13        3        1 
    4730       16        6        0 
    4834       11        1        0 
    4886       16        6        0 
    4975       14        4        0 
