Solution value 10497
    3275      983        4      105 *      109 
    3681      745       13       72 *       85 
    3771      950       65       66 *      131 
    3919      667       10       55 *       65 
    4190      756       24       37 *       61 
    4192      512       14       37 *       51 
    4215      652       21       36 *       57 
    4282      957       30       31 *       61 
    4324      984       57       28 *       85 
    4409      821       60       24 *       84 
    4456      869       40       21 *       61 
    4639      879       24       12 *       36 
    4781      722      102        6 *      108 
