Solution value 12085
    3986      536       36      254 *      290 
    4207      695      195      183 *      378 
    4287      581       81      158 *      239 
    4317      726      226      149 *      375 
    4428      895      395      116 *      511 
    4447      793      293      110 *      403 
    4650      645      145       68 *      213 
    4655      515       15       67 *       82 
    4741      783      283       47 *      330 
    4745      740      240       46 *      286 
    4749      584       84       46 *      130 
    4775      814      314       41 *      355 
    4795      583       83       37 *      120 
    4815      629      129       33 *      162 
    4862      937      437       21 *      458 
    4933      659      159       11 *      170 
    4939      970      470        8 *      478 
