Solution value 1303
    3414       94        1        9 *       10 
    3647       98        1        7 *        8 
    4065       78        1        4 *        5 
    4070       88        3        4 *        7 
    4127       95        5        4 *        9 
    4289       31        2        3 *        5 
    4310       73        1        3 *        4 
    4317       51        2        2 
    4323       98        4        2 
    4338       93        3        2 
    4376       84       10        2 
    4423       51        5        2 *        7 
    4438       66        1        2 *        3 
    4447       78        5        2 *        7 
    4650       73        1        1 
    4726       63        7        0 
    4881       89        8        0 
