Solution value 291
     336       13        3       29 *       32 
     353       12        2       28 
     401       13        3       24 
     406       13        3       24 
     409       15        5       24 
     432       12        2       22 
     482       13        3       20 
     580       15        5       14 
     582       14        4       14 
     590       11        1       13 
     604       12        2       13 
     639       16        6       11 
     694       11        1        9 
     749       12        2        7 
     778       15        5        6 
     790       15        5        6 
     821       11        1        4 
     827       15        5        4 
     866       12        2        3 
     869       16        6        3 
     887       11        1        2 
     941       14        4        1 
