Solution value 28995
     686      752       11      523 *      534 
     715      920        3      516 
     723      595       10      514 
     791      684       22      495 
     793      374        2      494 
     885      807       21      469 
     951      559        1      453 
    1020      574       13      436 
    1073      204        6      424 
    1106      804        9      416 
    1141      769       10      409 
    1173      628       12      398 
    1217      901        1      389 
    1274      615        2      379 
    1310      934       20      371 
    1394      170        5      356 
    1415      852       19      351 
    1449      728        2      343 
    1545      175        3      326 
    1596      839       24      318 
    1688      762       18      302 
    1900      445       14      266 
    1915      876       17      263 
    2022      649       12      248 
    2046      380        9      244 
    2059      327        3      242 
    2319      725       12      206 
    2469      921       11      187 
    2549      813       25      177 
    2579      853       22      174 
    2648      981       24      167 
    2998      436        9      129 
    3022      760       12      127 
    3050      887       15      124 
    3054      547        8      124 
    3270      529       16      104 
    3925      604        7       55 
    4231      960       18       36 
    4276      862        7       33 
    4328      426       11       30 
    4396      614        6       26 
    4623      799        2       14 
    4774      955        3        7 
