Solution value 162
     221       10        1       39 *       40 
     235        7        2       38 
     254       16        8       36 
     292       16        9       32 
     298        8        1       32 
     350       10        5       27 
     379       11        1       25 
     408        6        2       23 
     419        5        1       22 
     427       12        3       22 
     461        2        1       19 
     500       13        5       17 
     511       11        5       16 
     741        5        1        6 
     822        8        4        3 
     845       22       12        3 
