Solution value 262
     226       12        2       38 *       40 
     244       11        1       36 
     246       14        4       36 
     263       14        4       35 
     313       14        4       31 
     318       13        3       30 
     333       12        2       30 
     425       15        5       23 
     435       15        5       22 
     438       13        3       22 
     466       12        2       20 
     523       11        1       17 
     565       14        4       14 
     631       12        2       11 
     676       11        1        8 
     686       14        4        8 
     763       11        1        5 
     798       14        4        4 
     908       17        7        1 
     963       13        3        0 
