Solution value 497
    1425       11        1       33 
    1429       11        1       33 
    1456       12        2       33 
    1462       11        1       33 *       34 
    1479       13        3       32 
    1546       11        1       32 
    1629       13        3       30 
    1638       12        2       30 
    1687       12        2       29 
    1738       13        3       28 
    1927       12        2       25 
    1937       11        1       25 
    1945       11        1       25 
    2050       12        2       23 
    2106       11        1       23 
    2180       11        1       22 
    2194       11        1       22 
    2234       11        1       21 
    2243       11        1       21 
    2279       12        2       20 
    2311       11        1       20 
    2476       11        1       18 
    2486       13        3       18 
    2561       13        3       17 
    2566       11        1       17 
    2582       12        2       17 
    2719       12        2       15 
    2815       12        2       14 
    2857       12        2       14 
    2928       11        1       13 
    2987       11        1       13 
    2989       11        1       13 
    3360       11        1        9 
    3414       12        2        9 
    3505       12        2        8 
    3868       11        1        5 
    3876       11        1        5 
    3996       11        1        4 
    4015       12        2        4 
    4217       12        2        3 
    4447       11        1        2 
    4627       11        1        1 
    4782       11        1        0 
