Solution value 32544
     851      899        7      475 *      482 
     881      969        2      467 
     932      788        7      453 
     939      989        8      451 
     987      897       24      439 
    1005      572       15      435 
    1026      987       10      430 
    1038      956        2      426 
    1145      902       24      401 
    1149      699        4      400 
    1218      912       22      385 
    1338      790       11      357 
    1363      655        8      351 
    1414      382        3      342 
    1474      643        6      330 
    1477      600       13      330 
    1482      823       16      329 
    1533      966        3      320 
    1604      309        6      307 
    1613      857        1      306 
    1718      992       23      286 
    1814      672       17      270 
    1821      131        1      269 
    1853      736        4      264 
    1978      716       20      244 
    2015      831       10      239 
    2079      294        6      231 
    2109      655       19      228 
    2124      536       11      225 
    2160      296        8      221 
    2200      800       16      215 
    2313      361        8      201 
    2470      875       11      183 
    2681      458       14      161 
    2687      164        1      160 
    2847      605       13      146 
    3193      528        2      113 
    3231      485        9      109 
    3275      983        4      105 
    3391      691        9       95 
    3681      745       13       72 
    3834      348        7       61 
    3919      667       10       55 
    4103      276        5       43 
    4190      756       24       37 
    4192      512       14       37 
    4282      957       30       31 
    4639      879       24       12 
