Solution value 522
    1207       11        1       38 
    1237       11        1       38 *       39 
    1239       11        1       37 
    1243       11        1       37 
    1343       12        2       35 
    1354       11        1       35 
    1413       11        1       34 
    1477       11        1       33 
    1501       11        1       32 
    1516       11        1       32 
    1588       11        1       31 
    1801       11        1       27 
    1913       12        2       26 
    1972       11        1       25 
    2067       12        2       23 
    2083       12        2       23 
    2090       11        1       23 
    2153       11        1       22 
    2275       11        1       20 
    2312       12        2       20 
    2362       12        2       20 
    2429       11        1       19 
    2464       12        2       18 
    2571       11        1       17 
    2701       11        1       16 
    3000       11        1       13 
    3329       11        1       10 
    3334       11        1        9 
    3409       11        1        9 
    3428       12        2        9 
    3475       12        2        8 
    3641       12        2        7 
    3688       12        2        7 
    3715       11        1        6 
    3793       12        2        6 
    3820       11        1        6 
    4034       12        2        4 
    4048       12        2        4 
    4061       11        1        4 
    4177       11        1        3 
    4224       11        1        3 
    4317       12        2        2 
    4352       11        1        2 
    4603       11        1        1 
    4707       12        2        0 
    4734       11        1        0 
