Solution value 163
    3695       14        4        7 *       11 
    4260       18       10        3 *       13 
    4331       13        3        2 *        5 
    4386       21       12        2 *       14 
    4435        8        4        2 *        6 
    4542        4        1        1 *        2 
    4552        7        3        1 *        4 
    4657       13        3        1 *        4 
    4751       18       12        0 
    4762       17        8        0 *        8 
    4891       30       21        0 *       21 
