Solution value 12048
    3564      913        5       81 *       86 
    3667      875       20       74 *       94 
    3874      941       12       56 *       68 
    3885      828       43       56 *       99 
    3954      624       25       52 *       77 
    3956      987       35       52 *       87 
    4125      945       72       39 *      111 
    4134      882       54       39 *       93 
    4413      914       32       23 *       55 
    4488      564        3       20 
    4494      898       36       20 *       56 
    4578      556       54       16 
    4808      509       34        6 
    4939      917       67        1 
    4960      695        6        0 
