Solution value 251
    4142       13        3        3 *        6 
    4150       12        2        3 *        5 
    4210       12        2        3 *        5 
    4281       11        1        3 *        4 
    4352       16        6        2 *        8 
    4484       20       10        1 
    4528       16        6        1 
    4595       17        7        1 *        8 
    4623       14        4        1 *        5 
    4641       14        4        1 *        5 
    4643       14        4        1 *        5 
    4655       14        4        1 *        5 
    4744       14        4        0 
    4842       14        4        0 
    4890       18        8        0 
    4936       16        6        0 
    4963       16        6        0 
