Solution value 28801
     949      510       10     2199 *     2209 
     962      547       47     2176 
     969      545       45     2173 
    1010      541       41     2117 
    1028      505        5     2088 
    1060      560       60     2056 
    1098      536       36     2007 
    1128      508        8     1973 
    1186      536       36     1915 
    1237      570       70     1864 
    1254      518       18     1846 
    1277      561       61     1830 
    1283      594       94     1823 
    1494      573       73     1621 
    1504      538       38     1609 
    1515      563       63     1594 
    1546      582       82     1572 
    1676      507        7     1464 
    1690      569       69     1452 
    1695      526       26     1447 
    1702      561       61     1442 
    1714      548       48     1427 
    1728      531       31     1417 
    1776      543       43     1381 
    1799      584       84     1359 
    1854      587       87     1314 
    1874      541       41     1304 
    1910      553       53     1273 
    1959      505        5     1226 
    1983      612      112     1208 
    2142      591       91     1097 
    2146      600      100     1095 
    2273      593       93     1019 
    2296      521       21     1007 
    2419      582       82      940 
    2429      524       24      935 
    2584      503        3      852 
    2643      664      164      822 
    2656      603      103      811 
    2682      608      108      795 
    2712      534       34      773 
    2749      550       50      756 
    2767      594       94      746 
    3111      502        2      581 
    3212      593       93      537 
    3384      504        4      464 
    3388      553       53      462 
    3451      511       11      437 
    3818      510       10      307 
    3836      605      105      302 
    3908      502        2      272 
    4031      600      100      233 
