Solution value 5929
     848      102        2      471 *      473 
     877      104        4      465 
     882      109        9      464 
     891      109        9      461 
     930      116       16      450 
     952      120       20      444 
    1019      109        9      428 
    1021      113       13      428 
    1040      101        1      422 
    1045      105        5      421 
    1082      121       21      411 
    1086      101        1      410 
    1116      111       11      403 
    1160      107        7      394 
    1173      113       13      392 
    1192      117       17      388 
    1239      116       16      378 
    1333      116       16      360 
    1435      107        7      342 
    1483      120       20      333 
    1485      104        4      333 
    1487      117       17      333 
    1498      101        1      330 
    1884      106        6      268 
    1907      108        8      264 
    2066      102        2      241 
    2079      114       14      238 
    2112      101        1      232 
    2135      112       12      230 
    2214      107        7      218 
    2329      103        3      206 
    2424      101        1      193 
    2564      112       12      176 
    2666      109        9      165 
    2703      104        4      161 
    2771      110       10      154 
    2807      120       20      149 
    2852      103        3      145 
    2932      114       14      137 
    2952      115       15      135 
    2977      106        6      133 
    2988      111       11      132 
    2997      114       14      131 
    3040      104        4      127 
    3170      115       15      115 
    3307      102        2      104 
    3392      113       13       96 
    3545      108        8       83 
    3749      106        6       66 
    3831      116       16       59 
    4133      109        9       39 
    4418      120       20       22 
    4506      111       11       18 
    4718      114       14        9 
