Solution value 60101
    3546     4602       69      414 *      483 
    3650     2250       39      369 *      408 
    3801     2506        1      314 *      315 
    3812     4957       54      311 *      365 
    3849     3358        2      300 *      302 
    3955     4431      294      261 *      555 
    3972     3785      288      254 *      542 
    4171     2309       46      190 *      236 
    4224     4645      363      172 *      535 
    4259     4128       31      162 *      193 
    4285     3824      109      155 
    4317     2420      180      149 
    4383      802       20      132 
    4525     3901      288       94 
    4662     4113      356       62 
    4667     3982        1       60 
    4714     4088       93       50 
