Solution value 156269
     331     4660        5     3306 *     3311 
     367     4855       37     3212 
     375     4177       10     3200 
     389     4193       54     3162 
     407     3900       34     3112 
     421     3126       41     3080 
     483     4631        9     2969 
     556     4863        8     2839 
     558      990       14     2834 
     674     4834       91     2628 
     709     1750       47     2564 
     786     3017       34     2464 
     808     4092      106     2423 
     813     2001       40     2415 
     830     2400       42     2384 
    1071     3868        8     2070 
    1388     4953       53     1732 
    1416     1276        9     1703 
    1417     4425       35     1703 
    1676     2854       13     1472 
    1752     3426       61     1413 
    1757     2487       31     1410 
    1858     4239       43     1334 
    1937     2037       32     1269 
    2002     4930       17     1229 
    2012     2697       62     1222 
    2050     2405       41     1197 
    2060     2405       24     1187 
    2327     4858       32      997 
    2371     2237       10      967 
    2580     4570       18      853 
    2583     3195       36      851 
    2812     4570       97      740 
    2990     3566       46      654 
    3259     1291       25      531 
    3304     1013       13      511 
    3546     4602       69      414 
    3567     2496       57      405 
    3650     2250       39      369 
    3801     2506        1      314 
    3812     4957       54      311 
    3849     3358        2      300 
    4171     2309       46      190 
    4259     4128       31      162 
    4383      802       20      132 
    4667     3982        1       60 
    4714     4088       93       50 
