Solution value 1182
    3372       94        1       10 *       11 
    3733       83        2        7 *        9 
    3771       85        5        6 *       11 
    4050       78        5        4 *        9 
    4184       92        3        4 *        7 
    4192       51        3        3 *        6 
    4256       39        2        3 *        5 
    4347       85        6        3 *        9 
    4368       92        2        2 *        4 
    4510       21        2        2 *        4 
    4543       49        2        1 
    4571       96        2        1 
    4650       45        2        1 
    4697       70        5        1 
    4812       68        3        0 
    4828       91       10        0 
    4882       43        1        0 
