Solution value 2213
    1087       77        2       41 *       43 
    1168       94        1       40 
    1248       65        2       38 
    1308       61        1       37 
    1431       52        1       35 
    1432       70        1       35 
    1509       79        3       33 
    1758       77        1       29 
    1808       73        3       28 
    1865       93        4       27 
    2096       80        3       24 
    2346       73        2       20 
    2446       98        2       19 
    2536       84        3       18 
    2548       97        2       18 
    2849       70        1       15 
    2885       57        2       14 
    2921       93        3       14 
    2994       94        2       13 
    3159       71        2       11 
    3453       84        3        9 
    3855       68        1        6 
    4001       28        1        5 
    4178       81        2        3 
    4250       87        3        3 
    4330       72        3        2 
    4587       83        1        1 
    4629       64        2        1 
    4968       88        2        0 
