Solution value 26749
     944      553       53     2250 *     2303 
     957      550       50     2237 
     968      524       24     2227 
     983      532       32     2208 
    1003      554       54     2180 
    1009      622      122     2176 
    1043      511       11     2140 
    1072      589       89     2116 
    1181      566       66     2008 
    1219      607      107     1971 
    1312      568       68     1893 
    1377      592       92     1817 
    1505      528       28     1711 
    1518      536       36     1698 
    1639      533       33     1583 
    1654      586       86     1574 
    1663      528       28     1565 
    1679      515       15     1548 
    1685      562       62     1541 
    1695      568       68     1535 
    1744      597       97     1490 
    1757      542       42     1481 
    1770      517       17     1473 
    1842      541       41     1407 
    1851      597       97     1397 
    1950      547       47     1323 
    1959      557       57     1316 
    1981      540       40     1295 
    2221      600      100     1122 
    2385      568       68     1019 
    2407      606      106      997 
    2427      506        6      982 
    2475      619      119      953 
    2605      522       22      879 
    2909      510       10      724 
    2993      542       42      684 
    3118      596       96      609 
    3137      518       18      600 
    3441      565       65      463 
    3508      588       88      436 
    3565      526       26      415 
    3568      562       62      415 
    3732      596       96      349 
    3992      599       99      255 
    4137      529       29      201 
    4266      554       54      157 
    4617      546       46       69 
    4706      535       35       51 
