Solution value 1182
    3854       85        4        5 *        9 
    4005       49        2        4 *        6 
    4021       98        8        4 *       12 
    4326       86        5        2 *        7 
    4425       96        8        2 *       10 
    4468       76        6        2 *        8 
    4473       52        2        1 *        3 
    4535       90        2        1 *        3 
    4544       91        3        1 *        4 
    4565       81        5        1 *        6 
    4576       92        9        1 *       10 
    4577       50        5        1 *        6 
    4757       83        3        0 *        3 
    4796       81        9        0 *        9 
    4865       72        4        0 *        4 
