Solution value 225
     185       12        2       25 
     188       12        2       25 *       27 
     198       16        6       23 
     203       11        1       22 
     211       21       11       22 
     241       12        2       18 
     280       13        3       13 
     282       14        4       13 
     283       19        9       13 
     310       12        2       11 
     315       17        7       10 
     329       18        8       10 
     403       17        7        4 
     404       18        8        4 
     432       13        3        2 
