Solution value 165
    3916       12        4        5 *        9 
    4062        8        1        4 *        5 
    4133       11        4        3 *        7 
    4156       22       12        3 *       15 
    4346       11        1        2 *        3 
    4383       11        3        2 *        5 
    4598       14        7        1 *        8 
    4662       21       13        1 *       14 
    4712       15       10        0 
    4880       32       23        0 *       23 
    4977        8        1        0 *        1 
