1 71 31 43
2 46 40 40
3 60 22 31
4 51 10 16
5 14 39 46
6 57 10 21
7 69 10 20
8 4 10 12
9 29 9 14
10 37 27 30
11 69 5 6
12 31 12 31
13 71 17 32
14 15 40 46
15 49 15 26
16 33 12 16
17 4 31 45
18 10 20 31
19 16 39 50
20 29 21 36
21 38 39 45
22 40 35 44
23 4 41 59
24 11 41 45
25 22 0 2
26 53 36 44
27 65 8 19
28 12 5 14
29 8 41 43
30 38 21 31
31 10 38 58
32 16 33 34
33 20 10 28
34 44 39 51
35 1 38 43
36 5 8 14
37 16 29 46
38 27 38 48
39 60 0 2
40 59 31 35
41 57 17 26
42 67 10 28
43 5 23 28
44 57 16 27
45 4 29 45
46 47 1 11
47 35 7 10
48 49 22 37
49 5 38 46
50 64 38 53
51 20 19 33
52 49 27 33
53 31 0 2
54 64 3 4
55 19 7 17
56 70 21 24
57 6 41 59
58 63 8 12
59 57 38 44
60 50 42 61
61 70 15 26
62 33 26 46
63 39 21 21
64 54 38 47
65 61 5 12
66 54 23 42
67 67 37 38
68 6 3 20
69 3 6 25
70 27 31 45
71 31 14 23
72 30 18 24
73 1 21 37
74 48 17 34
75 66 33 43
76 66 8 18
77 66 41 54
78 25 8 9
79 35 2 10
80 68 10 10
81 58 34 39
82 57 22 23
83 28 25 28
84 22 14 19
85 48 30 43
86 20 34 45
87 52 8 28
88 10 29 42
89 70 29 31
90 40 27 47
91 55 19 31
92 19 31 32
93 7 8 21
94 13 40 57
95 23 5 19
96 68 3 22
97 49 2 18
98 44 6 25
99 68 20 33
100 48 40 45
101 49 1 8
102 26 21 40
103 25 11 17
104 31 7 22
105 2 11 13
106 61 15 19
107 36 18 23
108 29 14 21
109 28 13 28
110 58 29 29
111 6 30 42
112 28 26 43
113 1 38 46
