1 44 46 52
2 14 38 38
3 10 15 34
4 39 21 28
5 39 26 37
6 14 48 65
7 10 41 56
8 42 32 48
9 2 32 52
10 20 19 25
11 25 2 6
12 43 36 46
13 45 8 28
14 39 25 36
15 47 42 51
16 0 10 13
17 19 19 30
18 12 22 38
19 40 16 24
20 14 33 40
21 26 29 39
22 40 50 69
23 50 7 16
24 19 14 26
25 13 36 56
26 29 23 38
27 28 22 42
28 22 37 49
29 37 49 62
30 33 12 27
31 36 42 44
32 44 43 51
33 43 31 40
34 10 33 45
35 25 46 58
36 12 32 37
37 35 45 47
38 48 36 55
39 10 50 60
40 49 48 54
41 33 45 62
42 33 14 17
43 50 26 43
44 44 47 59
45 37 44 64
46 7 25 27
47 8 9 12
48 41 26 44
49 34 11 15
50 4 28 39
51 0 28 46
52 2 12 21
53 25 34 54
54 19 5 6
55 0 48 68
56 13 21 22
57 44 29 40
58 21 25 25
59 26 42 57
60 47 49 50
61 7 50 51
62 15 38 42
63 48 51 61
64 2 44 47
65 40 19 21
66 7 49 62
67 35 0 4
68 26 41 48
69 14 1 13
70 21 18 20
71 17 29 41
72 47 39 41
73 24 23 27
74 37 11 28
75 10 35 45
76 18 46 50
77 36 41 41
78 33 23 40
79 10 20 38
80 6 34 44
81 19 46 50
82 5 8 22
83 39 1 11
84 16 46 46
85 34 18 32
86 51 1 17
87 7 42 42
88 12 11 19
89 5 42 42
90 23 17 36
91 4 14 32
92 3 44 52
93 7 24 33
94 32 14 32
95 15 48 55
96 33 52 60
97 47 30 50
98 36 27 32
99 17 5 5
100 26 17 17
101 46 49 68
102 27 18 25
103 2 44 54
104 46 23 33
105 11 48 62
106 14 44 62
107 38 26 27
108 0 7 11
109 36 11 21
110 13 37 54
111 51 2 22
112 2 11 29
113 43 45 55
114 51 49 50
115 47 20 20
116 42 29 31
117 40 8 12
118 23 10 25
119 19 29 41
120 46 40 50
121 39 42 60
122 23 48 51
123 28 35 51
124 49 36 44
125 39 39 55
126 17 49 59
127 38 8 15
128 24 37 42
129 37 37 54
130 16 19 20
131 19 27 39
132 29 8 14
133 29 34 39
134 7 29 41
135 30 43 43
