1 49 8 27
2 47 4 12
3 34 4 12
4 68 19 23
5 23 2 15
6 15 14 33
7 24 5 5
8 71 17 25
9 17 11 21
10 47 20 34
11 64 17 37
12 7 6 7
13 3 1 2
14 23 2 18
15 27 5 10
16 53 15 24
17 26 7 18
18 6 20 25
19 32 0 10
20 39 8 14
21 20 1 7
22 57 12 26
23 63 19 19
24 41 11 15
25 29 5 11
26 43 0 18
27 23 16 20
28 63 0 13
29 53 5 15
30 42 18 24
31 57 9 23
32 13 6 18
33 10 19 23
34 48 13 26
35 69 13 22
36 4 13 25
37 59 17 32
38 30 0 20
39 16 7 10
40 12 0 11
41 31 1 4
42 10 16 23
43 62 2 16
44 34 2 8
45 36 11 29
46 13 12 32
47 38 10 29
48 58 12 20
49 50 13 15
50 5 10 20
51 12 19 23
52 48 15 34
53 20 5 7
54 71 19 27
55 29 7 11
56 5 7 25
57 55 0 1
58 15 4 21
59 58 1 10
60 42 12 17
61 52 10 11
62 1 9 19
63 54 11 11
64 37 12 19
65 49 19 28
66 10 20 27
67 70 20 34
68 28 7 26
69 33 1 21
70 70 15 23
71 21 1 2
72 30 2 8
73 0 5 8
74 36 4 22
75 4 3 11
76 30 5 17
77 46 16 23
78 67 7 22
79 64 2 10
80 22 3 7
81 23 6 24
82 60 16 35
83 46 5 19
84 58 15 18
85 52 6 24
86 25 12 17
87 48 9 13
88 50 17 35
89 62 7 13
90 56 3 23
91 10 2 13
92 15 9 9
93 26 20 32
94 34 15 17
95 24 7 20
96 61 3 7
97 22 19 29
98 65 9 27
99 20 0 8
100 19 14 19
101 23 1 21
102 15 16 29
103 69 3 3
104 34 12 19
105 24 0 12
106 36 11 29
107 52 12 23
108 42 11 16
109 22 20 20
110 61 7 17
111 23 2 14
112 14 14 28
113 7 14 21
114 42 10 24
115 40 3 12
116 25 12 20
117 63 10 13
118 60 14 16
119 67 10 23
120 62 11 20
121 21 16 25
122 3 1 20
123 67 6 11
124 37 14 32
125 38 7 8
126 47 20 34
127 10 17 32
128 20 0 14
129 9 10 25
130 25 20 32
131 4 3 10
132 59 17 29
133 52 1 15
134 55 6 16
135 20 3 22
136 25 1 20
137 20 6 12
138 12 12 21
