1 5 44 61
2 15 60 72
3 12 31 45
4 52 76 86
5 26 48 68
6 10 55 69
7 70 1 6
8 7 49 63
9 26 28 41
10 44 73 82
11 53 11 27
12 59 7 27
13 27 5 12
14 59 57 60
15 56 53 68
16 21 40 44
17 52 7 25
18 49 23 31
19 21 39 45
20 8 22 26
21 10 67 76
22 15 13 21
23 47 47 52
24 12 39 57
25 49 38 40
26 28 56 63
27 2 70 85
28 34 0 20
29 26 20 25
30 45 6 23
31 52 53 57
32 6 43 54
33 61 26 46
34 43 54 65
35 52 56 62
36 47 19 24
37 62 48 48
38 56 32 35
39 16 73 79
40 9 43 62
41 1 27 28
42 23 16 31
43 35 30 36
44 17 74 84
45 71 14 32
46 31 32 35
47 17 74 79
48 8 20 29
49 22 40 40
50 37 46 46
51 56 71 85
52 29 47 59
53 31 51 71
54 27 37 51
55 19 25 33
56 44 76 95
57 48 56 58
58 5 76 81
59 21 67 73
60 0 32 33
61 64 29 33
62 24 61 64
63 66 18 36
64 30 74 92
65 20 34 53
66 28 12 25
67 7 2 16
68 43 15 31
69 28 75 92
70 38 5 11
71 40 29 30
72 54 14 29
73 48 11 22
74 66 70 76
75 7 67 69
76 36 73 77
77 30 68 85
78 69 60 67
79 2 31 40
80 38 69 75
81 6 38 52
82 49 6 10
83 44 56 73
84 0 52 54
85 8 53 66
86 49 20 30
87 26 10 14
88 43 65 65
89 45 66 83
90 68 15 34
91 60 43 49
92 52 72 81
93 68 14 24
94 10 8 28
95 9 19 23
96 28 27 44
97 25 47 64
98 27 77 97
99 9 32 48
100 63 48 48
101 17 59 70
102 30 16 36
103 21 56 76
104 63 22 25
105 27 76 81
106 60 28 39
107 38 69 87
108 29 2 6
109 15 76 80
110 66 23 33
111 11 12 12
112 9 44 64
113 65 18 36
114 35 53 62
115 51 45 49
116 19 9 27
117 57 4 11
118 37 17 24
119 13 27 33
120 0 49 66
121 0 60 79
122 1 44 53
123 33 70 85
124 3 38 56
125 61 62 73
126 45 2 16
127 47 43 62
128 57 53 53
129 69 42 51
130 66 6 24
131 34 52 53
132 39 8 27
133 43 0 20
134 30 33 46
135 40 36 46
136 37 69 81
137 38 66 79
138 10 77 85
139 70 71 80
140 20 27 34
141 7 75 91
142 32 24 30
143 37 9 12
144 45 22 30
145 10 14 19
146 1 29 31
147 63 44 55
148 50 8 25
149 51 62 73
