1 13 61 81
2 42 3 8
3 1 23 43
4 34 20 25
5 9 60 60
6 27 13 25
7 39 7 8
8 49 23 37
9 6 38 45
10 22 58 75
11 14 21 29
12 17 14 22
13 16 0 18
14 45 25 27
15 39 13 31
16 36 11 20
17 43 5 24
18 39 5 15
19 51 68 68
20 18 31 36
21 13 60 67
22 29 41 56
23 12 28 47
24 50 16 29
25 33 29 42
26 18 61 77
27 35 32 37
28 41 3 7
29 7 37 38
30 44 28 43
31 9 45 55
32 43 31 43
33 10 44 53
34 44 61 69
35 19 38 55
36 14 47 51
37 12 1 10
38 11 18 18
39 31 11 20
40 51 61 75
41 15 32 36
42 5 66 74
43 38 32 44
44 5 22 34
45 22 4 6
46 45 13 17
47 4 43 47
48 33 36 52
49 37 48 67
50 10 35 39
51 29 25 39
52 44 11 28
53 18 22 36
54 49 45 55
55 22 65 69
56 39 25 28
57 30 59 71
58 21 21 24
59 12 15 23
60 20 49 55
61 3 29 49
62 32 31 40
63 3 28 47
64 19 51 57
65 12 58 73
66 1 55 60
67 33 9 25
68 20 1 3
69 3 62 65
70 12 4 4
71 10 15 31
72 12 17 20
73 20 57 66
74 32 6 26
75 34 34 47
76 26 60 76
77 51 52 52
78 31 37 54
79 21 21 37
80 9 63 76
81 47 0 17
82 40 40 47
83 32 6 19
84 0 11 18
85 37 3 17
86 7 57 58
87 46 68 77
88 30 14 30
89 18 41 61
90 31 67 81
91 0 19 30
92 27 44 54
93 18 7 8
94 16 17 31
95 8 14 26
96 33 20 24
97 38 36 50
98 7 56 64
99 14 50 52
100 45 2 22
101 41 43 61
102 7 43 51
103 50 7 7
104 28 62 65
105 29 21 39
106 23 58 62
107 28 68 70
108 47 32 34
109 0 8 8
110 13 67 78
111 18 10 16
112 11 5 21
113 31 65 82
114 18 47 53
115 30 30 43
116 22 61 79
117 25 2 5
118 19 66 68
119 12 18 25
120 32 12 19
121 36 60 63
122 45 55 66
123 48 17 27
124 33 57 66
125 32 18 30
126 20 4 9
127 12 56 58
128 24 66 83
129 50 19 35
130 20 23 33
131 13 39 56
132 35 60 73
133 2 49 69
134 45 38 45
135 38 66 66
136 3 32 40
137 17 48 61
138 41 4 20
139 3 0 3
140 41 13 26
141 48 48 57
142 3 42 56
143 25 17 35
144 51 6 15
145 16 47 56
146 11 0 4
147 36 21 26
148 15 59 73
149 46 68 81
150 27 24 26
151 34 31 40
152 4 49 59
153 5 61 80
154 41 61 71
155 44 5 9
156 35 37 43
157 12 32 45
158 5 10 24
159 35 48 57
160 29 35 49
