1 31 43 57
2 16 0 0
3 17 20 30
4 27 5 21
5 13 38 54
6 5 22 28
7 32 41 52
8 8 29 41
9 45 16 22
10 42 35 43
11 9 39 44
12 41 24 28
13 44 13 30
14 9 27 31
15 7 16 25
16 5 0 17
17 50 0 13
18 10 13 30
19 10 44 45
20 48 10 15
21 20 0 20
22 35 27 29
23 24 32 39
24 49 17 19
25 15 6 21
26 24 13 18
27 5 16 27
28 38 20 23
29 30 3 21
30 47 26 30
31 27 34 50
32 9 30 40
33 46 4 22
34 20 19 30
35 38 44 55
36 22 34 53
37 47 1 9
38 10 24 34
39 47 38 48
40 13 21 34
41 7 33 33
42 39 9 22
43 46 4 21
44 39 35 42
45 23 39 54
46 11 12 22
47 11 1 12
48 14 29 32
49 14 41 42
50 17 13 19
51 51 35 48
52 41 9 10
53 18 6 23
54 3 32 34
55 40 27 38
56 4 26 42
57 29 16 22
58 27 24 29
59 35 31 35
60 43 10 16
61 50 15 15
62 35 4 17
63 13 22 25
64 23 30 41
65 19 1 1
66 0 44 62
67 29 20 24
68 11 15 32
69 12 16 33
70 19 2 6
71 8 1 18
72 29 12 16
73 4 22 25
74 17 15 31
75 49 42 57
76 36 31 45
77 16 30 38
78 21 13 25
79 3 29 39
80 11 28 40
81 36 0 13
82 22 41 42
83 31 19 33
84 14 16 28
85 46 17 22
86 24 14 17
87 50 6 21
88 1 35 35
89 30 36 42
90 42 36 46
91 5 7 8
92 15 19 32
93 34 15 27
94 27 40 60
95 12 12 23
96 39 27 42
97 15 17 18
98 48 16 17
99 3 26 41
100 8 36 48
101 8 27 42
102 40 17 23
103 4 40 53
104 37 25 31
105 27 0 8
106 8 14 16
107 9 42 44
108 41 19 23
109 40 43 54
110 37 38 40
111 0 20 27
112 5 21 38
113 1 32 42
114 37 10 19
115 45 39 39
116 22 24 33
117 22 34 41
118 41 23 38
119 12 44 60
120 2 2 15
121 16 29 34
122 22 9 20
123 4 9 11
124 26 40 59
125 5 38 43
126 13 8 23
127 34 44 49
128 40 15 30
129 21 4 7
130 12 22 38
131 0 19 37
132 19 14 14
133 44 32 37
134 43 7 18
135 14 20 24
136 10 26 27
137 32 36 44
138 24 42 53
139 3 25 28
140 13 15 16
141 51 26 28
142 29 16 35
143 14 36 39
144 39 36 46
145 6 29 36
146 31 40 56
147 11 15 35
148 33 33 40
149 35 24 38
150 20 0 1
151 39 16 28
152 4 19 35
153 48 37 53
154 32 37 42
155 22 1 21
156 16 0 5
157 11 41 49
158 4 15 33
159 10 25 30
160 2 10 14
161 0 28 45
162 17 20 39
163 10 4 16
164 46 15 31
165 44 1 4
166 20 30 46
167 34 32 32
168 24 4 14
169 38 44 60
170 27 28 47
171 19 8 11
172 9 10 25
173 33 21 31
174 45 1 9
175 15 5 6
176 42 44 57
177 20 11 25
178 14 37 49
179 4 9 14
180 12 29 36
181 44 37 52
182 49 13 23
183 12 13 32
184 42 27 45
185 40 32 42
186 5 0 8
187 19 26 29
188 39 20 21
189 5 6 20
190 49 22 25
191 43 41 41
192 41 16 23
193 9 26 39
194 48 37 50
195 46 8 28
196 17 15 19
197 21 15 17
198 19 3 17
199 1 32 33
200 3 43 46
201 43 7 20
202 20 35 35
203 4 1 7
204 2 44 64
205 35 7 14
206 12 28 29
207 27 38 53
208 40 6 23
209 24 32 33
210 24 1 7
211 37 9 13
