1 57 31 51
2 71 83 98
3 51 47 52
4 5 80 80
5 12 41 50
6 55 17 28
7 51 33 37
8 59 86 89
9 4 33 42
10 29 21 24
11 39 99 108
12 2 67 68
13 51 66 82
14 2 89 98
15 28 36 41
16 4 6 12
17 13 92 99
18 59 35 48
19 34 28 29
20 64 68 68
21 49 33 38
22 21 70 86
23 45 75 95
24 51 33 36
25 46 29 38
26 56 59 63
27 12 18 28
28 36 0 5
29 39 49 63
30 36 45 59
31 60 70 85
32 34 69 85
33 19 63 74
34 10 37 51
35 0 57 59
36 13 31 37
37 14 33 40
38 1 11 17
39 55 82 89
40 18 37 52
41 35 91 106
42 14 3 23
43 49 13 15
44 0 87 95
45 25 14 30
46 42 87 88
47 14 24 28
48 28 41 41
49 12 8 18
50 30 79 92
51 37 78 91
52 2 35 45
53 61 55 67
54 25 48 65
55 23 19 28
56 34 28 32
57 3 48 52
58 24 11 21
59 20 90 102
60 20 96 102
61 1 59 59
62 50 23 33
63 47 42 46
64 15 27 34
65 10 60 80
66 65 15 21
67 54 24 44
68 2 65 74
69 39 13 22
70 64 1 1
71 50 92 108
72 1 84 91
73 53 24 38
74 13 66 85
75 5 15 25
76 2 9 26
77 45 44 64
78 61 26 38
79 14 60 80
80 39 60 76
81 10 43 46
82 36 19 34
83 7 68 69
84 48 74 92
85 25 78 94
86 10 28 47
87 70 92 94
88 51 101 113
89 55 46 56
90 59 0 8
91 6 45 55
92 66 23 42
93 2 86 102
94 55 2 14
95 36 28 32
96 46 29 30
97 70 7 23
98 68 49 64
99 39 10 23
100 31 5 7
101 7 33 39
102 27 66 71
103 22 93 94
104 34 25 28
105 53 59 73
106 26 38 55
107 20 66 69
108 65 7 23
109 22 26 28
110 37 38 50
111 60 12 31
112 6 93 99
113 11 63 82
114 24 8 13
115 29 54 70
116 68 41 47
117 36 71 78
118 64 97 106
119 63 43 59
120 56 34 49
121 67 86 90
122 36 58 77
123 32 25 34
124 44 49 54
125 60 99 110
126 70 71 74
127 44 80 88
128 24 58 74
129 9 74 80
130 43 19 32
131 23 85 91
132 14 91 106
133 4 54 56
134 17 71 87
135 62 57 67
136 16 46 54
137 21 71 84
138 44 15 26
139 67 17 27
140 1 31 33
141 49 86 91
142 30 14 29
143 21 33 39
144 35 18 28
145 28 91 93
146 15 69 88
147 55 97 102
148 53 69 86
149 4 31 41
150 58 72 86
151 67 14 15
152 39 6 23
153 0 7 14
154 15 33 43
155 62 29 44
156 1 66 77
157 17 41 45
158 29 29 31
159 25 15 28
160 14 75 77
161 58 29 36
162 57 60 71
163 69 66 80
164 3 33 34
165 25 13 24
166 37 28 40
167 51 1 21
168 67 63 76
169 36 89 92
170 55 61 62
171 55 79 87
172 44 1 1
173 67 56 75
174 9 63 80
175 53 76 94
176 56 48 68
177 48 27 40
178 16 45 50
179 66 9 23
180 44 51 61
181 10 13 32
182 39 4 14
183 9 58 59
184 52 66 80
185 58 5 19
186 42 13 13
187 13 87 87
188 34 31 36
189 63 73 78
190 3 75 87
191 1 80 92
192 17 47 48
193 59 58 76
194 4 7 8
195 25 17 30
196 11 49 61
197 71 38 51
198 41 54 73
199 60 18 18
200 23 82 99
201 57 45 59
202 35 28 37
203 29 10 22
204 12 62 77
205 46 42 53
206 9 23 34
207 31 90 96
208 0 29 42
209 37 44 60
210 20 66 77
211 53 38 51
212 62 26 42
213 29 57 68
214 54 25 27
215 68 48 51
216 58 42 55
217 43 28 28
218 20 7 18
219 41 51 61
220 0 95 104
221 36 81 100
222 40 47 63
223 40 30 39
224 59 60 72
225 51 30 48
226 59 42 48
227 1 76 79
228 26 65 79
229 44 64 78
230 6 15 31
231 63 96 114
232 49 32 43
233 48 79 99
234 8 38 57
235 12 83 96
236 19 71 71
237 15 15 28
238 55 41 54
239 6 15 27
240 12 61 70
241 16 99 118
242 70 35 47
243 45 61 74
244 70 84 97
245 3 86 88
246 25 93 103
247 57 6 14
248 38 37 40
249 69 28 31
250 70 67 68
251 26 91 110
252 62 60 73
253 26 55 57
254 14 15 31
255 15 55 66
256 38 85 100
257 42 18 35
258 21 17 37
259 63 6 17
260 56 89 97
261 42 61 79
262 67 23 23
263 20 18 36
264 43 59 70
265 13 21 32
266 4 67 84
267 42 2 9
268 38 59 73
269 9 97 104
270 56 66 82
271 67 8 27
272 46 7 19
273 34 44 53
274 27 8 20
275 34 56 72
276 7 62 72
277 51 65 80
278 22 78 98
279 68 7 25
280 2 53 55
281 63 4 9
282 4 92 104
283 15 61 71
284 12 55 68
285 14 57 59
286 0 37 38
287 10 63 75
288 13 22 30
