1 21 9 12
2 61 39 50
3 17 17 36
4 5 51 62
5 66 27 30
6 71 15 23
7 1 22 29
8 21 5 6
9 43 40 50
10 24 52 57
11 50 11 12
12 19 2 15
13 61 6 12
14 69 48 68
15 41 27 42
16 42 4 9
17 51 31 44
18 26 34 52
19 36 35 35
20 40 34 39
21 39 49 61
22 32 53 62
23 16 23 31
24 59 15 28
25 4 60 72
26 56 41 48
27 58 63 64
28 52 18 36
29 11 39 54
30 55 28 39
31 36 0 6
32 40 3 4
33 64 18 36
34 6 56 57
35 36 28 41
36 58 26 31
37 10 10 24
38 8 60 75
39 68 58 61
40 1 28 45
41 8 39 57
42 39 40 57
43 24 23 43
44 61 51 53
45 16 50 54
46 35 36 54
47 56 3 21
48 10 60 80
49 8 47 51
50 41 43 61
51 28 32 34
52 21 6 15
53 25 23 25
54 46 13 32
55 9 11 24
56 11 27 46
57 68 30 50
58 27 3 16
59 37 56 73
60 49 12 15
61 58 48 59
62 4 19 36
63 16 38 54
64 37 21 31
65 39 26 28
66 54 12 24
67 48 57 70
68 25 59 79
69 23 35 53
70 37 48 64
71 5 48 48
72 7 37 45
73 32 0 14
74 67 52 56
75 15 17 35
76 56 61 79
77 45 34 48
78 64 24 35
79 68 56 74
80 27 34 49
81 19 44 48
82 13 7 14
83 20 7 16
84 41 38 40
85 13 20 29
86 46 15 33
87 29 20 27
88 70 54 65
89 43 28 37
90 41 53 68
91 33 21 24
92 16 52 67
93 65 62 67
94 20 22 24
95 26 55 56
96 29 43 53
97 13 49 50
98 52 5 21
99 38 11 11
100 0 54 69
101 64 28 31
102 64 62 82
103 44 55 56
104 28 9 13
105 49 38 56
106 11 61 63
107 16 57 77
108 2 9 26
109 38 19 26
110 52 7 10
111 57 60 70
112 64 39 42
113 38 2 19
114 62 15 17
115 66 10 26
116 29 31 45
117 18 50 68
118 23 63 66
119 14 1 15
120 18 17 24
121 8 12 25
122 51 0 19
123 68 53 58
124 10 38 42
125 62 37 42
126 69 42 62
127 4 31 49
128 0 29 41
129 44 35 41
130 56 63 72
131 44 36 48
132 22 5 17
133 70 14 22
134 41 7 14
135 57 3 16
136 53 14 31
137 15 3 20
138 2 40 44
139 20 46 51
140 19 17 34
141 16 51 52
142 14 0 19
143 19 27 32
144 26 52 56
145 53 38 56
146 3 6 25
147 31 54 61
148 67 10 18
149 68 6 20
150 0 56 76
151 23 27 46
152 59 23 31
153 55 60 67
154 16 15 18
155 5 31 32
156 15 33 44
157 47 28 38
158 56 7 22
159 67 7 7
160 21 49 68
161 70 57 70
162 25 9 18
163 49 21 41
164 9 52 71
165 41 59 62
166 12 0 3
167 48 39 45
168 36 61 79
169 64 10 22
170 59 1 18
171 57 3 7
172 69 26 44
173 18 51 55
174 3 48 50
175 7 42 61
176 9 47 52
177 39 1 8
178 7 52 56
179 62 43 52
180 42 15 16
181 44 32 33
182 51 43 43
183 63 57 71
184 25 9 13
185 71 47 52
186 47 23 30
187 40 22 35
188 47 17 27
189 68 49 58
190 28 29 40
191 31 9 19
192 67 41 48
193 50 57 74
194 68 23 28
195 23 24 42
196 38 20 30
197 54 29 47
198 1 49 56
199 56 10 16
200 30 58 71
201 37 24 41
202 50 18 33
203 52 46 54
204 49 25 38
205 12 62 74
206 59 59 66
207 12 25 33
208 23 48 53
209 34 29 49
210 46 16 16
211 46 61 65
212 9 21 40
213 21 4 10
214 36 28 44
215 24 4 17
216 13 27 43
217 34 28 42
218 32 27 38
219 66 1 7
220 2 3 20
221 55 48 56
222 52 38 55
223 30 19 25
224 30 23 37
225 15 21 33
226 55 40 58
227 56 56 68
228 38 23 28
229 60 58 58
230 0 16 26
231 44 58 61
232 14 36 53
233 11 35 35
234 65 0 12
235 51 53 73
236 52 36 48
237 41 10 20
238 27 48 61
239 4 52 57
240 23 4 22
241 8 61 70
242 58 10 26
243 66 29 36
244 40 46 52
245 20 22 40
246 63 44 46
247 57 61 74
248 31 62 81
249 4 0 7
250 67 3 13
251 49 19 28
252 9 6 26
253 33 16 27
254 6 51 52
255 35 26 44
256 16 35 35
257 35 27 32
258 46 20 38
259 13 40 41
260 38 39 54
261 71 61 62
262 19 30 47
263 54 3 14
264 47 26 37
265 65 58 63
266 12 12 21
267 4 7 10
268 21 9 15
269 21 20 32
270 63 62 82
271 61 4 16
272 54 15 32
273 23 46 66
274 1 13 14
275 53 40 57
276 56 62 71
277 20 60 61
278 26 34 42
279 42 28 29
280 39 18 29
281 64 44 51
282 63 54 57
283 39 46 62
284 16 52 68
285 40 46 55
286 53 26 39
287 5 47 65
288 11 61 81
289 14 49 65
290 16 27 46
291 58 21 26
292 11 29 38
293 66 39 45
