1 13 17 35
2 49 6 18
3 30 13 16
4 40 17 18
5 53 28 35
6 23 30 45
7 68 15 34
8 71 15 23
9 69 15 34
10 8 36 55
11 65 0 19
12 2 31 43
13 38 6 10
14 19 7 17
15 8 12 32
16 49 14 26
17 52 5 22
18 32 34 46
19 8 12 31
20 62 33 45
21 3 31 49
22 41 31 33
23 41 24 40
24 19 35 46
25 69 39 55
26 22 25 30
27 53 20 20
28 4 26 38
29 41 23 25
30 59 14 29
31 12 21 41
32 12 36 44
33 25 7 14
34 33 36 56
35 35 40 58
36 65 5 8
37 6 33 51
38 21 24 29
39 4 36 43
40 34 16 35
41 57 41 48
42 13 1 21
43 67 20 23
44 8 27 29
45 10 1 13
46 10 7 24
47 0 29 46
48 55 19 31
49 7 27 47
50 16 22 38
51 31 24 24
52 56 30 39
53 30 17 27
54 65 32 47
55 60 18 22
56 12 10 22
57 30 10 15
58 65 7 15
59 24 25 36
60 23 25 32
61 29 27 31
62 70 33 45
63 67 21 31
64 48 40 55
65 67 19 33
66 1 4 18
67 39 27 30
68 26 18 29
69 31 2 20
70 0 1 16
71 62 0 18
72 70 40 59
73 66 12 21
74 61 3 13
75 8 23 24
76 28 31 38
77 19 19 31
78 15 33 50
79 37 22 32
80 34 19 28
81 42 22 24
82 23 32 35
83 16 24 34
84 46 37 55
85 17 40 55
86 18 22 33
87 26 18 27
88 57 34 39
89 43 9 20
90 17 6 16
91 54 28 35
92 51 10 23
93 48 36 53
94 5 11 26
95 8 16 33
96 12 1 13
97 14 35 41
98 2 36 47
99 43 31 51
100 37 31 41
101 35 12 24
102 36 6 22
103 1 5 16
104 15 14 14
105 43 25 39
106 50 26 33
107 4 10 18
108 30 21 37
109 66 38 52
110 49 41 47
111 46 2 22
112 49 40 46
113 27 30 47
114 14 24 32
115 33 4 13
116 21 32 44
117 53 25 43
118 70 18 32
119 50 17 26
120 13 1 3
121 66 25 26
122 51 12 32
123 37 30 34
124 47 5 8
125 51 17 22
126 25 38 42
127 37 10 21
128 10 35 39
129 9 24 31
130 35 14 31
131 18 27 36
132 14 21 32
133 1 18 28
134 33 22 25
135 16 28 35
136 46 29 33
137 66 39 52
138 26 39 52
139 55 13 22
140 36 26 28
141 25 4 15
142 3 4 15
143 64 22 42
144 39 39 43
145 29 23 39
146 26 35 51
147 37 12 17
148 38 41 54
149 16 16 29
150 20 27 36
151 48 35 55
152 59 11 18
153 51 28 45
154 24 31 46
155 37 29 44
156 60 27 30
157 10 35 45
158 55 21 22
159 23 12 18
160 34 37 54
161 63 36 50
162 25 35 44
163 43 14 22
164 34 15 25
165 7 0 12
166 53 38 56
167 4 35 48
168 63 20 27
169 60 3 10
170 51 36 51
171 6 13 20
172 35 14 19
173 55 11 22
174 30 31 47
175 36 41 58
176 53 38 46
177 23 35 48
178 54 26 31
179 39 7 15
180 33 12 29
181 69 19 32
182 69 8 23
183 58 29 36
184 63 10 26
185 6 17 20
186 70 11 19
187 0 41 57
188 57 23 29
189 55 14 23
190 42 13 31
191 65 9 19
192 1 9 10
193 28 19 34
194 39 3 5
195 26 39 57
196 58 41 51
197 30 35 55
198 24 32 40
199 2 3 6
200 32 38 50
201 56 6 14
202 66 35 44
203 3 41 43
204 28 25 36
205 6 20 26
206 22 4 12
207 33 35 38
208 28 5 21
209 24 37 41
210 51 30 37
211 66 14 28
212 33 24 42
213 37 15 31
214 61 15 28
215 32 25 39
216 57 21 35
217 8 2 10
218 19 26 43
219 31 36 48
220 36 17 19
221 21 21 30
222 2 12 31
223 41 4 14
224 65 7 13
225 6 19 27
226 20 14 24
227 8 18 24
228 31 3 23
229 58 4 6
230 65 24 40
231 59 24 25
232 68 39 48
233 18 39 42
234 57 40 41
235 44 27 33
236 17 2 9
237 44 4 24
238 36 1 11
239 71 29 46
240 2 34 47
241 15 26 26
242 12 15 29
243 26 10 12
244 48 37 47
245 61 16 27
246 38 14 18
247 9 7 7
248 67 2 15
249 39 12 31
250 35 31 32
251 26 1 7
252 24 37 56
253 54 20 33
254 10 31 38
255 43 26 36
256 14 35 50
257 0 10 11
258 16 39 48
259 17 10 16
260 19 32 36
261 42 27 30
262 60 20 40
263 3 37 57
264 9 24 40
265 22 36 50
266 0 11 29
267 41 24 35
268 59 2 17
269 42 41 54
270 35 0 13
271 41 23 39
272 44 34 46
273 70 18 24
274 9 7 22
275 3 21 26
276 9 39 54
277 49 28 42
278 36 5 6
279 18 40 54
280 61 13 22
281 49 32 39
282 65 9 24
283 63 9 10
284 21 10 26
285 45 36 42
286 27 9 26
287 68 33 36
288 18 3 7
289 47 18 31
290 13 30 39
291 61 3 8
292 5 21 41
293 66 36 44
294 44 34 47
295 45 17 29
296 28 35 51
297 70 17 27
298 12 14 33
299 68 36 51
300 49 30 46
301 27 24 25
302 6 15 29
303 31 26 37
304 59 15 30
305 46 19 39
306 9 14 14
307 19 22 32
308 29 13 15
309 33 10 26
310 43 22 36
311 44 41 53
312 17 5 14
313 56 31 37
314 18 16 27
315 7 16 31
316 3 3 23
317 21 17 19
318 27 24 36
319 7 7 20
320 13 3 21
321 38 22 26
322 12 7 8
323 31 39 46
324 23 20 39
325 6 38 42
326 3 5 24
327 47 30 32
328 9 33 52
329 21 9 29
330 17 23 29
331 3 21 25
332 38 7 21
333 45 39 52
334 69 38 58
335 2 1 10
336 22 40 41
337 28 12 21
338 32 34 44
339 53 6 18
340 8 13 29
341 36 20 31
342 65 16 26
343 60 5 17
344 61 0 1
345 62 26 26
346 12 41 60
347 30 15 26
348 9 14 15
349 20 35 54
350 21 3 15
351 35 30 45
352 48 5 8
353 61 18 29
354 32 2 22
355 44 8 20
356 8 34 34
357 23 7 27
358 24 37 46
359 35 36 39
360 56 25 30
361 46 34 47
362 20 26 36
363 58 39 55
364 40 20 22
365 28 36 43
366 50 28 28
367 54 38 52
368 69 6 12
369 13 27 38
370 15 11 14
371 9 37 40
372 46 41 43
373 9 38 49
374 30 8 24
375 71 25 31
376 39 35 38
377 8 23 41
378 62 37 45
379 29 34 45
380 50 11 20
381 47 27 33
382 11 16 30
383 42 30 48
384 13 17 27
385 24 37 41
386 40 31 35
387 58 1 20
388 24 10 21
389 68 18 27
390 33 0 9
391 0 38 45
392 16 0 13
393 29 14 25
394 61 36 54
395 9 8 18
396 70 6 19
397 67 12 28
398 70 16 26
399 22 6 11
400 35 30 41
401 18 11 25
402 11 15 15
403 2 32 41
404 45 29 38
405 43 9 19
406 29 33 53
407 61 12 18
408 43 10 23
409 8 19 19
410 63 25 30
411 69 5 22
412 35 40 55
413 61 11 21
414 35 7 19
415 22 2 3
416 36 41 54
417 56 17 27
418 46 0 2
419 53 35 39
420 0 25 40
421 4 26 35
422 15 25 42
423 67 38 51
424 14 29 35
425 47 9 22
426 61 17 37
427 53 34 51
428 20 0 15
429 57 31 51
430 44 31 32
431 20 8 20
432 43 0 14
433 2 20 34
434 26 0 15
435 0 23 33
436 35 22 38
437 2 0 4
438 37 26 44
439 13 25 33
440 20 23 42
441 64 34 37
442 6 3 13
443 23 7 8
444 51 17 26
445 14 35 51
446 35 35 39
447 54 12 19
448 3 22 37
449 11 14 15
450 55 32 46
451 34 19 28
452 46 35 49
453 24 4 19
454 44 4 17
455 52 12 29
456 52 8 23
457 65 4 14
458 40 7 7
459 63 41 42
460 29 13 28
461 12 1 9
462 63 37 37
463 39 39 51
464 50 31 46
465 12 8 9
466 54 32 35
467 61 20 26
468 70 10 14
469 27 22 27
470 51 8 22
471 64 24 35
472 35 36 48
473 43 32 49
474 41 13 18
475 28 33 51
476 0 3 3
477 4 32 50
478 71 23 31
479 3 25 32
480 51 38 54
481 38 32 42
482 38 7 13
483 55 2 5
484 46 30 39
485 21 16 24
486 45 27 28
487 5 28 38
488 32 29 47
489 51 26 28
490 2 23 39
491 11 33 44
492 13 12 14
493 20 35 45
494 13 5 16
495 44 17 20
496 16 11 15
497 33 22 29
498 62 20 31
499 47 16 29
500 30 32 49
501 61 6 9
502 67 37 40
503 21 6 13
504 15 20 33
505 43 23 28
506 52 39 41
507 69 1 3
508 63 8 10
509 9 11 29
510 57 37 40
511 53 29 37
512 31 23 31
513 24 10 23
514 20 4 22
515 48 37 41
516 67 1 9
517 62 0 17
518 5 19 25
519 64 15 29
520 9 23 31
521 17 41 44
522 46 37 51
523 67 0 20
524 51 10 23
525 56 19 35
526 43 10 12
527 4 23 28
528 12 18 23
529 20 1 8
530 63 40 51
531 37 20 28
532 9 3 3
533 50 27 31
534 9 22 37
535 1 29 48
536 43 37 39
537 10 32 51
538 64 16 33
539 68 25 39
540 52 19 21
