1 12 3 9
2 19 35 47
3 32 38 48
4 54 3 14
5 48 8 21
6 61 64 66
7 38 36 42
8 22 17 30
9 49 52 59
10 23 66 73
11 18 6 22
12 5 19 25
13 42 37 42
14 67 58 69
15 50 46 51
16 22 66 75
17 17 46 50
18 43 4 24
19 2 41 61
20 64 37 51
21 69 20 34
22 43 9 13
23 56 22 23
24 69 2 18
25 28 31 35
26 17 4 17
27 23 20 33
28 6 28 48
29 49 39 55
30 71 50 57
31 51 4 11
32 4 51 53
33 64 60 70
34 18 55 56
35 56 7 9
36 2 64 68
37 39 27 32
38 30 60 64
39 48 38 39
40 56 5 19
41 44 56 74
42 7 38 45
43 22 22 38
44 54 42 53
45 60 6 25
46 18 38 51
47 56 20 24
48 62 60 73
49 44 4 6
50 0 66 74
51 27 4 8
52 50 54 60
53 50 58 66
54 53 33 39
55 1 48 59
56 14 22 26
57 56 36 49
58 26 7 26
59 17 13 14
60 49 59 60
61 47 5 16
62 27 60 66
63 21 24 31
64 64 25 27
65 20 64 81
66 15 29 43
67 33 44 60
68 43 1 12
69 64 60 74
70 7 55 75
71 67 4 17
72 39 31 34
73 48 45 53
74 59 10 25
75 34 60 80
76 21 56 74
77 24 54 66
78 13 33 49
79 46 57 64
80 17 25 44
81 52 48 68
82 22 62 80
83 31 25 33
84 59 66 66
85 5 35 44
86 9 56 59
87 47 29 30
88 29 13 24
89 41 30 39
90 50 10 28
91 5 39 48
92 49 40 47
93 6 58 62
94 10 62 75
95 52 66 71
96 12 45 65
97 7 5 14
98 65 6 6
99 47 63 69
100 56 8 10
101 59 62 72
102 36 61 70
103 63 55 69
104 60 33 40
105 17 30 39
106 31 50 53
107 12 8 20
108 5 29 30
109 34 62 80
110 4 64 74
111 33 36 36
112 69 54 67
113 58 1 20
114 43 23 39
115 29 26 40
116 28 49 56
117 19 66 67
118 1 39 56
119 2 6 13
120 27 34 52
121 67 45 62
122 59 9 17
123 45 7 8
124 36 17 29
125 28 17 29
126 63 11 30
127 28 4 15
128 30 56 58
129 11 62 78
130 52 35 49
131 22 60 80
132 26 28 44
133 44 26 31
134 43 11 16
135 43 19 36
136 50 9 29
137 49 64 74
138 41 13 15
139 16 61 72
140 18 60 76
141 55 2 8
142 4 23 41
143 31 7 16
144 35 60 62
145 57 60 76
146 25 67 86
147 41 24 36
148 13 28 38
149 31 15 33
150 14 30 45
151 33 2 13
152 5 66 67
153 52 62 71
154 43 59 63
155 32 18 37
156 69 50 53
157 41 47 62
158 46 27 43
159 48 27 29
160 21 26 38
161 24 15 24
162 13 15 23
163 70 43 62
164 57 16 21
165 7 23 35
166 14 10 19
167 13 27 32
168 56 5 15
169 58 32 35
170 66 48 52
171 9 45 62
172 6 61 62
173 1 52 60
174 18 19 35
175 25 51 54
176 71 50 54
177 0 17 28
178 51 44 56
179 70 0 9
180 27 19 32
181 45 48 48
182 27 3 7
183 50 57 64
184 57 14 14
185 60 42 60
186 56 31 35
187 18 36 46
188 31 14 18
189 58 35 41
190 62 5 8
191 4 34 43
192 63 43 62
193 41 56 66
194 6 24 37
195 15 61 76
196 13 13 26
197 55 47 61
198 67 6 11
199 69 47 63
200 30 34 54
201 19 34 46
202 59 11 11
203 61 42 46
204 64 21 22
205 60 45 45
206 45 67 82
207 53 54 65
208 2 48 62
209 19 19 19
210 57 55 75
211 20 6 14
212 16 7 22
213 3 22 28
214 19 8 17
215 31 0 8
216 9 41 60
217 71 52 55
218 10 7 17
219 40 33 41
220 5 51 68
221 67 63 71
222 61 21 25
223 30 7 13
224 47 36 43
225 23 53 70
226 9 16 23
227 43 52 58
228 9 21 23
229 0 30 32
230 47 26 35
231 50 38 42
232 31 15 16
233 14 33 44
234 43 21 35
235 18 0 6
236 40 47 60
237 38 9 19
238 12 35 42
239 67 10 25
240 23 2 3
241 54 43 51
242 66 49 50
243 25 16 30
244 31 6 18
245 58 37 57
246 47 49 65
247 13 10 24
248 49 22 31
249 45 57 68
250 26 4 16
251 1 29 41
252 5 58 73
253 21 18 36
254 51 11 29
255 7 8 26
256 23 28 35
257 38 39 59
258 50 64 80
259 40 63 76
260 15 55 72
261 25 60 64
262 51 0 15
263 34 12 25
264 50 0 2
265 66 66 80
266 60 44 49
267 56 22 27
268 41 23 26
269 25 52 71
270 48 7 24
271 26 64 65
272 54 34 52
273 31 44 59
274 62 66 82
275 11 17 24
276 56 30 45
277 10 7 18
278 34 13 19
279 18 9 25
280 60 5 12
281 41 22 42
282 35 4 4
283 69 64 70
284 19 22 32
285 2 50 68
286 48 52 70
287 45 28 39
288 19 55 71
289 41 3 6
290 32 17 34
291 27 31 37
292 34 47 65
293 7 7 20
294 51 53 57
295 60 43 44
296 52 65 79
297 62 60 73
298 49 59 65
299 57 12 23
300 27 62 63
301 25 17 36
302 55 34 42
303 9 61 73
304 4 34 42
305 57 63 72
306 1 46 51
307 3 15 15
308 60 2 2
309 18 24 44
310 27 1 17
311 2 24 32
312 26 66 66
313 41 4 10
314 46 21 33
315 33 61 68
316 47 57 68
317 57 54 69
318 37 43 61
319 43 50 55
320 63 55 68
321 65 26 34
322 21 7 21
323 65 58 65
324 58 3 9
325 64 41 61
326 20 57 69
327 65 43 49
328 7 46 59
329 21 12 20
330 33 43 61
331 44 60 75
332 37 6 22
333 8 27 29
334 40 51 53
335 58 25 36
336 28 57 67
337 48 63 83
338 8 9 27
339 67 18 37
340 44 1 10
341 71 35 52
342 1 58 77
343 7 38 54
344 29 15 21
345 38 57 61
346 43 39 47
347 7 66 70
348 52 55 73
349 20 20 37
350 70 47 48
351 10 59 68
352 12 42 50
353 65 25 38
354 41 58 78
355 24 0 12
356 52 60 76
357 45 12 18
358 7 28 45
359 59 17 19
360 0 0 1
361 0 55 74
362 10 11 12
363 68 14 33
364 70 30 31
365 11 14 21
366 28 51 56
367 68 63 72
368 37 5 8
369 44 14 31
370 31 32 42
371 64 0 14
372 33 30 30
373 61 14 14
374 35 30 33
375 23 9 19
376 34 45 62
377 45 28 35
378 33 24 33
379 63 7 11
380 18 28 40
381 16 49 67
382 10 39 41
383 53 24 38
384 13 53 73
385 3 2 10
386 39 28 32
387 56 62 82
388 60 0 12
389 63 24 36
390 53 32 45
391 29 45 62
392 50 6 23
393 9 58 63
394 0 12 25
395 46 24 30
396 45 22 35
397 43 44 54
398 55 35 51
399 47 5 24
400 15 28 47
401 49 14 30
402 31 32 49
403 14 2 18
404 71 47 53
405 46 48 51
406 40 30 44
407 30 12 16
408 4 16 27
409 59 25 29
410 53 21 28
411 52 18 18
412 45 63 71
413 50 43 48
414 48 24 30
415 40 36 55
416 14 24 26
417 37 56 64
418 63 28 30
419 29 5 13
420 10 48 56
421 24 27 28
422 1 37 56
423 42 64 83
424 10 64 67
425 29 53 67
426 20 6 9
427 46 24 27
428 26 11 17
429 66 39 44
430 22 47 54
431 15 20 22
432 10 0 4
433 12 26 33
434 6 10 24
435 71 27 43
436 51 8 20
437 70 38 55
438 70 25 32
439 27 32 40
440 36 64 71
441 7 64 66
442 31 37 56
443 28 1 16
444 41 49 53
445 67 15 17
446 6 18 27
447 62 16 22
448 8 45 64
449 49 20 29
450 70 43 61
451 38 36 42
452 35 34 36
453 62 24 34
454 38 24 26
455 17 26 45
456 8 16 36
457 68 21 21
458 26 5 12
459 58 12 19
460 53 52 72
461 6 2 15
462 56 11 21
463 17 36 55
464 67 34 36
465 71 26 39
466 50 35 48
467 28 16 36
468 38 53 65
469 43 43 44
470 43 45 55
471 34 48 66
472 35 49 52
473 12 1 13
474 34 17 36
475 69 65 74
476 22 14 22
477 48 55 57
478 44 14 17
479 42 20 24
480 31 21 24
481 35 4 9
482 0 18 34
483 38 40 58
484 52 45 47
485 37 67 87
486 70 46 49
487 57 34 47
488 42 31 35
489 63 58 67
490 48 21 41
491 15 65 77
492 60 34 40
493 48 67 86
494 46 44 61
495 0 43 63
496 40 43 44
497 54 30 36
498 36 10 21
499 30 0 10
500 11 23 38
501 15 12 12
502 27 66 75
503 64 12 29
504 3 57 67
505 58 66 76
506 32 40 43
507 63 2 18
508 16 65 74
509 31 41 55
510 35 14 25
511 50 18 28
512 32 40 47
513 38 66 75
514 11 54 74
515 62 24 29
516 2 64 65
517 32 0 15
518 68 39 55
519 47 25 25
520 13 13 19
521 64 5 7
522 29 43 46
523 10 61 76
524 47 21 24
525 40 11 13
526 20 31 35
527 57 25 42
528 57 16 25
529 8 27 44
530 49 24 29
531 36 38 53
532 67 17 17
533 49 31 45
534 3 50 64
535 21 45 49
536 21 41 46
537 70 66 86
538 34 31 38
539 43 49 55
540 40 18 19
541 55 7 26
542 63 63 76
543 5 65 77
544 13 24 35
545 47 15 17
546 7 48 55
547 18 9 21
548 36 66 75
549 65 34 50
550 68 8 9
551 15 9 12
552 68 47 65
