1 20 3 14
2 10 3 16
3 27 9 12
4 1 11 15
5 70 3 4
6 14 12 20
7 7 5 11
8 4 1 13
9 20 5 25
10 35 4 6
11 57 9 20
12 70 0 18
13 29 5 14
14 25 9 17
15 24 9 28
16 29 1 7
17 19 10 17
18 61 1 18
19 27 10 20
20 5 10 18
21 27 0 11
22 17 5 5
23 6 1 15
24 18 1 9
25 1 3 14
26 37 7 24
27 44 10 28
28 44 6 21
29 33 9 12
30 49 2 6
31 5 10 11
32 26 9 29
33 19 3 20
34 34 5 15
35 69 11 15
36 64 6 20
37 36 3 14
38 32 11 29
39 9 7 20
40 44 12 18
41 18 1 6
42 28 6 14
43 68 12 16
44 44 8 12
45 32 5 25
46 52 2 17
47 44 0 11
48 68 8 22
49 11 0 17
50 21 2 21
51 45 0 2
52 45 8 11
53 40 8 25
54 66 2 12
55 1 12 32
56 64 2 12
