1 20 56 60
2 15 50 69
3 10 43 48
4 9 60 70
5 48 49 51
6 46 28 34
7 27 61 75
8 25 26 36
9 36 63 64
10 29 42 56
11 22 24 36
12 5 53 73
13 17 59 69
14 0 14 22
15 39 44 61
16 46 60 62
17 38 62 68
18 21 41 41
19 3 2 22
20 26 3 19
21 30 36 42
22 8 30 43
23 28 62 79
24 25 48 57
25 29 54 71
26 42 33 37
27 6 6 6
28 42 26 34
29 4 66 66
30 37 17 33
31 32 16 31
32 16 58 69
33 7 58 70
34 44 43 53
35 32 30 50
36 15 56 67
37 29 3 13
38 38 66 77
39 2 30 31
40 43 51 71
41 1 11 21
42 20 44 57
43 2 35 39
44 48 46 55
45 46 37 42
46 48 14 34
47 44 7 11
48 39 20 40
49 22 35 41
50 35 36 52
51 15 60 71
52 45 10 14
53 23 36 53
54 48 63 78
55 43 7 24
56 25 4 10
57 7 6 25
58 26 65 69
59 7 29 43
60 23 20 27
61 46 27 28
62 19 50 69
63 16 26 40
64 49 40 43
65 2 16 29
66 18 47 48
67 39 19 24
68 43 60 66
69 24 3 3
70 46 3 13
71 19 0 14
72 22 43 50
73 11 47 66
74 45 9 27
75 45 28 28
76 47 36 38
77 11 21 21
78 34 3 9
79 8 21 33
80 37 3 15
81 33 65 79
82 19 49 67
83 35 19 38
84 30 48 55
85 44 28 32
86 2 16 16
87 5 39 57
88 19 55 67
89 13 60 71
