1 44 86 105
2 28 67 73
3 59 123 126
4 35 43 59
5 3 103 119
6 27 137 147
7 62 138 154
8 25 144 163
9 59 0 8
10 34 60 75
11 20 141 149
12 60 86 100
13 6 19 27
14 68 103 103
15 62 56 73
16 53 37 55
17 58 41 48
18 60 37 57
19 61 5 23
20 61 82 102
21 49 67 75
22 34 135 155
23 22 60 67
24 39 91 108
25 7 121 128
26 14 108 119
27 56 70 79
28 50 63 65
29 55 60 77
30 63 97 97
31 8 31 36
32 39 78 90
33 46 16 18
34 71 26 31
35 34 113 121
36 17 139 144
37 22 126 131
38 12 130 137
39 29 58 73
40 32 40 45
41 14 127 139
42 63 149 164
43 50 142 142
