1 70 26 36
2 30 26 26
3 27 7 19
4 4 15 33
5 32 29 43
6 14 12 27
7 39 21 28
8 55 20 30
9 55 29 48
10 23 8 19
11 6 36 54
12 70 0 15
13 68 16 31
14 67 37 51
15 19 14 15
16 58 27 27
17 58 7 18
18 40 3 9
19 16 15 33
20 45 32 43
21 63 31 36
22 58 21 35
23 40 17 19
24 60 10 11
25 12 22 34
26 57 36 47
27 1 21 29
28 32 23 35
29 22 16 30
30 71 13 21
31 27 29 46
32 42 14 16
33 35 17 22
34 15 5 24
35 0 2 22
36 56 9 14
37 10 12 25
38 43 11 16
39 67 4 8
40 14 19 31
41 71 10 19
42 62 8 25
43 53 8 19
44 4 21 33
45 63 22 42
46 47 18 27
47 27 21 37
48 51 34 44
49 59 23 28
50 37 3 15
51 58 4 16
52 30 32 39
53 31 2 19
54 63 10 24
55 42 9 26
56 61 13 22
57 46 11 22
58 68 6 6
59 25 36 37
60 69 8 23
61 57 14 24
62 4 37 46
63 60 27 34
64 56 27 47
65 70 23 24
66 19 31 50
67 47 26 31
68 40 14 26
69 17 32 43
70 32 16 28
71 48 2 4
72 27 32 40
73 21 35 42
74 57 28 33
75 42 1 2
76 59 36 53
77 54 16 32
78 60 35 48
79 63 21 34
80 27 6 11
81 68 25 38
82 27 12 15
83 45 23 41
84 69 26 39
85 22 1 12
86 37 10 21
87 13 6 17
88 37 34 51
89 69 10 14
90 64 30 37
91 21 31 47
92 41 28 46
93 33 23 36
94 45 21 40
95 41 10 10
96 9 5 21
97 57 35 53
98 59 11 29
99 64 15 18
100 23 3 20
101 38 21 24
102 31 3 17
103 41 4 11
104 34 10 14
105 19 1 8
106 48 32 37
107 53 30 35
108 71 21 23
109 61 15 16
110 1 21 29
111 27 7 19
112 31 12 19
113 10 4 14
114 16 30 47
115 21 29 47
116 2 18 29
117 64 24 38
118 24 14 17
119 13 38 56
120 28 14 20
121 5 30 34
122 42 5 12
123 2 29 40
124 48 33 35
125 49 24 37
126 54 26 45
127 30 12 29
128 61 27 44
