1 60 5 13
2 70 2 13
3 17 28 30
4 63 1 17
5 39 19 20
6 61 0 0
7 51 0 18
8 59 14 22
9 37 4 12
10 29 9 29
11 59 6 8
12 35 27 29
13 61 24 27
14 26 5 11
15 24 3 18
16 0 26 40
17 26 3 20
18 25 13 14
19 3 9 24
20 16 27 42
21 35 6 13
22 21 29 34
23 31 15 19
24 0 17 24
25 1 31 48
26 40 4 12
27 6 2 13
28 45 12 18
29 28 33 50
30 7 12 29
31 51 30 30
32 27 26 45
33 15 31 37
34 14 9 19
35 59 5 20
36 15 25 35
37 69 28 41
38 38 25 27
39 26 24 31
40 25 8 15
41 4 1 13
42 28 27 42
43 3 33 39
44 41 29 44
45 66 1 19
46 10 21 35
47 54 29 32
48 65 19 21
49 21 2 10
50 24 13 16
51 35 0 7
52 14 19 28
53 53 8 10
54 71 12 27
55 5 6 10
56 54 19 29
57 32 3 19
58 57 14 26
59 49 14 24
60 22 16 17
61 45 32 48
62 43 22 27
63 66 30 31
64 29 22 39
65 38 14 17
66 65 0 14
67 18 21 23
68 21 3 6
69 70 11 18
70 36 32 41
71 22 9 17
72 1 10 23
73 38 8 16
74 22 4 11
75 34 25 45
76 69 10 14
77 46 9 26
78 33 1 2
79 48 11 18
80 7 5 8
81 43 2 7
82 22 15 32
83 2 6 16
84 24 21 32
85 50 20 27
86 46 14 19
87 27 6 15
88 1 30 33
89 40 15 32
90 6 9 23
91 40 30 38
92 49 2 13
93 71 26 39
94 3 21 33
95 15 32 41
96 53 5 19
97 43 1 9
98 45 14 33
99 42 16 21
100 24 22 32
101 3 21 23
102 33 26 46
103 14 24 34
104 37 3 23
105 0 30 40
106 67 12 25
107 0 18 26
108 13 11 30
109 54 31 49
110 50 12 15
111 31 29 41
112 3 26 37
113 41 21 37
114 42 28 37
115 66 5 15
116 56 16 16
117 56 33 33
118 70 12 22
119 12 21 34
120 71 2 20
121 45 11 26
122 4 33 34
123 63 12 17
124 0 28 42
125 62 3 13
126 27 11 13
127 70 5 11
128 20 11 11
129 68 7 17
130 39 20 25
131 60 17 34
132 61 5 15
133 18 29 43
134 14 4 8
135 53 32 41
136 45 20 30
137 36 30 32
138 71 15 17
139 30 13 27
140 39 2 12
141 70 2 12
142 6 12 24
143 14 2 6
144 27 31 47
145 40 10 17
146 51 29 39
147 69 31 49
148 5 29 33
149 67 33 51
150 5 21 28
151 39 1 5
152 66 20 27
153 22 30 30
154 39 18 30
155 44 20 25
156 35 5 11
157 30 27 39
158 61 14 20
159 22 20 30
160 25 17 28
161 20 0 18
162 55 26 29
163 38 13 22
164 39 2 14
165 48 11 22
166 64 33 37
167 36 14 29
168 32 24 40
169 23 30 47
170 32 28 40
171 46 4 12
172 38 13 19
173 21 7 25
174 53 27 29
175 54 18 24
176 35 1 17
177 39 18 24
178 7 5 19
179 2 9 19
180 8 29 38
181 17 21 23
182 22 30 30
183 37 17 26
184 17 32 47
185 61 20 28
186 70 8 18
187 56 11 31
188 51 7 16
189 35 22 33
190 41 21 21
191 49 25 26
192 13 22 37
193 36 29 34
194 68 9 23
195 33 8 20
196 2 0 12
197 12 13 19
198 45 7 7
199 22 15 30
200 4 23 42
201 7 31 35
202 71 23 39
203 69 13 19
204 27 14 20
205 66 8 16
206 10 0 3
207 25 29 39
208 51 33 35
209 12 24 26
210 4 31 36
211 34 23 36
212 1 3 14
213 10 16 18
214 64 22 27
215 45 19 33
216 55 21 35
217 22 19 35
218 44 5 15
219 30 17 25
220 17 4 24
221 25 25 41
222 58 33 45
223 23 4 16
224 37 20 32
225 35 15 30
226 69 8 12
227 14 3 13
228 62 14 28
229 12 5 11
230 25 19 25
231 65 27 46
232 35 32 40
233 22 11 11
234 22 28 42
235 64 6 10
236 31 15 19
237 13 32 34
238 37 28 46
239 39 33 33
240 2 12 22
241 53 18 21
242 28 17 37
243 63 24 44
244 43 31 47
245 71 30 35
246 26 18 38
247 35 17 36
248 66 9 25
249 24 5 16
250 23 31 36
251 2 18 34
252 34 32 42
253 5 8 27
254 14 14 31
255 29 12 13
256 59 1 15
257 16 18 36
258 23 13 18
259 55 24 37
260 70 26 26
261 24 10 22
262 43 14 33
263 48 9 27
264 41 10 24
265 8 14 21
266 52 16 17
267 20 18 18
268 16 20 28
269 48 27 36
270 29 27 33
271 63 33 41
272 36 28 31
273 19 17 21
274 17 20 30
275 24 3 19
276 8 6 7
277 45 29 37
278 32 30 39
279 13 30 40
280 41 8 26
281 65 0 16
282 9 5 25
283 1 19 29
284 46 8 21
285 23 15 16
286 60 17 33
287 5 24 36
288 38 19 36
289 14 1 2
290 44 24 39
291 17 29 39
292 35 23 35
293 32 18 26
294 58 19 31
295 3 33 47
296 58 0 12
297 60 10 25
298 29 26 42
299 50 8 13
300 64 13 20
301 38 5 11
302 4 7 9
303 0 3 4
304 40 23 41
305 30 0 20
306 33 28 33
307 16 29 44
308 27 11 19
309 57 7 22
310 39 31 48
311 71 29 36
312 34 27 27
313 36 22 42
314 5 12 28
315 54 7 26
316 35 30 46
317 44 14 32
318 23 13 25
319 55 3 6
320 57 9 22
321 7 6 20
322 10 19 25
323 1 18 37
324 60 0 10
325 54 5 25
326 30 21 36
327 67 0 17
328 44 30 33
329 56 18 27
330 10 9 28
331 56 17 17
332 27 20 39
333 1 30 42
334 44 16 33
335 7 21 37
336 67 13 28
337 2 19 22
338 5 23 23
339 9 21 28
340 49 4 24
341 32 28 44
342 70 6 8
343 37 25 36
344 21 0 3
345 37 5 7
346 70 11 18
347 27 19 32
348 10 21 30
349 45 20 37
350 3 30 45
351 48 23 41
352 12 4 19
353 45 21 35
354 54 25 36
355 17 26 46
356 7 7 26
357 10 6 20
358 47 8 14
359 14 27 31
360 8 33 46
361 35 0 12
362 48 13 25
363 30 19 27
364 13 9 14
365 44 33 45
366 62 6 9
367 27 4 21
368 53 24 27
369 48 23 30
370 28 10 23
371 38 33 41
372 55 2 18
373 51 1 11
374 54 12 16
375 28 30 37
376 18 4 10
377 8 26 26
378 61 19 30
379 11 16 35
380 12 26 29
381 32 10 17
382 59 7 26
383 54 31 32
384 33 28 36
385 34 18 23
386 8 23 24
387 68 3 6
388 15 4 16
389 64 32 37
390 50 8 18
391 21 15 15
392 35 18 37
393 2 31 31
394 48 19 39
395 37 11 18
396 3 5 11
397 3 29 33
398 70 22 29
399 24 28 34
400 23 26 29
401 60 15 33
402 22 12 27
403 48 16 19
404 51 11 29
405 65 29 32
406 39 30 38
407 42 13 33
408 1 0 9
