1 39 78 91
2 71 95 109
3 64 53 60
4 9 58 70
5 33 81 97
6 70 43 59
7 38 9 29
8 14 5 23
9 2 7 25
10 56 28 46
11 64 69 80
12 31 83 102
13 66 55 68
14 14 73 85
15 50 29 35
16 60 51 55
17 13 48 62
18 56 34 48
19 61 6 25
20 41 50 68
21 44 51 57
22 41 16 25
23 6 90 107
24 17 1 20
25 22 33 46
26 33 92 104
27 63 58 63
28 59 13 14
29 0 59 78
30 1 95 109
31 48 3 9
32 57 92 93
33 20 48 55
34 6 96 105
35 60 61 76
36 12 10 21
37 25 4 15
38 54 73 91
39 55 36 49
40 35 90 109
41 4 34 54
42 37 85 93
43 41 62 77
44 52 68 77
45 24 48 50
46 59 15 15
47 64 45 56
48 20 93 113
49 60 51 65
50 71 45 58
51 54 56 58
52 46 76 88
53 27 54 68
54 71 67 70
55 16 95 105
56 53 14 31
57 39 55 70
58 21 96 107
59 10 68 73
60 44 46 53
61 30 78 84
62 32 46 54
63 45 10 25
64 61 17 25
65 8 3 15
66 57 69 89
67 66 84 100
68 34 19 36
69 45 69 71
70 54 0 14
71 3 7 27
72 40 94 105
73 30 7 26
74 20 42 56
75 64 68 77
76 62 90 91
77 37 9 17
78 41 32 33
79 61 82 85
80 52 69 71
81 61 58 60
82 45 42 55
83 11 5 7
84 30 6 11
85 24 34 38
86 58 1 1
87 22 40 54
88 28 38 58
89 41 14 30
90 39 70 77
91 51 4 18
92 40 52 67
93 63 45 61
94 38 35 35
95 20 54 62
96 57 53 63
97 58 6 25
98 2 12 32
99 20 8 15
100 52 71 79
101 63 11 17
102 40 58 60
103 65 91 107
104 19 60 67
105 67 57 68
106 9 24 38
107 42 62 78
108 54 56 65
109 58 8 22
110 9 23 38
111 0 4 22
112 36 28 47
113 28 43 55
114 1 52 59
115 15 75 75
116 43 75 83
117 10 33 40
118 64 78 81
119 1 17 20
120 5 30 40
121 27 31 42
122 20 71 82
123 71 37 51
124 51 24 40
125 33 68 72
126 48 14 33
127 7 12 20
128 54 86 94
129 68 73 73
130 15 33 44
131 5 47 61
132 35 81 101
133 31 81 100
134 19 72 74
135 23 23 36
136 43 91 104
137 33 46 51
138 3 83 93
139 24 56 63
140 24 36 52
141 31 33 47
142 49 43 61
143 8 45 54
144 59 32 52
145 36 94 95
146 68 91 94
147 42 53 60
148 69 86 93
149 49 60 77
150 21 32 47
151 27 25 33
152 29 49 50
153 37 6 12
154 15 29 41
155 18 54 57
156 48 71 76
157 46 54 54
158 41 65 75
159 12 23 24
160 62 1 17
161 46 95 96
162 60 65 85
163 51 76 78
164 57 83 100
165 65 44 53
166 58 41 53
167 64 71 87
168 50 27 28
169 21 18 28
170 54 39 54
171 1 96 114
172 32 93 93
173 46 86 100
174 55 26 36
175 49 28 32
176 23 80 80
177 31 15 31
178 12 23 30
179 40 37 57
180 48 29 43
181 40 56 60
182 64 12 13
183 2 94 112
184 29 8 19
185 60 91 98
186 21 19 37
187 41 3 17
188 15 72 90
189 45 56 70
190 58 33 41
191 8 20 25
192 28 42 61
193 2 5 12
194 60 94 95
195 57 7 7
196 45 9 11
197 15 26 26
198 34 40 49
199 9 58 70
200 41 3 19
201 39 80 98
202 8 65 68
203 15 92 99
204 58 69 78
205 19 0 14
206 1 18 19
207 10 95 97
208 35 90 96
209 4 82 95
210 10 54 56
211 63 60 75
212 45 3 7
213 7 49 51
214 23 91 111
215 28 88 97
216 6 54 67
217 52 79 97
218 33 48 58
219 70 37 41
220 61 30 40
221 65 6 26
222 12 61 61
223 59 3 8
224 50 50 58
225 55 37 55
226 5 69 82
227 21 91 107
228 16 26 45
229 32 61 76
230 32 44 48
231 18 48 51
232 20 15 18
233 32 57 77
234 30 96 96
235 66 54 69
236 4 3 5
237 66 88 91
238 59 33 47
239 64 79 79
240 57 73 84
241 49 3 20
242 59 96 104
243 27 24 40
244 9 47 62
245 69 77 88
246 52 90 104
247 28 74 84
248 19 64 65
249 3 59 64
250 28 55 65
251 42 35 36
252 23 57 74
253 21 58 72
254 21 70 75
255 46 13 29
256 28 57 73
257 68 75 88
258 28 54 74
259 55 60 76
260 68 3 12
261 28 22 38
262 65 14 21
263 45 75 94
264 26 10 16
265 60 29 46
266 53 23 35
267 28 22 25
268 61 13 24
269 4 51 70
270 17 68 75
271 10 14 32
272 3 0 13
273 8 94 108
274 10 44 54
275 52 30 34
276 3 15 20
277 2 30 36
278 55 20 33
279 34 23 34
280 19 62 75
281 40 57 58
282 1 72 91
283 42 29 30
284 48 75 94
285 46 26 41
286 51 10 30
287 63 32 49
288 47 5 24
289 59 78 97
290 28 8 17
291 10 84 86
292 64 15 31
293 61 42 47
294 11 69 71
295 66 29 30
296 37 84 101
297 32 39 56
298 30 22 40
299 3 51 66
300 14 87 94
301 15 78 93
302 30 73 81
303 22 49 53
304 59 94 103
305 2 29 41
306 42 58 67
307 34 38 44
308 5 31 51
309 42 57 58
310 32 69 74
311 68 63 72
312 21 7 15
313 32 91 106
314 25 14 27
315 29 12 29
316 46 62 73
317 28 8 8
318 12 46 46
319 29 62 64
320 47 54 54
321 30 31 50
322 58 72 72
323 12 45 63
324 43 39 57
325 59 51 63
326 51 92 100
327 50 0 1
328 66 70 88
329 42 74 88
330 53 7 20
331 57 79 91
332 67 72 81
333 42 68 87
334 69 29 45
335 68 51 61
336 14 55 72
337 70 27 37
338 68 36 48
339 5 3 12
340 26 53 66
341 19 73 86
342 69 67 70
343 17 18 31
344 26 39 48
345 11 20 28
346 4 90 91
347 22 69 71
348 19 26 32
349 57 18 25
350 56 46 58
351 26 70 74
352 8 41 52
353 29 51 56
354 59 85 102
355 39 33 49
356 8 63 63
357 33 18 32
358 48 71 90
359 22 39 46
360 53 16 24
361 32 34 52
362 19 24 33
363 66 41 48
364 28 53 68
365 3 46 50
366 28 14 30
367 24 90 93
368 32 26 31
369 53 94 107
370 50 9 19
371 31 65 65
372 4 16 16
373 68 86 92
374 41 91 97
375 62 13 19
376 58 58 60
377 20 44 60
378 59 62 69
379 28 26 44
380 58 54 73
381 56 11 28
382 55 41 55
383 20 29 35
384 46 40 56
385 14 56 61
386 1 7 23
387 53 44 50
388 25 2 13
389 8 26 37
390 57 62 74
391 60 33 44
392 27 30 46
393 26 45 51
394 35 93 105
395 11 93 104
396 18 95 107
397 54 69 79
398 21 32 32
399 26 34 34
400 66 69 88
401 48 14 24
402 57 87 101
403 42 49 49
404 34 41 57
405 20 6 11
406 39 68 88
407 67 40 45
408 68 21 31
409 25 10 20
410 49 69 76
411 13 22 41
412 57 72 78
413 42 15 27
414 34 6 9
415 25 36 49
416 2 89 94
417 58 41 56
418 44 57 57
419 66 83 87
420 43 51 56
421 68 9 14
422 42 12 29
423 25 79 97
424 23 65 71
425 63 44 48
426 51 15 15
427 56 84 91
428 66 10 26
429 1 5 13
430 12 88 96
431 55 16 36
432 26 48 66
433 63 58 67
434 44 94 103
435 11 25 30
436 41 25 32
437 10 13 23
438 22 53 73
439 41 33 36
440 0 44 57
441 42 2 20
442 22 48 51
443 59 77 88
444 6 94 98
445 11 40 59
446 69 59 69
447 11 72 92
448 50 90 100
449 39 17 27
450 68 24 25
451 47 85 90
452 69 64 83
453 14 76 90
454 5 89 97
455 40 25 33
456 28 14 18
457 36 6 9
458 65 79 81
459 52 49 57
460 48 49 49
461 28 54 74
462 51 85 94
463 2 8 12
464 61 58 68
465 54 86 95
466 63 59 79
467 0 22 31
468 36 77 95
469 53 15 28
470 4 89 101
471 60 69 89
472 15 41 51
473 13 15 16
474 44 44 64
475 6 42 48
476 67 40 43
477 28 69 80
478 58 31 40
479 10 24 38
480 39 2 17
481 26 67 86
482 29 72 82
483 67 67 69
484 42 90 100
485 54 31 51
486 20 45 59
487 30 41 41
488 57 61 71
489 28 77 77
490 4 65 76
491 28 46 63
492 11 76 92
493 16 83 101
494 18 44 63
495 40 48 54
496 27 59 67
497 68 63 76
498 10 34 48
499 27 87 88
500 21 80 99
501 42 73 77
