1 21 83 89
2 11 23 40
3 32 25 37
4 2 5 15
5 49 33 47
6 47 21 23
7 25 24 26
8 30 47 53
9 21 21 23
10 17 36 55
11 43 15 27
12 12 18 37
13 50 80 88
14 43 74 79
15 1 50 54
16 23 63 80
17 14 15 35
18 33 60 72
19 5 75 92
20 12 19 20
21 39 65 77
22 51 80 95
23 4 35 38
24 36 15 19
25 9 15 29
26 42 57 64
27 23 73 79
28 2 67 77
29 1 59 77
30 20 25 27
31 42 48 61
32 27 18 26
33 35 4 10
34 1 74 81
35 10 20 25
36 5 49 67
37 51 56 64
38 30 73 92
39 15 78 86
40 49 36 49
41 28 5 25
42 25 47 48
43 5 78 88
44 46 37 56
45 20 1 13
46 13 60 64
47 51 41 45
48 15 31 39
49 42 65 66
50 6 39 57
51 47 11 25
52 23 44 63
53 4 11 28
54 47 7 26
55 9 83 98
56 31 9 13
57 33 11 23
58 28 79 80
59 34 80 97
60 29 49 55
61 14 55 69
62 38 13 31
63 38 62 80
64 16 38 45
65 22 79 95
66 5 76 95
67 24 48 62
68 24 8 16
69 11 63 63
70 17 26 31
71 7 71 77
72 40 12 21
73 27 33 45
74 39 55 58
75 39 22 37
76 25 80 81
77 41 36 52
78 35 29 29
79 10 66 71
80 4 35 49
81 31 62 76
82 14 18 28
83 14 79 89
84 0 39 42
85 4 59 66
86 9 58 78
87 16 4 24
88 34 83 95
89 45 38 40
90 6 2 16
91 34 59 72
92 11 3 9
93 11 37 45
94 39 19 29
95 34 43 52
96 16 18 26
97 3 64 78
98 12 6 24
99 0 58 63
100 8 63 79
101 33 40 57
102 47 28 40
103 45 81 81
104 14 55 71
105 43 44 53
106 2 58 72
107 42 2 6
108 51 28 47
109 38 21 34
110 51 83 88
111 50 70 90
112 16 58 58
113 25 10 16
114 6 80 91
115 39 51 57
116 22 11 23
117 33 32 40
118 5 76 93
119 6 47 51
120 12 55 64
121 47 81 90
122 50 65 67
123 15 28 31
124 19 49 63
125 0 11 16
126 8 82 89
127 51 38 42
128 3 37 51
129 11 64 83
130 17 24 43
131 45 36 36
132 12 61 63
133 27 17 22
134 4 35 39
135 15 79 97
136 30 72 78
137 31 68 87
138 45 2 11
139 31 45 45
140 16 21 30
141 43 66 66
142 50 3 20
143 46 23 31
144 50 13 21
145 20 59 72
146 19 41 55
147 51 16 16
148 11 30 34
149 36 68 80
150 38 8 17
151 16 1 6
152 37 11 16
153 44 63 67
154 5 42 47
155 20 1 13
156 8 37 55
157 7 40 42
158 33 26 36
159 9 73 78
160 44 19 35
161 46 6 26
162 33 35 38
163 47 29 40
164 34 33 34
165 43 20 20
166 2 78 93
167 2 43 53
168 2 29 49
169 23 19 29
170 8 77 89
171 28 64 80
172 40 71 75
173 2 2 14
174 5 34 46
175 2 81 95
176 46 78 86
177 26 77 86
178 50 38 49
179 49 10 25
180 27 16 26
181 20 4 7
182 24 72 75
183 13 55 56
184 47 57 63
185 34 23 29
186 49 56 65
187 20 25 40
188 0 33 33
189 43 43 57
190 18 71 87
191 18 77 80
192 3 34 46
193 36 14 16
194 27 55 60
195 11 15 31
196 18 57 74
197 9 7 12
198 4 42 45
199 11 55 64
200 4 42 50
201 26 14 32
202 40 4 5
203 50 70 80
204 14 28 30
205 14 70 89
206 51 56 67
207 46 69 86
208 19 59 67
209 29 20 27
210 28 67 77
211 15 1 12
212 1 76 87
213 0 62 81
214 36 54 74
215 5 47 64
216 23 30 33
217 38 77 78
218 30 15 26
219 37 63 82
220 39 46 57
221 2 79 84
222 5 83 97
223 2 66 84
224 30 47 55
225 39 25 26
226 14 71 76
227 24 77 82
228 49 65 71
229 15 37 44
230 45 23 40
231 48 42 59
232 48 49 63
233 42 59 70
234 44 6 17
235 36 76 80
236 46 50 70
237 7 52 65
238 3 81 86
239 45 11 22
240 16 24 36
241 16 71 83
242 32 59 69
243 41 47 65
244 15 1 7
245 12 53 61
246 13 9 14
247 25 19 20
248 24 2 17
249 32 58 60
250 13 18 38
251 49 3 8
252 1 11 13
253 14 42 42
254 28 10 18
255 14 29 31
256 45 15 32
257 40 28 34
258 48 51 52
259 40 8 21
260 43 27 30
261 7 78 80
262 6 66 66
263 19 56 64
264 9 26 36
265 15 0 20
266 4 49 58
267 39 54 54
268 46 77 81
269 48 39 57
270 15 77 80
271 0 69 88
272 4 38 45
273 44 70 70
274 27 57 59
275 41 0 5
276 33 62 65
277 3 29 44
278 27 9 23
279 9 72 88
280 50 60 71
281 22 2 8
282 42 75 83
283 41 69 81
284 50 4 15
285 26 17 19
286 0 41 52
287 43 15 15
288 11 66 83
289 32 77 78
290 36 76 93
291 6 5 16
292 37 74 77
293 5 68 82
294 31 28 35
295 15 21 36
296 17 70 73
297 35 30 37
298 41 26 39
299 2 40 52
300 41 5 24
301 26 22 27
302 36 38 50
303 49 0 14
304 30 1 5
305 40 14 15
306 8 11 15
307 50 79 94
308 41 55 66
309 45 47 62
310 20 43 58
311 21 53 68
312 34 14 34
313 9 18 27
314 34 12 30
315 0 43 45
316 26 42 57
317 41 30 42
318 30 10 22
319 10 46 58
320 25 12 15
321 0 2 4
322 29 72 81
323 47 34 52
324 47 55 61
325 3 82 83
326 39 56 74
327 16 75 94
328 46 27 38
329 22 80 96
330 3 27 34
331 31 17 28
332 30 4 24
333 8 81 101
334 21 41 48
335 22 26 46
336 25 43 52
337 16 42 53
338 37 73 73
339 8 58 67
340 31 46 63
341 8 52 65
342 34 54 73
343 34 78 95
344 41 5 12
